7.139351E-12,4.659290E+4
3.472222E-2,4.680076E+4
6.944444E-2,4.700861E+4
1.041667E-1,4.721647E+4
1.388889E-1,4.742433E+4
1.736111E-1,4.763219E+4
2.083333E-1,4.784005E+4
2.430556E-1,4.804791E+4
2.777778E-1,4.825576E+4
3.125000E-1,4.846362E+4
3.472222E-1,4.867148E+4
3.819444E-1,4.887934E+4
4.166667E-1,4.908720E+4
4.513889E-1,4.929506E+4
4.861111E-1,4.950291E+4
5.208333E-1,4.971077E+4
5.555556E-1,4.991863E+4
5.902778E-1,5.012649E+4
6.250000E-1,5.033435E+4
6.597222E-1,5.054220E+4
6.944444E-1,5.075006E+4
7.291667E-1,5.095792E+4
7.638889E-1,5.116578E+4
7.986111E-1,5.137364E+4
8.333333E-1,5.158150E+4
8.680556E-1,5.178935E+4
9.027778E-1,5.199721E+4
9.375000E-1,5.220507E+4
9.722222E-1,5.241293E+4
1.006944E+0,5.262079E+4
1.041667E+0,5.282865E+4
1.076389E+0,5.303650E+4
1.111111E+0,5.324436E+4
1.145833E+0,5.345222E+4
1.180556E+0,5.366008E+4
1.215278E+0,5.386794E+4
1.250000E+0,5.407580E+4
1.284722E+0,5.428365E+4
1.319444E+0,5.449151E+4
1.354167E+0,5.469937E+4
1.388889E+0,5.490723E+4
1.423611E+0,5.511509E+4
1.458333E+0,5.532294E+4
1.493056E+0,5.553080E+4
1.527778E+0,5.573866E+4
1.562500E+0,5.594652E+4
1.597222E+0,5.615438E+4
1.631944E+0,5.636224E+4
1.666667E+0,5.657009E+4
1.701389E+0,5.677795E+4
1.736111E+0,5.698581E+4
1.770833E+0,5.719367E+4
1.805556E+0,5.740153E+4
1.840278E+0,5.760939E+4
1.875000E+0,5.781724E+4
1.909722E+0,5.802510E+4
1.944444E+0,5.823296E+4
1.979167E+0,5.844082E+4
2.013889E+0,5.864868E+4
2.048611E+0,5.885654E+4
2.083333E+0,5.906439E+4
2.118056E+0,5.927225E+4
2.152778E+0,5.948011E+4
2.187500E+0,5.968797E+4
2.222222E+0,5.989583E+4
2.256944E+0,6.010368E+4
2.291667E+0,6.031154E+4
2.326389E+0,6.051940E+4
2.361111E+0,6.072726E+4
2.395833E+0,6.093512E+4
2.430556E+0,6.114298E+4
2.465278E+0,6.135083E+4
2.500000E+0,6.155869E+4
2.534722E+0,6.176655E+4
2.569444E+0,6.197441E+4
2.604167E+0,6.218227E+4
2.638889E+0,6.239013E+4
2.673611E+0,6.259798E+4
2.708333E+0,6.280584E+4
2.743056E+0,6.301370E+4
2.777778E+0,6.322156E+4
2.812500E+0,6.342942E+4
2.847222E+0,6.363727E+4
2.881944E+0,6.384513E+4
2.916667E+0,6.405299E+4
2.951389E+0,6.426085E+4
2.986111E+0,6.446871E+4
3.020833E+0,6.467657E+4
3.055556E+0,6.488442E+4
3.090278E+0,6.509228E+4
3.125000E+0,6.530014E+4
3.159722E+0,6.550800E+4
3.194444E+0,6.571586E+4
3.229167E+0,6.592372E+4
3.263889E+0,6.613157E+4
3.298611E+0,6.633943E+4
3.333333E+0,6.654729E+4
3.368056E+0,6.675515E+4
3.402778E+0,6.696301E+4
3.437500E+0,6.717087E+4
3.472222E+0,6.737872E+4
3.506944E+0,6.758658E+4
3.541667E+0,6.779444E+4
3.576389E+0,6.800230E+4
3.611111E+0,6.821016E+4
3.645833E+0,6.841801E+4
3.680556E+0,6.862587E+4
3.715278E+0,6.883373E+4
3.750000E+0,6.904159E+4
3.784722E+0,6.924945E+4
3.819444E+0,6.945731E+4
3.854167E+0,6.966516E+4
3.888889E+0,6.987302E+4
3.923611E+0,7.008088E+4
3.958333E+0,7.028874E+4
3.993056E+0,7.049660E+4
4.027778E+0,7.070446E+4
4.062500E+0,7.091231E+4
4.097222E+0,7.112017E+4
4.131944E+0,7.132803E+4
4.166667E+0,7.153589E+4
4.201389E+0,7.174375E+4
4.236111E+0,7.195161E+4
4.270833E+0,7.215946E+4
4.305556E+0,7.236732E+4
4.340278E+0,7.257518E+4
4.375000E+0,7.278304E+4
4.409722E+0,7.299090E+4
4.444444E+0,7.319875E+4
4.479167E+0,7.340661E+4
4.513889E+0,7.361447E+4
4.548611E+0,7.382233E+4
4.583333E+0,7.403019E+4
4.618056E+0,7.423805E+4
4.652778E+0,7.444590E+4
4.687500E+0,7.465376E+4
4.722222E+0,7.486162E+4
4.756944E+0,7.506948E+4
4.791667E+0,7.527734E+4
4.826389E+0,7.548520E+4
4.861111E+0,7.569305E+4
4.895833E+0,7.590091E+4
4.930556E+0,7.610877E+4
4.965278E+0,7.631663E+4
5.000000E+0,7.652449E+4
5.034722E+0,7.673235E+4
5.069444E+0,7.694020E+4
5.104167E+0,7.714806E+4
5.138889E+0,7.735592E+4
5.173611E+0,7.756378E+4
5.208333E+0,7.777164E+4
5.243056E+0,7.797950E+4
5.277778E+0,7.818735E+4
5.312500E+0,7.839521E+4
5.347222E+0,7.860307E+4
5.381944E+0,7.881093E+4
5.416667E+0,7.901879E+4
5.451389E+0,7.922664E+4
5.486111E+0,7.943450E+4
5.520833E+0,7.964236E+4
5.555556E+0,7.985022E+4
5.590278E+0,8.005808E+4
5.625000E+0,8.026594E+4
5.659722E+0,8.047379E+4
5.694444E+0,8.068165E+4
5.729167E+0,8.088951E+4
5.763889E+0,8.109737E+4
5.798611E+0,8.130523E+4
5.833333E+0,8.151308E+4
5.868056E+0,8.172094E+4
5.902778E+0,8.192880E+4
5.937500E+0,8.213666E+4
5.972222E+0,8.234452E+4
6.006944E+0,8.255238E+4
6.041667E+0,8.276023E+4
6.076389E+0,8.296809E+4
6.111111E+0,8.317595E+4
6.145833E+0,8.338381E+4
6.180556E+0,8.359167E+4
6.215278E+0,8.379953E+4
6.250000E+0,8.400738E+4
6.284722E+0,8.421524E+4
6.319444E+0,8.442310E+4
6.354167E+0,8.463096E+4
6.388889E+0,8.483882E+4
6.423611E+0,8.504668E+4
6.458333E+0,8.525453E+4
6.493056E+0,8.546239E+4
6.527778E+0,8.567025E+4
6.562500E+0,8.587811E+4
6.597222E+0,8.608597E+4
6.631944E+0,8.629382E+4
6.666667E+0,8.650168E+4
6.701389E+0,8.670954E+4
6.736111E+0,8.691740E+4
6.770833E+0,8.712526E+4
6.805556E+0,8.733312E+4
6.840278E+0,8.754097E+4
6.875000E+0,8.774883E+4
6.909722E+0,8.795669E+4
6.944444E+0,8.816455E+4
6.979167E+0,8.837241E+4
7.013889E+0,8.851924E+4
7.048611E+0,8.861451E+4
7.083333E+0,8.870978E+4
7.118056E+0,8.880505E+4
7.152778E+0,8.890031E+4
7.187500E+0,8.899558E+4
7.222222E+0,8.909085E+4
7.256944E+0,8.918612E+4
7.291667E+0,8.928138E+4
7.326389E+0,8.937665E+4
7.361111E+0,8.947192E+4
7.395833E+0,8.956719E+4
7.430556E+0,8.966245E+4
7.465278E+0,8.975772E+4
7.500000E+0,8.985299E+4
7.534722E+0,8.994826E+4
7.569444E+0,9.004352E+4
7.604167E+0,9.013879E+4
7.638889E+0,9.023406E+4
7.673611E+0,9.032933E+4
7.708333E+0,9.042459E+4
7.743056E+0,9.051986E+4
7.777778E+0,9.061513E+4
7.812500E+0,9.071040E+4
7.847222E+0,9.080566E+4
7.881944E+0,9.090093E+4
7.916667E+0,9.099620E+4
7.951389E+0,9.109147E+4
7.986111E+0,9.118673E+4
8.020833E+0,9.128200E+4
8.055556E+0,9.137727E+4
8.090278E+0,9.147254E+4
8.125000E+0,9.156780E+4
8.159722E+0,9.166307E+4
8.194444E+0,9.175834E+4
8.229167E+0,9.185360E+4
8.263889E+0,9.194887E+4
8.298611E+0,9.204414E+4
8.333333E+0,9.213941E+4
8.368056E+0,9.223467E+4
8.402778E+0,9.232994E+4
8.437500E+0,9.242521E+4
8.472222E+0,9.252048E+4
8.506944E+0,9.261574E+4
8.541667E+0,9.271101E+4
8.576389E+0,9.280628E+4
8.611111E+0,9.290155E+4
8.645833E+0,9.299681E+4
8.680556E+0,9.309208E+4
8.715278E+0,9.318735E+4
8.750000E+0,9.328262E+4
8.784722E+0,9.337788E+4
8.819444E+0,9.347315E+4
8.854167E+0,9.356842E+4
8.888889E+0,9.366369E+4
8.923611E+0,9.375895E+4
8.958333E+0,9.385422E+4
8.993056E+0,9.394949E+4
9.027778E+0,9.404476E+4
9.062500E+0,9.414002E+4
9.097222E+0,9.423529E+4
9.131944E+0,9.433056E+4
9.166667E+0,9.442583E+4
9.201389E+0,9.452109E+4
9.236111E+0,9.461636E+4
9.270833E+0,9.471163E+4
9.305556E+0,9.480690E+4
9.340278E+0,9.490216E+4
9.375000E+0,9.499743E+4
9.409722E+0,9.509270E+4
9.444444E+0,9.518797E+4
9.479167E+0,9.528323E+4
9.513889E+0,9.537850E+4
9.548611E+0,9.547377E+4
9.583333E+0,9.556904E+4
9.618056E+0,9.566430E+4
9.652778E+0,9.575957E+4
9.687500E+0,9.585484E+4
9.722222E+0,9.595011E+4
9.756944E+0,9.604537E+4
9.791667E+0,9.614064E+4
9.826389E+0,9.623591E+4
9.861111E+0,9.633118E+4
9.895833E+0,9.642644E+4
9.930556E+0,9.652171E+4
9.965278E+0,9.661698E+4
1.000000E+1,9.671225E+4
1.003472E+1,9.680751E+4
1.006944E+1,9.690278E+4
1.010417E+1,9.699805E+4
1.013889E+1,9.709332E+4
1.017361E+1,9.718858E+4
1.020833E+1,9.728385E+4
1.024306E+1,9.737912E+4
1.027778E+1,9.747439E+4
1.031250E+1,9.756965E+4
1.034722E+1,9.766492E+4
1.038194E+1,9.776019E+4
1.041667E+1,9.785546E+4
1.045139E+1,9.795072E+4
1.048611E+1,9.804599E+4
1.052083E+1,9.814126E+4
1.055556E+1,9.823653E+4
1.059028E+1,9.833179E+4
1.062500E+1,9.842706E+4
1.065972E+1,9.852233E+4
1.069444E+1,9.861759E+4
1.072917E+1,9.871286E+4
1.076389E+1,9.880813E+4
1.079861E+1,9.890340E+4
1.083333E+1,9.899866E+4
1.086806E+1,9.909393E+4
1.090278E+1,9.918920E+4
1.093750E+1,9.928447E+4
1.097222E+1,9.937973E+4
1.100694E+1,9.947500E+4
1.104167E+1,9.957027E+4
1.107639E+1,9.966554E+4
1.111111E+1,9.976080E+4
1.114583E+1,9.985607E+4
1.118056E+1,9.995134E+4
1.121528E+1,1.000466E+5
1.125000E+1,1.001419E+5
1.128472E+1,1.002371E+5
1.131944E+1,1.003324E+5
1.135417E+1,1.004277E+5
1.138889E+1,1.005229E+5
1.142361E+1,1.006182E+5
1.145833E+1,1.006547E+5
1.149306E+1,1.006812E+5
1.152778E+1,1.007078E+5
1.156250E+1,1.007344E+5
1.159722E+1,1.007609E+5
1.163194E+1,1.007875E+5
1.166667E+1,1.008141E+5
1.170139E+1,1.008407E+5
1.173611E+1,1.008672E+5
1.177083E+1,1.008938E+5
1.180556E+1,1.009204E+5
1.184028E+1,1.009470E+5
1.187500E+1,1.009735E+5
1.190972E+1,1.010001E+5
1.194444E+1,1.010267E+5
1.197917E+1,1.010533E+5
1.201389E+1,1.010798E+5
1.204861E+1,1.011064E+5
1.208333E+1,1.011330E+5
1.211806E+1,1.011595E+5
1.215278E+1,1.011861E+5
1.218750E+1,1.012127E+5
1.222222E+1,1.012393E+5
1.225694E+1,1.012658E+5
1.229167E+1,1.012924E+5
1.232639E+1,1.013190E+5
1.236111E+1,1.013456E+5
1.239583E+1,1.013721E+5
1.243056E+1,1.013987E+5
1.246528E+1,1.014253E+5
1.250000E+1,1.014518E+5
1.253472E+1,1.014784E+5
1.256944E+1,1.015050E+5
1.260417E+1,1.015316E+5
1.263889E+1,1.015581E+5
1.267361E+1,1.015847E+5
1.270833E+1,1.016113E+5
1.274306E+1,1.016379E+5
1.277778E+1,1.016644E+5
1.281250E+1,1.016910E+5
1.284722E+1,1.017176E+5
1.288194E+1,1.017441E+5
1.291667E+1,1.017707E+5
1.295139E+1,1.017973E+5
1.298611E+1,1.018239E+5
1.302083E+1,1.018504E+5
1.305556E+1,1.018770E+5
1.309028E+1,1.019036E+5
1.312500E+1,1.019302E+5
1.315972E+1,1.019567E+5
1.319444E+1,1.019833E+5
1.322917E+1,1.020099E+5
1.326389E+1,1.020365E+5
1.329861E+1,1.020630E+5
1.333333E+1,1.020896E+5
1.336806E+1,1.021162E+5
1.340278E+1,1.021427E+5
1.343750E+1,1.021693E+5
1.347222E+1,1.021959E+5
1.350694E+1,1.022225E+5
1.354167E+1,1.022490E+5
1.357639E+1,1.022756E+5
1.361111E+1,1.023022E+5
1.364583E+1,1.023288E+5
1.368056E+1,1.023553E+5
1.371528E+1,1.023819E+5
1.375000E+1,1.024085E+5
1.378472E+1,1.024350E+5
1.381944E+1,1.024616E+5
1.385417E+1,1.024882E+5
1.388889E+1,1.025148E+5
1.392361E+1,1.025413E+5
1.395833E+1,1.025679E+5
1.399306E+1,1.025945E+5
1.402778E+1,1.026211E+5
1.406250E+1,1.026476E+5
1.409722E+1,1.026742E+5
1.413194E+1,1.027008E+5
1.416667E+1,1.027274E+5
1.420139E+1,1.027539E+5
1.423611E+1,1.027805E+5
1.427083E+1,1.028071E+5
1.430556E+1,1.028336E+5
1.434028E+1,1.028602E+5
1.437500E+1,1.028868E+5
1.440972E+1,1.029134E+5
1.444444E+1,1.029399E+5
1.447917E+1,1.029665E+5
1.451389E+1,1.029931E+5
1.454861E+1,1.030197E+5
1.458333E+1,1.030462E+5
1.461806E+1,1.030728E+5
1.465278E+1,1.030994E+5
1.468750E+1,1.031259E+5
1.472222E+1,1.031525E+5
1.475694E+1,1.031791E+5
1.479167E+1,1.032057E+5
1.482639E+1,1.032322E+5
1.486111E+1,1.032588E+5
1.489583E+1,1.032854E+5
1.493056E+1,1.033120E+5
1.496528E+1,1.033385E+5
1.500000E+1,1.033651E+5
1.503472E+1,1.033917E+5
1.506944E+1,1.034182E+5
1.510417E+1,1.034448E+5
1.513889E+1,1.034714E+5
1.517361E+1,1.034980E+5
1.520833E+1,1.035245E+5
1.524306E+1,1.035511E+5
1.527778E+1,1.035777E+5
1.531250E+1,1.036043E+5
1.534722E+1,1.036308E+5
1.538194E+1,1.036574E+5
1.541667E+1,1.036840E+5
1.545139E+1,1.037106E+5
1.548611E+1,1.037371E+5
1.552083E+1,1.037637E+5
1.555556E+1,1.037903E+5
1.559028E+1,1.038168E+5
1.562500E+1,1.038434E+5
1.565972E+1,1.038700E+5
1.569444E+1,1.038966E+5
1.572917E+1,1.039231E+5
1.576389E+1,1.039497E+5
1.579861E+1,1.039763E+5
1.583333E+1,1.040029E+5
1.586806E+1,1.040294E+5
1.590278E+1,1.040560E+5
1.593750E+1,1.040826E+5
1.597222E+1,1.041091E+5
1.600694E+1,1.041357E+5
1.604167E+1,1.041623E+5
1.607639E+1,1.041889E+5
1.611111E+1,1.042154E+5
1.614583E+1,1.042420E+5
1.618056E+1,1.042686E+5
1.621528E+1,1.042952E+5
1.625000E+1,1.043217E+5
1.628472E+1,1.043483E+5
1.631944E+1,1.043749E+5
1.635417E+1,1.044015E+5
1.638889E+1,1.044280E+5
1.642361E+1,1.044546E+5
1.645833E+1,1.044812E+5
1.649306E+1,1.045077E+5
1.652778E+1,1.045343E+5
1.656250E+1,1.045609E+5
1.659722E+1,1.045875E+5
1.663194E+1,1.046140E+5
1.666667E+1,1.046406E+5
1.670139E+1,1.046672E+5
1.673611E+1,1.046938E+5
1.677083E+1,1.047203E+5
1.680556E+1,1.047469E+5
1.684028E+1,1.047735E+5
1.687500E+1,1.048000E+5
1.690972E+1,1.048266E+5
1.694444E+1,1.048532E+5
1.697917E+1,1.048798E+5
1.701389E+1,1.049063E+5
1.704861E+1,1.049329E+5
1.708333E+1,1.049595E+5
1.711806E+1,1.049861E+5
1.715278E+1,1.050126E+5
1.718750E+1,1.050392E+5
1.722222E+1,1.050658E+5
1.725694E+1,1.050923E+5
1.729167E+1,1.051189E+5
1.732639E+1,1.051455E+5
1.736111E+1,1.051721E+5
1.739583E+1,1.051986E+5
1.743056E+1,1.052252E+5
1.746528E+1,1.052518E+5
1.750000E+1,1.052784E+5
1.753472E+1,1.053049E+5
1.756944E+1,1.053315E+5
1.760417E+1,1.053581E+5
1.763889E+1,1.053847E+5
1.767361E+1,1.054112E+5
1.770833E+1,1.054378E+5
1.774306E+1,1.054644E+5
1.777778E+1,1.054909E+5
1.781250E+1,1.055175E+5
1.784722E+1,1.055441E+5
1.788194E+1,1.055707E+5
1.791667E+1,1.055972E+5
1.795139E+1,1.056238E+5
1.798611E+1,1.056504E+5
1.802083E+1,1.056770E+5
1.805556E+1,1.057035E+5
1.809028E+1,1.057301E+5
1.812500E+1,1.057567E+5
1.815972E+1,1.057832E+5
1.819444E+1,1.058098E+5
1.822917E+1,1.058364E+5
1.826389E+1,1.058630E+5
1.829861E+1,1.058895E+5
1.833333E+1,1.059161E+5
1.836806E+1,1.059427E+5
1.840278E+1,1.059693E+5
1.843750E+1,1.059958E+5
1.847222E+1,1.060224E+5
1.850694E+1,1.060490E+5
1.854167E+1,1.060756E+5
1.857639E+1,1.061021E+5
1.861111E+1,1.061287E+5
1.864583E+1,1.061553E+5
1.868056E+1,1.061818E+5
1.871528E+1,1.062084E+5
1.875000E+1,1.062350E+5
1.878472E+1,1.062616E+5
1.881944E+1,1.062881E+5
1.885417E+1,1.063147E+5
1.888889E+1,1.063413E+5
1.892361E+1,1.063679E+5
1.895833E+1,1.063944E+5
1.899306E+1,1.064210E+5
1.902778E+1,1.064476E+5
1.906250E+1,1.064741E+5
1.909722E+1,1.065007E+5
1.913194E+1,1.065273E+5
1.916667E+1,1.065539E+5
1.920139E+1,1.065804E+5
1.923611E+1,1.066070E+5
1.927083E+1,1.066336E+5
1.930556E+1,1.066602E+5
1.934028E+1,1.066867E+5
1.937500E+1,1.067133E+5
1.940972E+1,1.067399E+5
1.944444E+1,1.067664E+5
1.947917E+1,1.067930E+5
1.951389E+1,1.068196E+5
1.954861E+1,1.068462E+5
1.958333E+1,1.068727E+5
1.961806E+1,1.068993E+5
1.965278E+1,1.069259E+5
1.968750E+1,1.069525E+5
1.972222E+1,1.069790E+5
1.975694E+1,1.070056E+5
1.979167E+1,1.070322E+5
1.982639E+1,1.070588E+5
1.986111E+1,1.070853E+5
1.989583E+1,1.071119E+5
1.993056E+1,1.071385E+5
1.996528E+1,1.071650E+5
2.000000E+1,1.071916E+5
2.003472E+1,1.072182E+5
2.006944E+1,1.072448E+5
2.010417E+1,1.072833E+5
2.013889E+1,1.073830E+5
2.017361E+1,1.074827E+5
2.020833E+1,1.075824E+5
2.024306E+1,1.076821E+5
2.027778E+1,1.077818E+5
2.031250E+1,1.078815E+5
2.034722E+1,1.079812E+5
2.038194E+1,1.080809E+5
2.041667E+1,1.081806E+5
2.045139E+1,1.082803E+5
2.048611E+1,1.083800E+5
2.052083E+1,1.084796E+5
2.055556E+1,1.085793E+5
2.059028E+1,1.086790E+5
2.062500E+1,1.087787E+5
2.065972E+1,1.088784E+5
2.069444E+1,1.089781E+5
2.072917E+1,1.090778E+5
2.076389E+1,1.091775E+5
2.079861E+1,1.092772E+5
2.083333E+1,1.093769E+5
2.086806E+1,1.094766E+5
2.090278E+1,1.095763E+5
2.093750E+1,1.096760E+5
2.097222E+1,1.097757E+5
2.100694E+1,1.098754E+5
2.104167E+1,1.099751E+5
2.107639E+1,1.100748E+5
2.111111E+1,1.101745E+5
2.114583E+1,1.102742E+5
2.118056E+1,1.103739E+5
2.121528E+1,1.104736E+5
2.125000E+1,1.105733E+5
2.128472E+1,1.106730E+5
2.131944E+1,1.107727E+5
2.135417E+1,1.108724E+5
2.138889E+1,1.109721E+5
2.142361E+1,1.110718E+5
2.145833E+1,1.111715E+5
2.149306E+1,1.112712E+5
2.152778E+1,1.113709E+5
2.156250E+1,1.114706E+5
2.159722E+1,1.115703E+5
2.163194E+1,1.116700E+5
2.166667E+1,1.117697E+5
2.170139E+1,1.118694E+5
2.173611E+1,1.119691E+5
2.177083E+1,1.120688E+5
2.180556E+1,1.121685E+5
2.184028E+1,1.122682E+5
2.187500E+1,1.123679E+5
2.190972E+1,1.124676E+5
2.194444E+1,1.125673E+5
2.197917E+1,1.126670E+5
2.201389E+1,1.127667E+5
2.204861E+1,1.128664E+5
2.208333E+1,1.129661E+5
2.211806E+1,1.130658E+5
2.215278E+1,1.131655E+5
2.218750E+1,1.132652E+5
2.222222E+1,1.133649E+5
2.225694E+1,1.134646E+5
2.229167E+1,1.135643E+5
2.232639E+1,1.136640E+5
2.236111E+1,1.137637E+5
2.239583E+1,1.138634E+5
2.243056E+1,1.139631E+5
2.246528E+1,1.140628E+5
2.250000E+1,1.141624E+5
2.253472E+1,1.142621E+5
2.256944E+1,1.143618E+5
2.260417E+1,1.144615E+5
2.263889E+1,1.145612E+5
2.267361E+1,1.146609E+5
2.270833E+1,1.147606E+5
2.274306E+1,1.148603E+5
2.277778E+1,1.149600E+5
2.281250E+1,1.150597E+5
2.284722E+1,1.151594E+5
2.288194E+1,1.152591E+5
2.291667E+1,1.153588E+5
2.295139E+1,1.154585E+5
2.298611E+1,1.155582E+5
2.302083E+1,1.156579E+5
2.305556E+1,1.157576E+5
2.309028E+1,1.158573E+5
2.312500E+1,1.159570E+5
2.315972E+1,1.160567E+5
2.319444E+1,1.161564E+5
2.322917E+1,1.162561E+5
2.326389E+1,1.163558E+5
2.329861E+1,1.164555E+5
2.333333E+1,1.165552E+5
2.336806E+1,1.166549E+5
2.340278E+1,1.167546E+5
2.343750E+1,1.168543E+5
2.347222E+1,1.169540E+5
2.350694E+1,1.170537E+5
2.354167E+1,1.171534E+5
2.357639E+1,1.172531E+5
2.361111E+1,1.173528E+5
2.364583E+1,1.174525E+5
2.368056E+1,1.175522E+5
2.371528E+1,1.176519E+5
2.375000E+1,1.177516E+5
2.378472E+1,1.178513E+5
2.381944E+1,1.179510E+5
2.385417E+1,1.180507E+5
2.388889E+1,1.181504E+5
2.392361E+1,1.182501E+5
2.395833E+1,1.183498E+5
2.399306E+1,1.184495E+5
2.402778E+1,1.185492E+5
2.406250E+1,1.186489E+5
2.409722E+1,1.187486E+5
2.413194E+1,1.188483E+5
2.416667E+1,1.189480E+5
2.420139E+1,1.190477E+5
2.423611E+1,1.191474E+5
2.427083E+1,1.192471E+5
2.430556E+1,1.193468E+5
2.434028E+1,1.194366E+5
2.437500E+1,1.194712E+5
2.440972E+1,1.195059E+5
2.444444E+1,1.195405E+5
2.447917E+1,1.195751E+5
2.451389E+1,1.196098E+5
2.454861E+1,1.196444E+5
2.458333E+1,1.196791E+5
2.461806E+1,1.197137E+5
2.465278E+1,1.197484E+5
2.468750E+1,1.197830E+5
2.472222E+1,1.198176E+5
2.475694E+1,1.198523E+5
2.479167E+1,1.198869E+5
2.482639E+1,1.199216E+5
2.486111E+1,1.199562E+5
2.489583E+1,1.199909E+5
2.493056E+1,1.200255E+5
2.496528E+1,1.200601E+5
2.500000E+1,1.200948E+5
2.503472E+1,1.201294E+5
2.506944E+1,1.201641E+5
2.510417E+1,1.201987E+5
2.513889E+1,1.202334E+5
2.517361E+1,1.202680E+5
2.520833E+1,1.203026E+5
2.524306E+1,1.203373E+5
2.527778E+1,1.203719E+5
2.531250E+1,1.204066E+5
2.534722E+1,1.204412E+5
2.538194E+1,1.204759E+5
2.541667E+1,1.205105E+5
2.545139E+1,1.205451E+5
2.548611E+1,1.205798E+5
2.552083E+1,1.206144E+5
2.555556E+1,1.206491E+5
2.559028E+1,1.206837E+5
2.562500E+1,1.207184E+5
2.565972E+1,1.207530E+5
2.569444E+1,1.207876E+5
2.572917E+1,1.208223E+5
2.576389E+1,1.208569E+5
2.579861E+1,1.208916E+5
2.583333E+1,1.209262E+5
2.586806E+1,1.209609E+5
2.590278E+1,1.209955E+5
2.593750E+1,1.210301E+5
2.597222E+1,1.210648E+5
2.600694E+1,1.210994E+5
2.604167E+1,1.211341E+5
2.607639E+1,1.211687E+5
2.611111E+1,1.212034E+5
2.614583E+1,1.212380E+5
2.618056E+1,1.212727E+5
2.621528E+1,1.213073E+5
2.625000E+1,1.213419E+5
2.628472E+1,1.213766E+5
2.631944E+1,1.214112E+5
2.635417E+1,1.214459E+5
2.638889E+1,1.214805E+5
2.642361E+1,1.215152E+5
2.645833E+1,1.215498E+5
2.649306E+1,1.215844E+5
2.652778E+1,1.216191E+5
2.656250E+1,1.216537E+5
2.659722E+1,1.216884E+5
2.663194E+1,1.217230E+5
2.666667E+1,1.217577E+5
2.670139E+1,1.217923E+5
2.673611E+1,1.218269E+5
2.677083E+1,1.218616E+5
2.680556E+1,1.218962E+5
2.684028E+1,1.219309E+5
2.687500E+1,1.219655E+5
2.690972E+1,1.220002E+5
2.694444E+1,1.220348E+5
2.697917E+1,1.220694E+5
2.701389E+1,1.221041E+5
2.704861E+1,1.221387E+5
2.708333E+1,1.221734E+5
2.711806E+1,1.222080E+5
2.715278E+1,1.222427E+5
2.718750E+1,1.222773E+5
2.722222E+1,1.223119E+5
2.725694E+1,1.223466E+5
2.729167E+1,1.223812E+5
2.732639E+1,1.224159E+5
2.736111E+1,1.224505E+5
2.739583E+1,1.224852E+5
2.743056E+1,1.225198E+5
2.746528E+1,1.225544E+5
2.750000E+1,1.225891E+5
2.753472E+1,1.226237E+5
2.756944E+1,1.226584E+5
2.760417E+1,1.226930E+5
2.763889E+1,1.227277E+5
2.767361E+1,1.227623E+5
2.770833E+1,1.227969E+5
2.774306E+1,1.228316E+5
2.777778E+1,1.228662E+5
2.781250E+1,1.229009E+5
2.784722E+1,1.229355E+5
2.788194E+1,1.229702E+5
2.791667E+1,1.230048E+5
2.795139E+1,1.230395E+5
2.798611E+1,1.230741E+5
2.802083E+1,1.231087E+5
2.805556E+1,1.231434E+5
2.809028E+1,1.231780E+5
2.812500E+1,1.232127E+5
2.815972E+1,1.232473E+5
2.819444E+1,1.232820E+5
2.822917E+1,1.233166E+5
2.826389E+1,1.233512E+5
2.829861E+1,1.233859E+5
2.833333E+1,1.234205E+5
2.836806E+1,1.234552E+5
2.840278E+1,1.234898E+5
2.843750E+1,1.235245E+5
2.847222E+1,1.235591E+5
2.850694E+1,1.235937E+5
2.854167E+1,1.236284E+5
2.857639E+1,1.236630E+5
2.861111E+1,1.236977E+5
2.864583E+1,1.237323E+5
2.868056E+1,1.237670E+5
2.871528E+1,1.238016E+5
2.875000E+1,1.238362E+5
2.878472E+1,1.238871E+5
2.881944E+1,1.239564E+5
2.885417E+1,1.240256E+5
2.888889E+1,1.240949E+5
2.892361E+1,1.241642E+5
2.895833E+1,1.242335E+5
2.899306E+1,1.243028E+5
2.902778E+1,1.243721E+5
2.906250E+1,1.244414E+5
2.909722E+1,1.245106E+5
2.913194E+1,1.245799E+5
2.916667E+1,1.246492E+5
2.920139E+1,1.247185E+5
2.923611E+1,1.247878E+5
2.927083E+1,1.248571E+5
2.930556E+1,1.249264E+5
2.934028E+1,1.249956E+5
2.937500E+1,1.250649E+5
2.940972E+1,1.251342E+5
2.944444E+1,1.252035E+5
2.947917E+1,1.252728E+5
2.951389E+1,1.253421E+5
2.954861E+1,1.254114E+5
2.958333E+1,1.254806E+5
2.961806E+1,1.255499E+5
2.965278E+1,1.256192E+5
2.968750E+1,1.256885E+5
2.972222E+1,1.257578E+5
2.975694E+1,1.258271E+5
2.979167E+1,1.258963E+5
2.982639E+1,1.259656E+5
2.986111E+1,1.260349E+5
2.989583E+1,1.261042E+5
2.993056E+1,1.261735E+5
2.996528E+1,1.262428E+5
3.000000E+1,1.263121E+5
3.003472E+1,1.263813E+5
3.006944E+1,1.264506E+5
3.010417E+1,1.265199E+5
3.013889E+1,1.265892E+5
3.017361E+1,1.266585E+5
3.020833E+1,1.267278E+5
3.024306E+1,1.267971E+5
3.027778E+1,1.268663E+5
3.031250E+1,1.269356E+5
3.034722E+1,1.270049E+5
3.038194E+1,1.270742E+5
3.041667E+1,1.271435E+5
3.045139E+1,1.272128E+5
3.048611E+1,1.272821E+5
3.052083E+1,1.273513E+5
3.055556E+1,1.274206E+5
3.059028E+1,1.274899E+5
3.062500E+1,1.275592E+5
3.065972E+1,1.276285E+5
3.069444E+1,1.276978E+5
3.072917E+1,1.277671E+5
3.076389E+1,1.278363E+5
3.079861E+1,1.279056E+5
3.083333E+1,1.279749E+5
3.086806E+1,1.280442E+5
3.090278E+1,1.281135E+5
3.093750E+1,1.281828E+5
3.097222E+1,1.282521E+5
3.100694E+1,1.283213E+5
3.104167E+1,1.283906E+5
3.107639E+1,1.284599E+5
3.111111E+1,1.285292E+5
3.114583E+1,1.285985E+5
3.118056E+1,1.286678E+5
3.121528E+1,1.287371E+5
3.125000E+1,1.288063E+5
3.128472E+1,1.288756E+5
3.131944E+1,1.289449E+5
3.135417E+1,1.290142E+5
3.138889E+1,1.290835E+5
3.142361E+1,1.291528E+5
3.145833E+1,1.292220E+5
3.149306E+1,1.292913E+5
3.152778E+1,1.293606E+5
3.156250E+1,1.294299E+5
3.159722E+1,1.294992E+5
3.163194E+1,1.295685E+5
3.166667E+1,1.296378E+5
3.170139E+1,1.297070E+5
3.173611E+1,1.297763E+5
3.177083E+1,1.298456E+5
3.180556E+1,1.299149E+5
3.184028E+1,1.299842E+5
3.187500E+1,1.300535E+5
3.190972E+1,1.301228E+5
3.194444E+1,1.301920E+5
3.197917E+1,1.302613E+5
3.201389E+1,1.303306E+5
3.204861E+1,1.303999E+5
3.208333E+1,1.304692E+5
3.211806E+1,1.305385E+5
3.215278E+1,1.306078E+5
3.218750E+1,1.306770E+5
3.222222E+1,1.307463E+5
3.225694E+1,1.308156E+5
3.229167E+1,1.308849E+5
3.232639E+1,1.309542E+5
3.236111E+1,1.310235E+5
3.239583E+1,1.310928E+5
3.243056E+1,1.311620E+5
3.246528E+1,1.312313E+5
3.250000E+1,1.313006E+5
3.253472E+1,1.313699E+5
3.256944E+1,1.314392E+5
3.260417E+1,1.315085E+5
3.263889E+1,1.315778E+5
3.267361E+1,1.316470E+5
3.270833E+1,1.317163E+5
3.274306E+1,1.317856E+5
3.277778E+1,1.318549E+5
3.281250E+1,1.319242E+5
3.284722E+1,1.319935E+5
3.288194E+1,1.320628E+5
3.291667E+1,1.321320E+5
3.295139E+1,1.322013E+5
3.298611E+1,1.322706E+5
3.302083E+1,1.323399E+5
3.305556E+1,1.324092E+5
3.309028E+1,1.324785E+5
3.312500E+1,1.325478E+5
3.315972E+1,1.326170E+5
3.319444E+1,1.326863E+5
3.322917E+1,1.326234E+5
3.326389E+1,1.325237E+5
3.329861E+1,1.324240E+5
3.333333E+1,1.323243E+5
3.336806E+1,1.322246E+5
3.340278E+1,1.321249E+5
3.343750E+1,1.320252E+5
3.347222E+1,1.319255E+5
3.350694E+1,1.318258E+5
3.354167E+1,1.317261E+5
3.357639E+1,1.316264E+5
3.361111E+1,1.315267E+5
3.364583E+1,1.314270E+5
3.368056E+1,1.313273E+5
3.371528E+1,1.312276E+5
3.375000E+1,1.311279E+5
3.378472E+1,1.310282E+5
3.381944E+1,1.309285E+5
3.385417E+1,1.308288E+5
3.388889E+1,1.307291E+5
3.392361E+1,1.306294E+5
3.395833E+1,1.305297E+5
3.399306E+1,1.304300E+5
3.402778E+1,1.303303E+5
3.406250E+1,1.302306E+5
3.409722E+1,1.301309E+5
3.413194E+1,1.300312E+5
3.416667E+1,1.299315E+5
3.420139E+1,1.298318E+5
3.423611E+1,1.297321E+5
3.427083E+1,1.296324E+5
3.430556E+1,1.295327E+5
3.434028E+1,1.294330E+5
3.437500E+1,1.293333E+5
3.440972E+1,1.292336E+5
3.444444E+1,1.291339E+5
3.447917E+1,1.290342E+5
3.451389E+1,1.289345E+5
3.454861E+1,1.288348E+5
3.458333E+1,1.287351E+5
3.461806E+1,1.286354E+5
3.465278E+1,1.285357E+5
3.468750E+1,1.284360E+5
3.472222E+1,1.283363E+5
3.475694E+1,1.282366E+5
3.479167E+1,1.281369E+5
3.482639E+1,1.280372E+5
3.486111E+1,1.279375E+5
3.489583E+1,1.278378E+5
3.493056E+1,1.277381E+5
3.496528E+1,1.276384E+5
3.500000E+1,1.275387E+5
3.503472E+1,1.274390E+5
3.506944E+1,1.273393E+5
3.510417E+1,1.272396E+5
3.513889E+1,1.271399E+5
3.517361E+1,1.270402E+5
3.520833E+1,1.269405E+5
3.524306E+1,1.268408E+5
3.527778E+1,1.267411E+5
3.531250E+1,1.266414E+5
3.534722E+1,1.265417E+5
3.538194E+1,1.264420E+5
3.541667E+1,1.263423E+5
3.545139E+1,1.262426E+5
3.548611E+1,1.261429E+5
3.552083E+1,1.260432E+5
3.555556E+1,1.259435E+5
3.559028E+1,1.258438E+5
3.562500E+1,1.257441E+5
3.565972E+1,1.256444E+5
3.569444E+1,1.255447E+5
3.572917E+1,1.254450E+5
3.576389E+1,1.253453E+5
3.579861E+1,1.252456E+5
3.583333E+1,1.251459E+5
3.586806E+1,1.250461E+5
3.590278E+1,1.249464E+5
3.593750E+1,1.248467E+5
3.597222E+1,1.247470E+5
3.600694E+1,1.246473E+5
3.604167E+1,1.245476E+5
3.607639E+1,1.244479E+5
3.611111E+1,1.243482E+5
3.614583E+1,1.242485E+5
3.618056E+1,1.241488E+5
3.621528E+1,1.240491E+5
3.625000E+1,1.239494E+5
3.628472E+1,1.238497E+5
3.631944E+1,1.237500E+5
3.635417E+1,1.236503E+5
3.638889E+1,1.235506E+5
3.642361E+1,1.234509E+5
3.645833E+1,1.233512E+5
3.649306E+1,1.232515E+5
3.652778E+1,1.231518E+5
3.656250E+1,1.230521E+5
3.659722E+1,1.229524E+5
3.663194E+1,1.228527E+5
3.666667E+1,1.227530E+5
3.670139E+1,1.226533E+5
3.673611E+1,1.225536E+5
3.677083E+1,1.224539E+5
3.680556E+1,1.223542E+5
3.684028E+1,1.222545E+5
3.687500E+1,1.221548E+5
3.690972E+1,1.220551E+5
3.694444E+1,1.219554E+5
3.697917E+1,1.218557E+5
3.701389E+1,1.217560E+5
3.704861E+1,1.216563E+5
3.708333E+1,1.215566E+5
3.711806E+1,1.214569E+5
3.715278E+1,1.213572E+5
3.718750E+1,1.212575E+5
3.722222E+1,1.211578E+5
3.725694E+1,1.210581E+5
3.729167E+1,1.209584E+5
3.732639E+1,1.208587E+5
3.736111E+1,1.207590E+5
3.739583E+1,1.206593E+5
3.743056E+1,1.205596E+5
3.746528E+1,1.205103E+5
3.750000E+1,1.204756E+5
3.753472E+1,1.204410E+5
3.756944E+1,1.204064E+5
3.760417E+1,1.203717E+5
3.763889E+1,1.203371E+5
3.767361E+1,1.203024E+5
3.770833E+1,1.202678E+5
3.774306E+1,1.202331E+5
3.777778E+1,1.201985E+5
3.781250E+1,1.201639E+5
3.784722E+1,1.201292E+5
3.788194E+1,1.200946E+5
3.791667E+1,1.200599E+5
3.795139E+1,1.200253E+5
3.798611E+1,1.199906E+5
3.802083E+1,1.199560E+5
3.805556E+1,1.199213E+5
3.809028E+1,1.198867E+5
3.812500E+1,1.198521E+5
3.815972E+1,1.198174E+5
3.819444E+1,1.197828E+5
3.822917E+1,1.197481E+5
3.826389E+1,1.197135E+5
3.829861E+1,1.196788E+5
3.833333E+1,1.196442E+5
3.836806E+1,1.196096E+5
3.840278E+1,1.195749E+5
3.843750E+1,1.195403E+5
3.847222E+1,1.195056E+5
3.850694E+1,1.194710E+5
3.854167E+1,1.194363E+5
3.857639E+1,1.194017E+5
3.861111E+1,1.193671E+5
3.864583E+1,1.193324E+5
3.868056E+1,1.192978E+5
3.871528E+1,1.192631E+5
3.875000E+1,1.192285E+5
3.878472E+1,1.191938E+5
3.881944E+1,1.191592E+5
3.885417E+1,1.191246E+5
3.888889E+1,1.190899E+5
3.892361E+1,1.190553E+5
3.895833E+1,1.190206E+5
3.899306E+1,1.189860E+5
3.902778E+1,1.189513E+5
3.906250E+1,1.189167E+5
3.909722E+1,1.188821E+5
3.913194E+1,1.188474E+5
3.916667E+1,1.188128E+5
3.920139E+1,1.187781E+5
3.923611E+1,1.187435E+5
3.927083E+1,1.187088E+5
3.930556E+1,1.186742E+5
3.934028E+1,1.186396E+5
3.937500E+1,1.186049E+5
3.940972E+1,1.185703E+5
3.944444E+1,1.185356E+5
3.947917E+1,1.185010E+5
3.951389E+1,1.184663E+5
3.954861E+1,1.184317E+5
3.958333E+1,1.183971E+5
3.961806E+1,1.183624E+5
3.965278E+1,1.183278E+5
3.968750E+1,1.182931E+5
3.972222E+1,1.182585E+5
3.975694E+1,1.182238E+5
3.979167E+1,1.181892E+5
3.982639E+1,1.181546E+5
3.986111E+1,1.181199E+5
3.989583E+1,1.180853E+5
3.993056E+1,1.180506E+5
3.996528E+1,1.180160E+5
4.000000E+1,1.179813E+5
4.003472E+1,1.179467E+5
4.006944E+1,1.179120E+5
4.010417E+1,1.178774E+5
4.013889E+1,1.178428E+5
4.017361E+1,1.178081E+5
4.020833E+1,1.177735E+5
4.024306E+1,1.177388E+5
4.027778E+1,1.177042E+5
4.031250E+1,1.176695E+5
4.034722E+1,1.176349E+5
4.038194E+1,1.176003E+5
4.041667E+1,1.175656E+5
4.045139E+1,1.175310E+5
4.048611E+1,1.174963E+5
4.052083E+1,1.174617E+5
4.055556E+1,1.174270E+5
4.059028E+1,1.173924E+5
4.062500E+1,1.173578E+5
4.065972E+1,1.173231E+5
4.069444E+1,1.172885E+5
4.072917E+1,1.172538E+5
4.076389E+1,1.172192E+5
4.079861E+1,1.171845E+5
4.083333E+1,1.171499E+5
4.086806E+1,1.171153E+5
4.090278E+1,1.170806E+5
4.093750E+1,1.170460E+5
4.097222E+1,1.170113E+5
4.100694E+1,1.169767E+5
4.104167E+1,1.169420E+5
4.107639E+1,1.169074E+5
4.111111E+1,1.168728E+5
4.114583E+1,1.168381E+5
4.118056E+1,1.168035E+5
4.121528E+1,1.167688E+5
4.125000E+1,1.167342E+5
4.128472E+1,1.166995E+5
4.131944E+1,1.166649E+5
4.135417E+1,1.166303E+5
4.138889E+1,1.165956E+5
4.142361E+1,1.165610E+5
4.145833E+1,1.165263E+5
4.149306E+1,1.164917E+5
4.152778E+1,1.164570E+5
4.156250E+1,1.164224E+5
4.159722E+1,1.163878E+5
4.163194E+1,1.163531E+5
4.166667E+1,1.163185E+5
4.170139E+1,1.162838E+5
4.173611E+1,1.162492E+5
4.177083E+1,1.162145E+5
4.180556E+1,1.161799E+5
4.184028E+1,1.161452E+5
4.187500E+1,1.161121E+5
4.190972E+1,1.160944E+5
4.194444E+1,1.160767E+5
4.197917E+1,1.160590E+5
4.201389E+1,1.160413E+5
4.204861E+1,1.160235E+5
4.208333E+1,1.160058E+5
4.211806E+1,1.159881E+5
4.215278E+1,1.159704E+5
4.218750E+1,1.159527E+5
4.222222E+1,1.159350E+5
4.225694E+1,1.159173E+5
4.229167E+1,1.158995E+5
4.232639E+1,1.158818E+5
4.236111E+1,1.158641E+5
4.239583E+1,1.158464E+5
4.243056E+1,1.158287E+5
4.246528E+1,1.158110E+5
4.250000E+1,1.157933E+5
4.253472E+1,1.157755E+5
4.256944E+1,1.157578E+5
4.260417E+1,1.157401E+5
4.263889E+1,1.157224E+5
4.267361E+1,1.157047E+5
4.270833E+1,1.156870E+5
4.274306E+1,1.156693E+5
4.277778E+1,1.156515E+5
4.281250E+1,1.156338E+5
4.284722E+1,1.156161E+5
4.288194E+1,1.155984E+5
4.291667E+1,1.155807E+5
4.295139E+1,1.155630E+5
4.298611E+1,1.155453E+5
4.302083E+1,1.155275E+5
4.305556E+1,1.155098E+5
4.309028E+1,1.154921E+5
4.312500E+1,1.154744E+5
4.315972E+1,1.154567E+5
4.319444E+1,1.154390E+5
4.322917E+1,1.154213E+5
4.326389E+1,1.154035E+5
4.329861E+1,1.153858E+5
4.333333E+1,1.153681E+5
4.336806E+1,1.153504E+5
4.340278E+1,1.153327E+5
4.343750E+1,1.153150E+5
4.347222E+1,1.152973E+5
4.350694E+1,1.152795E+5
4.354167E+1,1.152618E+5
4.357639E+1,1.152441E+5
4.361111E+1,1.152264E+5
4.364583E+1,1.152087E+5
4.368056E+1,1.151910E+5
4.371528E+1,1.151733E+5
4.375000E+1,1.151555E+5
4.378472E+1,1.151378E+5
4.381944E+1,1.151201E+5
4.385417E+1,1.151024E+5
4.388889E+1,1.150847E+5
4.392361E+1,1.150670E+5
4.395833E+1,1.150493E+5
4.399306E+1,1.150315E+5
4.402778E+1,1.150138E+5
4.406250E+1,1.149961E+5
4.409722E+1,1.149784E+5
4.413194E+1,1.149607E+5
4.416667E+1,1.149430E+5
4.420139E+1,1.149253E+5
4.423611E+1,1.149075E+5
4.427083E+1,1.148898E+5
4.430556E+1,1.148721E+5
4.434028E+1,1.148544E+5
4.437500E+1,1.148367E+5
4.440972E+1,1.148190E+5
4.444444E+1,1.148013E+5
4.447917E+1,1.147835E+5
4.451389E+1,1.147658E+5
4.454861E+1,1.147481E+5
4.458333E+1,1.147304E+5
4.461806E+1,1.147127E+5
4.465278E+1,1.146950E+5
4.468750E+1,1.146773E+5
4.472222E+1,1.146595E+5
4.475694E+1,1.146418E+5
4.479167E+1,1.146241E+5
4.482639E+1,1.146064E+5
4.486111E+1,1.145887E+5
4.489583E+1,1.145710E+5
4.493056E+1,1.145533E+5
4.496528E+1,1.145355E+5
4.500000E+1,1.145178E+5
4.503472E+1,1.145001E+5
4.506944E+1,1.144824E+5
4.510417E+1,1.144647E+5
4.513889E+1,1.144470E+5
4.517361E+1,1.144293E+5
4.520833E+1,1.144115E+5
4.524306E+1,1.143938E+5
4.527778E+1,1.143761E+5
4.531250E+1,1.143584E+5
4.534722E+1,1.143407E+5
4.538194E+1,1.143230E+5
4.541667E+1,1.143053E+5
4.545139E+1,1.142875E+5
4.548611E+1,1.142698E+5
4.552083E+1,1.142521E+5
4.555556E+1,1.142344E+5
4.559028E+1,1.142167E+5
4.562500E+1,1.141990E+5
4.565972E+1,1.141813E+5
4.569444E+1,1.141635E+5
4.572917E+1,1.141458E+5
4.576389E+1,1.141281E+5
4.579861E+1,1.141104E+5
4.583333E+1,1.140927E+5
4.586806E+1,1.140750E+5
4.590278E+1,1.140573E+5
4.593750E+1,1.140395E+5
4.597222E+1,1.140218E+5
4.600694E+1,1.140041E+5
4.604167E+1,1.139864E+5
4.607639E+1,1.139687E+5
4.611111E+1,1.139510E+5
4.614583E+1,1.139333E+5
4.618056E+1,1.139155E+5
4.621528E+1,1.139087E+5
4.625000E+1,1.139359E+5
4.628472E+1,1.139630E+5
4.631944E+1,1.139902E+5
4.635417E+1,1.140174E+5
4.638889E+1,1.140446E+5
4.642361E+1,1.140718E+5
4.645833E+1,1.140990E+5
4.649306E+1,1.141262E+5
4.652778E+1,1.141534E+5
4.656250E+1,1.141806E+5
4.659722E+1,1.142078E+5
4.663194E+1,1.142349E+5
4.666667E+1,1.142621E+5
4.670139E+1,1.142893E+5
4.673611E+1,1.143165E+5
4.677083E+1,1.143437E+5
4.680556E+1,1.143709E+5
4.684028E+1,1.143981E+5
4.687500E+1,1.144253E+5
4.690972E+1,1.144525E+5
4.694444E+1,1.144797E+5
4.697917E+1,1.145069E+5
4.701389E+1,1.145340E+5
4.704861E+1,1.145612E+5
4.708333E+1,1.145884E+5
4.711806E+1,1.146156E+5
4.715278E+1,1.146428E+5
4.718750E+1,1.146700E+5
4.722222E+1,1.146972E+5
4.725694E+1,1.147244E+5
4.729167E+1,1.147516E+5
4.732639E+1,1.147788E+5
4.736111E+1,1.148060E+5
4.739583E+1,1.148331E+5
4.743056E+1,1.148603E+5
4.746528E+1,1.148875E+5
4.750000E+1,1.149147E+5
4.753472E+1,1.149419E+5
4.756944E+1,1.149691E+5
4.760417E+1,1.149963E+5
4.763889E+1,1.150235E+5
4.767361E+1,1.150507E+5
4.770833E+1,1.150779E+5
4.774306E+1,1.151051E+5
4.777778E+1,1.151322E+5
4.781250E+1,1.151594E+5
4.784722E+1,1.151866E+5
4.788194E+1,1.152138E+5
4.791667E+1,1.152410E+5
4.795139E+1,1.152682E+5
4.798611E+1,1.152954E+5
4.802083E+1,1.153226E+5
4.805556E+1,1.153498E+5
4.809028E+1,1.153770E+5
4.812500E+1,1.154042E+5
4.815972E+1,1.154313E+5
4.819444E+1,1.154585E+5
4.822917E+1,1.154857E+5
4.826389E+1,1.155129E+5
4.829861E+1,1.155401E+5
4.833333E+1,1.155673E+5
4.836806E+1,1.155945E+5
4.840278E+1,1.156217E+5
4.843750E+1,1.156489E+5
4.847222E+1,1.156761E+5
4.850694E+1,1.157033E+5
4.854167E+1,1.157304E+5
4.857639E+1,1.157576E+5
4.861111E+1,1.157848E+5
4.864583E+1,1.158120E+5
4.868056E+1,1.158392E+5
4.871528E+1,1.158664E+5
4.875000E+1,1.158936E+5
4.878472E+1,1.159208E+5
4.881944E+1,1.159480E+5
4.885417E+1,1.159752E+5
4.888889E+1,1.160023E+5
4.892361E+1,1.160295E+5
4.895833E+1,1.160567E+5
4.899306E+1,1.160839E+5
4.902778E+1,1.161111E+5
4.906250E+1,1.161383E+5
4.909722E+1,1.161655E+5
4.913194E+1,1.161927E+5
4.916667E+1,1.162199E+5
4.920139E+1,1.162471E+5
4.923611E+1,1.162743E+5
4.927083E+1,1.163014E+5
4.930556E+1,1.163286E+5
4.934028E+1,1.163558E+5
4.937500E+1,1.163830E+5
4.940972E+1,1.164102E+5
4.944444E+1,1.164374E+5
4.947917E+1,1.164646E+5
4.951389E+1,1.164918E+5
4.954861E+1,1.165190E+5
4.958333E+1,1.165462E+5
4.961806E+1,1.165734E+5
4.965278E+1,1.166005E+5
4.968750E+1,1.166277E+5
4.972222E+1,1.166549E+5
4.975694E+1,1.166821E+5
4.979167E+1,1.167093E+5
4.982639E+1,1.167365E+5
4.986111E+1,1.167637E+5
4.989583E+1,1.167909E+5
4.993056E+1,1.168181E+5
4.996528E+1,1.168453E+5
5.000000E+1,1.168725E+5
5.003472E+1,1.168996E+5
5.006944E+1,1.169268E+5
5.010417E+1,1.169540E+5
5.013889E+1,1.169812E+5
5.017361E+1,1.170084E+5
5.020833E+1,1.170356E+5
5.024306E+1,1.170628E+5
5.027778E+1,1.170900E+5
5.031250E+1,1.171172E+5
5.034722E+1,1.171444E+5
5.038194E+1,1.171716E+5
5.041667E+1,1.171987E+5
5.045139E+1,1.172257E+5
5.048611E+1,1.172516E+5
5.052083E+1,1.172776E+5
5.055556E+1,1.173036E+5
5.059028E+1,1.173296E+5
5.062500E+1,1.173556E+5
5.065972E+1,1.173815E+5
5.069444E+1,1.174075E+5
5.072917E+1,1.174335E+5
5.076389E+1,1.174595E+5
5.079861E+1,1.174855E+5
5.083333E+1,1.175115E+5
5.086806E+1,1.175374E+5
5.090278E+1,1.175634E+5
5.093750E+1,1.175894E+5
5.097222E+1,1.176154E+5
5.100694E+1,1.176414E+5
5.104167E+1,1.176673E+5
5.107639E+1,1.176933E+5
5.111111E+1,1.177193E+5
5.114583E+1,1.177453E+5
5.118056E+1,1.177713E+5
5.121528E+1,1.177973E+5
5.125000E+1,1.178232E+5
5.128472E+1,1.178492E+5
5.131944E+1,1.178752E+5
5.135417E+1,1.179012E+5
5.138889E+1,1.179272E+5
5.142361E+1,1.179531E+5
5.145833E+1,1.179791E+5
5.149306E+1,1.180051E+5
5.152778E+1,1.180311E+5
5.156250E+1,1.180571E+5
5.159722E+1,1.180831E+5
5.163194E+1,1.181090E+5
5.166667E+1,1.181350E+5
5.170139E+1,1.181610E+5
5.173611E+1,1.181870E+5
5.177083E+1,1.182130E+5
5.180556E+1,1.182389E+5
5.184028E+1,1.182649E+5
5.187500E+1,1.182909E+5
5.190972E+1,1.183169E+5
5.194444E+1,1.183429E+5
5.197917E+1,1.183689E+5
5.201389E+1,1.183948E+5
5.204861E+1,1.184208E+5
5.208333E+1,1.184468E+5
5.211806E+1,1.184728E+5
5.215278E+1,1.184988E+5
5.218750E+1,1.185248E+5
5.222222E+1,1.185507E+5
5.225694E+1,1.185767E+5
5.229167E+1,1.186027E+5
5.232639E+1,1.186287E+5
5.236111E+1,1.186547E+5
5.239583E+1,1.186806E+5
5.243056E+1,1.187066E+5
5.246528E+1,1.187326E+5
5.250000E+1,1.187586E+5
5.253472E+1,1.187846E+5
5.256944E+1,1.188106E+5
5.260417E+1,1.188365E+5
5.263889E+1,1.188625E+5
5.267361E+1,1.188885E+5
5.270833E+1,1.189145E+5
5.274306E+1,1.189405E+5
5.277778E+1,1.189664E+5
5.281250E+1,1.189924E+5
5.284722E+1,1.190184E+5
5.288194E+1,1.190444E+5
5.291667E+1,1.190704E+5
5.295139E+1,1.190964E+5
5.298611E+1,1.191223E+5
5.302083E+1,1.191483E+5
5.305556E+1,1.191743E+5
5.309028E+1,1.192003E+5
5.312500E+1,1.192263E+5
5.315972E+1,1.192522E+5
5.319444E+1,1.192782E+5
5.322917E+1,1.193042E+5
5.326389E+1,1.193302E+5
5.329861E+1,1.193562E+5
5.333333E+1,1.193822E+5
5.336806E+1,1.194081E+5
5.340278E+1,1.194341E+5
5.343750E+1,1.194601E+5
5.347222E+1,1.194861E+5
5.350694E+1,1.195121E+5
5.354167E+1,1.195380E+5
5.357639E+1,1.195640E+5
5.361111E+1,1.195900E+5
5.364583E+1,1.196160E+5
5.368056E+1,1.196420E+5
5.371528E+1,1.196680E+5
5.375000E+1,1.196939E+5
5.378472E+1,1.197199E+5
5.381944E+1,1.197459E+5
5.385417E+1,1.197719E+5
5.388889E+1,1.197979E+5
5.392361E+1,1.198238E+5
5.395833E+1,1.198498E+5
5.399306E+1,1.198758E+5
5.402778E+1,1.199018E+5
5.406250E+1,1.199278E+5
5.409722E+1,1.199538E+5
5.413194E+1,1.199797E+5
5.416667E+1,1.200057E+5
5.420139E+1,1.200317E+5
5.423611E+1,1.200577E+5
5.427083E+1,1.200837E+5
5.430556E+1,1.201096E+5
5.434028E+1,1.201356E+5
5.437500E+1,1.201616E+5
5.440972E+1,1.201876E+5
5.444444E+1,1.202136E+5
5.447917E+1,1.202396E+5
5.451389E+1,1.202655E+5
5.454861E+1,1.202915E+5
5.458333E+1,1.203175E+5
5.461806E+1,1.203435E+5
5.465278E+1,1.203695E+5
5.468750E+1,1.203955E+5
5.472222E+1,1.204214E+5
5.475694E+1,1.204474E+5
5.479167E+1,1.204734E+5
5.482639E+1,1.204994E+5
5.486111E+1,1.205254E+5
5.489583E+1,1.205325E+5
5.493056E+1,1.205240E+5
5.496528E+1,1.205155E+5
5.500000E+1,1.205070E+5
5.503472E+1,1.204986E+5
5.506944E+1,1.204901E+5
5.510417E+1,1.204816E+5
5.513889E+1,1.204732E+5
5.517361E+1,1.204647E+5
5.520833E+1,1.204562E+5
5.524306E+1,1.204477E+5
5.527778E+1,1.204393E+5
5.531250E+1,1.204308E+5
5.534722E+1,1.204223E+5
5.538194E+1,1.204138E+5
5.541667E+1,1.204054E+5
5.545139E+1,1.203969E+5
5.548611E+1,1.203884E+5
5.552083E+1,1.203800E+5
5.555556E+1,1.203715E+5
5.559028E+1,1.203630E+5
5.562500E+1,1.203545E+5
5.565972E+1,1.203461E+5
5.569444E+1,1.203376E+5
5.572917E+1,1.203291E+5
5.576389E+1,1.203207E+5
5.579861E+1,1.203122E+5
5.583333E+1,1.203037E+5
5.586806E+1,1.202952E+5
5.590278E+1,1.202868E+5
5.593750E+1,1.202783E+5
5.597222E+1,1.202698E+5
5.600694E+1,1.202614E+5
5.604167E+1,1.202529E+5
5.607639E+1,1.202444E+5
5.611111E+1,1.202359E+5
5.614583E+1,1.202275E+5
5.618056E+1,1.202190E+5
5.621528E+1,1.202105E+5
5.625000E+1,1.202020E+5
5.628472E+1,1.201936E+5
5.631944E+1,1.201851E+5
5.635417E+1,1.201766E+5
5.638889E+1,1.201682E+5
5.642361E+1,1.201597E+5
5.645833E+1,1.201512E+5
5.649306E+1,1.201427E+5
5.652778E+1,1.201343E+5
5.656250E+1,1.201258E+5
5.659722E+1,1.201173E+5
5.663194E+1,1.201089E+5
5.666667E+1,1.201004E+5
5.670139E+1,1.200919E+5
5.673611E+1,1.200834E+5
5.677083E+1,1.200750E+5
5.680556E+1,1.200665E+5
5.684028E+1,1.200580E+5
5.687500E+1,1.200496E+5
5.690972E+1,1.200411E+5
5.694444E+1,1.200326E+5
5.697917E+1,1.200241E+5
5.701389E+1,1.200157E+5
5.704861E+1,1.200072E+5
5.708333E+1,1.199987E+5
5.711806E+1,1.199902E+5
5.715278E+1,1.199818E+5
5.718750E+1,1.199733E+5
5.722222E+1,1.199648E+5
5.725694E+1,1.199564E+5
5.729167E+1,1.199479E+5
5.732639E+1,1.199394E+5
5.736111E+1,1.199309E+5
5.739583E+1,1.199225E+5
5.743056E+1,1.199140E+5
5.746528E+1,1.199055E+5
5.750000E+1,1.198971E+5
5.753472E+1,1.198886E+5
5.756944E+1,1.198801E+5
5.760417E+1,1.198716E+5
5.763889E+1,1.198632E+5
5.767361E+1,1.198547E+5
5.770833E+1,1.198462E+5
5.774306E+1,1.198378E+5
5.777778E+1,1.198293E+5
5.781250E+1,1.198208E+5
5.784722E+1,1.198123E+5
5.788194E+1,1.198039E+5
5.791667E+1,1.197954E+5
5.795139E+1,1.197869E+5
5.798611E+1,1.197785E+5
5.802083E+1,1.197700E+5
5.805556E+1,1.197615E+5
5.809028E+1,1.197530E+5
5.812500E+1,1.197446E+5
5.815972E+1,1.197361E+5
5.819444E+1,1.197276E+5
5.822917E+1,1.197191E+5
5.826389E+1,1.197107E+5
5.829861E+1,1.197022E+5
5.833333E+1,1.196937E+5
5.836806E+1,1.196853E+5
5.840278E+1,1.196768E+5
5.843750E+1,1.196683E+5
5.847222E+1,1.196598E+5
5.850694E+1,1.196514E+5
5.854167E+1,1.196429E+5
5.857639E+1,1.196344E+5
5.861111E+1,1.196260E+5
5.864583E+1,1.196175E+5
5.868056E+1,1.196090E+5
5.871528E+1,1.196005E+5
5.875000E+1,1.195921E+5
5.878472E+1,1.195836E+5
5.881944E+1,1.195751E+5
5.885417E+1,1.195667E+5
5.888889E+1,1.195582E+5
5.892361E+1,1.195497E+5
5.895833E+1,1.195412E+5
5.899306E+1,1.195328E+5
5.902778E+1,1.195243E+5
5.906250E+1,1.195158E+5
5.909722E+1,1.195073E+5
5.913194E+1,1.194989E+5
5.916667E+1,1.194904E+5
5.920139E+1,1.194819E+5
5.923611E+1,1.194735E+5
5.927083E+1,1.194650E+5
5.930556E+1,1.194565E+5
5.934028E+1,1.194480E+5
5.937500E+1,1.194396E+5
5.940972E+1,1.194315E+5
5.944444E+1,1.194404E+5
5.947917E+1,1.194492E+5
5.951389E+1,1.194581E+5
5.954861E+1,1.194669E+5
5.958333E+1,1.194758E+5
5.961806E+1,1.194847E+5
5.965278E+1,1.194935E+5
5.968750E+1,1.195024E+5
5.972222E+1,1.195112E+5
5.975694E+1,1.195201E+5
5.979167E+1,1.195289E+5
5.982639E+1,1.195378E+5
5.986111E+1,1.195467E+5
5.989583E+1,1.195555E+5
5.993056E+1,1.195644E+5
5.996528E+1,1.195732E+5
6.000000E+1,1.195821E+5
6.003472E+1,1.195909E+5
6.006944E+1,1.195998E+5
6.010417E+1,1.196087E+5
6.013889E+1,1.196175E+5
6.017361E+1,1.196264E+5
6.020833E+1,1.196352E+5
6.024306E+1,1.196441E+5
6.027778E+1,1.196529E+5
6.031250E+1,1.196618E+5
6.034722E+1,1.196707E+5
6.038194E+1,1.196795E+5
6.041667E+1,1.196884E+5
6.045139E+1,1.196972E+5
6.048611E+1,1.197061E+5
6.052083E+1,1.197149E+5
6.055556E+1,1.197238E+5
6.059028E+1,1.197327E+5
6.062500E+1,1.197415E+5
6.065972E+1,1.197504E+5
6.069444E+1,1.197592E+5
6.072917E+1,1.197681E+5
6.076389E+1,1.197769E+5
6.079861E+1,1.197858E+5
6.083333E+1,1.197947E+5
6.086806E+1,1.198035E+5
6.090278E+1,1.198124E+5
6.093750E+1,1.198212E+5
6.097222E+1,1.198301E+5
6.100694E+1,1.198389E+5
6.104167E+1,1.198478E+5
6.107639E+1,1.198567E+5
6.111111E+1,1.198655E+5
6.114583E+1,1.198744E+5
6.118056E+1,1.198832E+5
6.121528E+1,1.198921E+5
6.125000E+1,1.199010E+5
6.128472E+1,1.199098E+5
6.131944E+1,1.199187E+5
6.135417E+1,1.199275E+5
6.138889E+1,1.199364E+5
6.142361E+1,1.199452E+5
6.145833E+1,1.199541E+5
6.149306E+1,1.199630E+5
6.152778E+1,1.199718E+5
6.156250E+1,1.199807E+5
6.159722E+1,1.199895E+5
6.163194E+1,1.199984E+5
6.166667E+1,1.200072E+5
6.170139E+1,1.200161E+5
6.173611E+1,1.200250E+5
6.177083E+1,1.200338E+5
6.180556E+1,1.200427E+5
6.184028E+1,1.200515E+5
6.187500E+1,1.200604E+5
6.190972E+1,1.200692E+5
6.194444E+1,1.200781E+5
6.197917E+1,1.200870E+5
6.201389E+1,1.200958E+5
6.204861E+1,1.201047E+5
6.208333E+1,1.201135E+5
6.211806E+1,1.201224E+5
6.215278E+1,1.201312E+5
6.218750E+1,1.201401E+5
6.222222E+1,1.201490E+5
6.225694E+1,1.201578E+5
6.229167E+1,1.201667E+5
6.232639E+1,1.201755E+5
6.236111E+1,1.201844E+5
6.239583E+1,1.201932E+5
6.243056E+1,1.202021E+5
6.246528E+1,1.202110E+5
6.250000E+1,1.202198E+5
6.253472E+1,1.202287E+5
6.256944E+1,1.202375E+5
6.260417E+1,1.202464E+5
6.263889E+1,1.202552E+5
6.267361E+1,1.202641E+5
6.270833E+1,1.202730E+5
6.274306E+1,1.202818E+5
6.277778E+1,1.202907E+5
6.281250E+1,1.202995E+5
6.284722E+1,1.203084E+5
6.288194E+1,1.203172E+5
6.291667E+1,1.203261E+5
6.295139E+1,1.203350E+5
6.298611E+1,1.203438E+5
6.302083E+1,1.203527E+5
6.305556E+1,1.203615E+5
6.309028E+1,1.203704E+5
6.312500E+1,1.203792E+5
6.315972E+1,1.203881E+5
6.319444E+1,1.203970E+5
6.322917E+1,1.204058E+5
6.326389E+1,1.204147E+5
6.329861E+1,1.204235E+5
6.333333E+1,1.204324E+5
6.336806E+1,1.204413E+5
6.340278E+1,1.204501E+5
6.343750E+1,1.204590E+5
6.347222E+1,1.204678E+5
6.350694E+1,1.204767E+5
6.354167E+1,1.204855E+5
6.357639E+1,1.204944E+5
6.361111E+1,1.205033E+5
6.364583E+1,1.205121E+5
6.368056E+1,1.205210E+5
6.371528E+1,1.205298E+5
6.375000E+1,1.205403E+5
6.378472E+1,1.205580E+5
6.381944E+1,1.205757E+5
6.385417E+1,1.205934E+5
6.388889E+1,1.206111E+5
6.392361E+1,1.206288E+5
6.395833E+1,1.206466E+5
6.399306E+1,1.206643E+5
6.402778E+1,1.206820E+5
6.406250E+1,1.206997E+5
6.409722E+1,1.207174E+5
6.413194E+1,1.207351E+5
6.416667E+1,1.207528E+5
6.420139E+1,1.207706E+5
6.423611E+1,1.207883E+5
6.427083E+1,1.208060E+5
6.430556E+1,1.208237E+5
6.434028E+1,1.208414E+5
6.437500E+1,1.208591E+5
6.440972E+1,1.208769E+5
6.444444E+1,1.208946E+5
6.447917E+1,1.209123E+5
6.451389E+1,1.209300E+5
6.454861E+1,1.209477E+5
6.458333E+1,1.209654E+5
6.461806E+1,1.209831E+5
6.465278E+1,1.210009E+5
6.468750E+1,1.210186E+5
6.472222E+1,1.210363E+5
6.475694E+1,1.210540E+5
6.479167E+1,1.210717E+5
6.482639E+1,1.210894E+5
6.486111E+1,1.211071E+5
6.489583E+1,1.211249E+5
6.493056E+1,1.211426E+5
6.496528E+1,1.211603E+5
6.500000E+1,1.211780E+5
6.503472E+1,1.211957E+5
6.506944E+1,1.212134E+5
6.510417E+1,1.212312E+5
6.513889E+1,1.212489E+5
6.517361E+1,1.212666E+5
6.520833E+1,1.212843E+5
6.524306E+1,1.213020E+5
6.527778E+1,1.213197E+5
6.531250E+1,1.213374E+5
6.534722E+1,1.213552E+5
6.538194E+1,1.213729E+5
6.541667E+1,1.213906E+5
6.545139E+1,1.214083E+5
6.548611E+1,1.214260E+5
6.552083E+1,1.214437E+5
6.555556E+1,1.214615E+5
6.559028E+1,1.214792E+5
6.562500E+1,1.214969E+5
6.565972E+1,1.215146E+5
6.569444E+1,1.215323E+5
6.572917E+1,1.215500E+5
6.576389E+1,1.215677E+5
6.579861E+1,1.215855E+5
6.583333E+1,1.216032E+5
6.586806E+1,1.216209E+5
6.590278E+1,1.216386E+5
6.593750E+1,1.216563E+5
6.597222E+1,1.216740E+5
6.600694E+1,1.216917E+5
6.604167E+1,1.217095E+5
6.607639E+1,1.217272E+5
6.611111E+1,1.217449E+5
6.614583E+1,1.217626E+5
6.618056E+1,1.217803E+5
6.621528E+1,1.217980E+5
6.625000E+1,1.218158E+5
6.628472E+1,1.218335E+5
6.631944E+1,1.218512E+5
6.635417E+1,1.218689E+5
6.638889E+1,1.218866E+5
6.642361E+1,1.219043E+5
6.645833E+1,1.219220E+5
6.649306E+1,1.219398E+5
6.652778E+1,1.219575E+5
6.656250E+1,1.219752E+5
6.659722E+1,1.219929E+5
6.663194E+1,1.220106E+5
6.666667E+1,1.220283E+5
6.670139E+1,1.220461E+5
6.673611E+1,1.220638E+5
6.677083E+1,1.220815E+5
6.680556E+1,1.220992E+5
6.684028E+1,1.221169E+5
6.687500E+1,1.221346E+5
6.690972E+1,1.221523E+5
6.694444E+1,1.221701E+5
6.697917E+1,1.221878E+5
6.701389E+1,1.222055E+5
6.704861E+1,1.222232E+5
6.708333E+1,1.222409E+5
6.711806E+1,1.222586E+5
6.715278E+1,1.222763E+5
6.718750E+1,1.222941E+5
6.722222E+1,1.223118E+5
6.725694E+1,1.223295E+5
6.729167E+1,1.223472E+5
6.732639E+1,1.223649E+5
6.736111E+1,1.223826E+5
6.739583E+1,1.224004E+5
6.743056E+1,1.224181E+5
6.746528E+1,1.224358E+5
6.750000E+1,1.224535E+5
6.753472E+1,1.224712E+5
6.756944E+1,1.224889E+5
6.760417E+1,1.225066E+5
6.763889E+1,1.225244E+5
6.767361E+1,1.225421E+5
6.770833E+1,1.225598E+5
6.774306E+1,1.225775E+5
6.777778E+1,1.225952E+5
6.781250E+1,1.226129E+5
6.784722E+1,1.226306E+5
6.788194E+1,1.226484E+5
6.791667E+1,1.226661E+5
6.795139E+1,1.226838E+5
6.798611E+1,1.227015E+5
6.802083E+1,1.227192E+5
6.805556E+1,1.227369E+5
6.809028E+1,1.227781E+5
6.812500E+1,1.228667E+5
6.815972E+1,1.229552E+5
6.819444E+1,1.230438E+5
6.822917E+1,1.231324E+5
6.826389E+1,1.232210E+5
6.829861E+1,1.233095E+5
6.833333E+1,1.233981E+5
6.836806E+1,1.234867E+5
6.840278E+1,1.235753E+5
6.843750E+1,1.236638E+5
6.847222E+1,1.237524E+5
6.850694E+1,1.238410E+5
6.854167E+1,1.239296E+5
6.857639E+1,1.240181E+5
6.861111E+1,1.241067E+5
6.864583E+1,1.241953E+5
6.868056E+1,1.242839E+5
6.871528E+1,1.243724E+5
6.875000E+1,1.244610E+5
6.878472E+1,1.245496E+5
6.881944E+1,1.246382E+5
6.885417E+1,1.247267E+5
6.888889E+1,1.248153E+5
6.892361E+1,1.249039E+5
6.895833E+1,1.249925E+5
6.899306E+1,1.250810E+5
6.902778E+1,1.251696E+5
6.906250E+1,1.252582E+5
6.909722E+1,1.253468E+5
6.913194E+1,1.254353E+5
6.916667E+1,1.255239E+5
6.920139E+1,1.256125E+5
6.923611E+1,1.257011E+5
6.927083E+1,1.257897E+5
6.930556E+1,1.258782E+5
6.934028E+1,1.259668E+5
6.937500E+1,1.260554E+5
6.940972E+1,1.261440E+5
6.944444E+1,1.262325E+5
6.947917E+1,1.263211E+5
6.951389E+1,1.264097E+5
6.954861E+1,1.264983E+5
6.958333E+1,1.265868E+5
6.961806E+1,1.266754E+5
6.965278E+1,1.267640E+5
6.968750E+1,1.268526E+5
6.972222E+1,1.269411E+5
6.975694E+1,1.270297E+5
6.979167E+1,1.271183E+5
6.982639E+1,1.272069E+5
6.986111E+1,1.272954E+5
6.989583E+1,1.273840E+5
6.993056E+1,1.274726E+5
6.996528E+1,1.275612E+5
7.000000E+1,1.276497E+5
7.003472E+1,1.277383E+5
7.006944E+1,1.278269E+5
7.010417E+1,1.279155E+5
7.013889E+1,1.280040E+5
7.017361E+1,1.280926E+5
7.020833E+1,1.281812E+5
7.024306E+1,1.282698E+5
7.027778E+1,1.283583E+5
7.031250E+1,1.284469E+5
7.034722E+1,1.285355E+5
7.038194E+1,1.286241E+5
7.041667E+1,1.287127E+5
7.045139E+1,1.288012E+5
7.048611E+1,1.288898E+5
7.052083E+1,1.289784E+5
7.055556E+1,1.290670E+5
7.059028E+1,1.291555E+5
7.062500E+1,1.292441E+5
7.065972E+1,1.293327E+5
7.069444E+1,1.294213E+5
7.072917E+1,1.295098E+5
7.076389E+1,1.295984E+5
7.079861E+1,1.296870E+5
7.083333E+1,1.297756E+5
7.086806E+1,1.298641E+5
7.090278E+1,1.299527E+5
7.093750E+1,1.300413E+5
7.097222E+1,1.301299E+5
7.100694E+1,1.302184E+5
7.104167E+1,1.303070E+5
7.107639E+1,1.303956E+5
7.111111E+1,1.304842E+5
7.114583E+1,1.305727E+5
7.118056E+1,1.306613E+5
7.121528E+1,1.307499E+5
7.125000E+1,1.308385E+5
7.128472E+1,1.309270E+5
7.131944E+1,1.310156E+5
7.135417E+1,1.311042E+5
7.138889E+1,1.311928E+5
7.142361E+1,1.312813E+5
7.145833E+1,1.313699E+5
7.149306E+1,1.314585E+5
7.152778E+1,1.315471E+5
7.156250E+1,1.316357E+5
7.159722E+1,1.317242E+5
7.163194E+1,1.318128E+5
7.166667E+1,1.319014E+5
7.170139E+1,1.319900E+5
7.173611E+1,1.320785E+5
7.177083E+1,1.321671E+5
7.180556E+1,1.322557E+5
7.184028E+1,1.323443E+5
7.187500E+1,1.324328E+5
7.190972E+1,1.325214E+5
7.194444E+1,1.326100E+5
7.197917E+1,1.326986E+5
7.201389E+1,1.327871E+5
7.204861E+1,1.328757E+5
7.208333E+1,1.329643E+5
7.211806E+1,1.330529E+5
7.215278E+1,1.331414E+5
7.218750E+1,1.332300E+5
7.222222E+1,1.333186E+5
7.225694E+1,1.334072E+5
7.229167E+1,1.334957E+5
7.232639E+1,1.335843E+5
7.236111E+1,1.336729E+5
7.239583E+1,1.337615E+5
7.243056E+1,1.338510E+5
7.246528E+1,1.339417E+5
7.250000E+1,1.340323E+5
7.253472E+1,1.341229E+5
7.256944E+1,1.342136E+5
7.260417E+1,1.343042E+5
7.263889E+1,1.343949E+5
7.267361E+1,1.344855E+5
7.270833E+1,1.345761E+5
7.274306E+1,1.346668E+5
7.277778E+1,1.347574E+5
7.281250E+1,1.348480E+5
7.284722E+1,1.349387E+5
7.288194E+1,1.350293E+5
7.291667E+1,1.351199E+5
7.295139E+1,1.352106E+5
7.298611E+1,1.353012E+5
7.302083E+1,1.353919E+5
7.305556E+1,1.354825E+5
7.309028E+1,1.355731E+5
7.312500E+1,1.356638E+5
7.315972E+1,1.357544E+5
7.319444E+1,1.358450E+5
7.322917E+1,1.359357E+5
7.326389E+1,1.360263E+5
7.329861E+1,1.361169E+5
7.333333E+1,1.362076E+5
7.336806E+1,1.362982E+5
7.340278E+1,1.363889E+5
7.343750E+1,1.364795E+5
7.347222E+1,1.365701E+5
7.350694E+1,1.366608E+5
7.354167E+1,1.367514E+5
7.357639E+1,1.368420E+5
7.361111E+1,1.369327E+5
7.364583E+1,1.370233E+5
7.368056E+1,1.371140E+5
7.371528E+1,1.372046E+5
7.375000E+1,1.372952E+5
7.378472E+1,1.373859E+5
7.381944E+1,1.374765E+5
7.385417E+1,1.375671E+5
7.388889E+1,1.376578E+5
7.392361E+1,1.377484E+5
7.395833E+1,1.378390E+5
7.399306E+1,1.379297E+5
7.402778E+1,1.380203E+5
7.406250E+1,1.381110E+5
7.409722E+1,1.382016E+5
7.413194E+1,1.382922E+5
7.416667E+1,1.383829E+5
7.420139E+1,1.384735E+5
7.423611E+1,1.385641E+5
7.427083E+1,1.386548E+5
7.430556E+1,1.387454E+5
7.434028E+1,1.388360E+5
7.437500E+1,1.389267E+5
7.440972E+1,1.390173E+5
7.444444E+1,1.391079E+5
7.447917E+1,1.391986E+5
7.451389E+1,1.392892E+5
7.454861E+1,1.393799E+5
7.458333E+1,1.394705E+5
7.461806E+1,1.395611E+5
7.465278E+1,1.396518E+5
7.468750E+1,1.397424E+5
7.472222E+1,1.398330E+5
7.475694E+1,1.399237E+5
7.479167E+1,1.400143E+5
7.482639E+1,1.401050E+5
7.486111E+1,1.401956E+5
7.489583E+1,1.402862E+5
7.493056E+1,1.403769E+5
7.496528E+1,1.404675E+5
7.500000E+1,1.405581E+5
7.503472E+1,1.406488E+5
7.506944E+1,1.407394E+5
7.510417E+1,1.408300E+5
7.513889E+1,1.409207E+5
7.517361E+1,1.410113E+5
7.520833E+1,1.411020E+5
7.524306E+1,1.411926E+5
7.527778E+1,1.412832E+5
7.531250E+1,1.413739E+5
7.534722E+1,1.414645E+5
7.538194E+1,1.415551E+5
7.541667E+1,1.416458E+5
7.545139E+1,1.417364E+5
7.548611E+1,1.418270E+5
7.552083E+1,1.419177E+5
7.555556E+1,1.420083E+5
7.559028E+1,1.420990E+5
7.562500E+1,1.421896E+5
7.565972E+1,1.422802E+5
7.569444E+1,1.423709E+5
7.572917E+1,1.424615E+5
7.576389E+1,1.425521E+5
7.579861E+1,1.426428E+5
7.583333E+1,1.427334E+5
7.586806E+1,1.428240E+5
7.590278E+1,1.429147E+5
7.593750E+1,1.430053E+5
7.597222E+1,1.430960E+5
7.600694E+1,1.431866E+5
7.604167E+1,1.432772E+5
7.607639E+1,1.433679E+5
7.611111E+1,1.434585E+5
7.614583E+1,1.435491E+5
7.618056E+1,1.436398E+5
7.621528E+1,1.437304E+5
7.625000E+1,1.438210E+5
7.628472E+1,1.439117E+5
7.631944E+1,1.440023E+5
7.635417E+1,1.440930E+5
7.638889E+1,1.441836E+5
7.642361E+1,1.442742E+5
7.645833E+1,1.443649E+5
7.649306E+1,1.444555E+5
7.652778E+1,1.445461E+5
7.656250E+1,1.446368E+5
7.659722E+1,1.447274E+5
7.663194E+1,1.448180E+5
7.666667E+1,1.449087E+5
7.670139E+1,1.449993E+5
7.673611E+1,1.450900E+5
7.677083E+1,1.451806E+5
7.680556E+1,1.452712E+5
7.684028E+1,1.453619E+5
7.687500E+1,1.454525E+5
7.690972E+1,1.455431E+5
7.694444E+1,1.456338E+5
7.697917E+1,1.457244E+5
7.701389E+1,1.458150E+5
7.704861E+1,1.459057E+5
7.708333E+1,1.459963E+5
7.711806E+1,1.460870E+5
7.715278E+1,1.461776E+5
7.718750E+1,1.462682E+5
7.722222E+1,1.463589E+5
7.725694E+1,1.464495E+5
7.729167E+1,1.465401E+5
7.732639E+1,1.466308E+5
7.736111E+1,1.467214E+5
7.739583E+1,1.468120E+5
7.743056E+1,1.469027E+5
7.746528E+1,1.469933E+5
7.750000E+1,1.470840E+5
7.753472E+1,1.471746E+5
7.756944E+1,1.472652E+5
7.760417E+1,1.473559E+5
7.763889E+1,1.474465E+5
7.767361E+1,1.475371E+5
7.770833E+1,1.476278E+5
7.774306E+1,1.477184E+5
7.777778E+1,1.478091E+5
7.781250E+1,1.478997E+5
7.784722E+1,1.479903E+5
7.788194E+1,1.480810E+5
7.791667E+1,1.481716E+5
7.795139E+1,1.482622E+5
7.798611E+1,1.483529E+5
7.802083E+1,1.484435E+5
7.805556E+1,1.485341E+5
7.809028E+1,1.486248E+5
7.812500E+1,1.487154E+5
7.815972E+1,1.488060E+5
7.819444E+1,1.488967E+5
7.822917E+1,1.489873E+5
7.826389E+1,1.490780E+5
7.829861E+1,1.491686E+5
7.833333E+1,1.492592E+5
7.836806E+1,1.493499E+5
7.840278E+1,1.494405E+5
7.843750E+1,1.495311E+5
7.847222E+1,1.496218E+5
7.850694E+1,1.497124E+5
7.854167E+1,1.498031E+5
7.857639E+1,1.498937E+5
7.861111E+1,1.499843E+5
7.864583E+1,1.500750E+5
7.868056E+1,1.501656E+5
7.871528E+1,1.502562E+5
7.875000E+1,1.503469E+5
7.878472E+1,1.504375E+5
7.881944E+1,1.505281E+5
7.885417E+1,1.506188E+5
7.888889E+1,1.507094E+5
7.892361E+1,1.508001E+5
7.895833E+1,1.508907E+5
7.899306E+1,1.509813E+5
7.902778E+1,1.510720E+5
7.906250E+1,1.511626E+5
7.909722E+1,1.512532E+5
7.913194E+1,1.513439E+5
7.916667E+1,1.514345E+5
7.920139E+1,1.515251E+5
7.923611E+1,1.516158E+5
7.927083E+1,1.517064E+5
7.930556E+1,1.517971E+5
7.934028E+1,1.518877E+5
7.937500E+1,1.519783E+5
7.940972E+1,1.520690E+5
7.944444E+1,1.521596E+5
7.947917E+1,1.522502E+5
7.951389E+1,1.523409E+5
7.954861E+1,1.524315E+5
7.958333E+1,1.525221E+5
7.961806E+1,1.526128E+5
7.965278E+1,1.527034E+5
7.968750E+1,1.527941E+5
7.972222E+1,1.528847E+5
7.975694E+1,1.529753E+5
7.979167E+1,1.530660E+5
7.982639E+1,1.531566E+5
7.986111E+1,1.532472E+5
7.989583E+1,1.533379E+5
7.993056E+1,1.534285E+5
7.996528E+1,1.535191E+5
8.000000E+1,1.536098E+5
8.003472E+1,1.537004E+5
8.006944E+1,1.537911E+5
8.010417E+1,1.538817E+5
8.013889E+1,1.539723E+5
8.017361E+1,1.540630E+5
8.020833E+1,1.541536E+5
8.024306E+1,1.542442E+5
8.027778E+1,1.543349E+5
8.031250E+1,1.544255E+5
8.034722E+1,1.545161E+5
8.038194E+1,1.546068E+5
8.041667E+1,1.546974E+5
8.045139E+1,1.547881E+5
8.048611E+1,1.548787E+5
8.052083E+1,1.549693E+5
8.055556E+1,1.550600E+5
8.059028E+1,1.551506E+5
8.062500E+1,1.552412E+5
8.065972E+1,1.553319E+5
8.069444E+1,1.554225E+5
8.072917E+1,1.555131E+5
8.076389E+1,1.556038E+5
8.079861E+1,1.556944E+5
8.083333E+1,1.557851E+5
8.086806E+1,1.558757E+5
8.090278E+1,1.559663E+5
8.093750E+1,1.560570E+5
8.097222E+1,1.561476E+5
8.100694E+1,1.562382E+5
8.104167E+1,1.563289E+5
8.107639E+1,1.564195E+5
8.111111E+1,1.565101E+5
8.114583E+1,1.566008E+5
8.118056E+1,1.566914E+5
8.121528E+1,1.567821E+5
8.125000E+1,1.568727E+5
8.128472E+1,1.569633E+5
8.131944E+1,1.570540E+5
8.135417E+1,1.571446E+5
8.138889E+1,1.572352E+5
8.142361E+1,1.573259E+5
8.145833E+1,1.574165E+5
8.149306E+1,1.575072E+5
8.152778E+1,1.575978E+5
8.156250E+1,1.576884E+5
8.159722E+1,1.577791E+5
8.163194E+1,1.578697E+5
8.166667E+1,1.579603E+5
8.170139E+1,1.580510E+5
8.173611E+1,1.581416E+5
8.177083E+1,1.582322E+5
8.180556E+1,1.583229E+5
8.184028E+1,1.584135E+5
8.187500E+1,1.585041E+5
8.190972E+1,1.585948E+5
8.194444E+1,1.586854E+5
8.197917E+1,1.587761E+5
8.201389E+1,1.588667E+5
8.204861E+1,1.589573E+5
8.208333E+1,1.590480E+5
8.211806E+1,1.591386E+5
8.215278E+1,1.592292E+5
8.218750E+1,1.593199E+5
8.222222E+1,1.594105E+5
8.225694E+1,1.595011E+5
8.229167E+1,1.595918E+5
8.232639E+1,1.596824E+5
8.236111E+1,1.597731E+5
8.239583E+1,1.598637E+5
8.243056E+1,1.599543E+5
8.246528E+1,1.600450E+5
8.250000E+1,1.601356E+5
8.253472E+1,1.602262E+5
8.256944E+1,1.603169E+5
8.260417E+1,1.604075E+5
8.263889E+1,1.604982E+5
8.267361E+1,1.605888E+5
8.270833E+1,1.606794E+5
8.274306E+1,1.607701E+5
8.277778E+1,1.608607E+5
8.281250E+1,1.609513E+5
8.284722E+1,1.610420E+5
8.288194E+1,1.611326E+5
8.291667E+1,1.612232E+5
8.295139E+1,1.613139E+5
8.298611E+1,1.614045E+5
8.302083E+1,1.614952E+5
8.305556E+1,1.615858E+5
8.309028E+1,1.616764E+5
8.312500E+1,1.617671E+5
8.315972E+1,1.618577E+5
8.319444E+1,1.619483E+5
8.322917E+1,1.620390E+5
8.326389E+1,1.621296E+5
8.329861E+1,1.622202E+5
8.333333E+1,1.623109E+5
8.336806E+1,1.624015E+5
8.340278E+1,1.624922E+5
8.343750E+1,1.625828E+5
8.347222E+1,1.626734E+5
8.350694E+1,1.627641E+5
8.354167E+1,1.628547E+5
8.357639E+1,1.629453E+5
8.361111E+1,1.630360E+5
8.364583E+1,1.631266E+5
8.368056E+1,1.632172E+5
8.371528E+1,1.633079E+5
8.375000E+1,1.633985E+5
8.378472E+1,1.634892E+5
8.381944E+1,1.635798E+5
8.385417E+1,1.636704E+5
8.388889E+1,1.637611E+5
8.392361E+1,1.638517E+5
8.395833E+1,1.639423E+5
8.399306E+1,1.640330E+5
8.402778E+1,1.641236E+5
8.406250E+1,1.642142E+5
8.409722E+1,1.643049E+5
8.413194E+1,1.643955E+5
8.416667E+1,1.644862E+5
8.420139E+1,1.645768E+5
8.423611E+1,1.646674E+5
8.427083E+1,1.647581E+5
8.430556E+1,1.648487E+5
8.434028E+1,1.649393E+5
8.437500E+1,1.650300E+5
8.440972E+1,1.651206E+5
8.444444E+1,1.652112E+5
8.447917E+1,1.653019E+5
8.451389E+1,1.653925E+5
8.454861E+1,1.654832E+5
8.458333E+1,1.655738E+5
8.461806E+1,1.656644E+5
8.465278E+1,1.657551E+5
8.468750E+1,1.658457E+5
8.472222E+1,1.659363E+5
8.475694E+1,1.660270E+5
8.479167E+1,1.661176E+5
8.482639E+1,1.662082E+5
8.486111E+1,1.662989E+5
8.489583E+1,1.663895E+5
8.493056E+1,1.664802E+5
8.496528E+1,1.665708E+5
8.500000E+1,1.666614E+5
8.503472E+1,1.667521E+5
8.506944E+1,1.668427E+5
8.510417E+1,1.669333E+5
8.513889E+1,1.670240E+5
8.517361E+1,1.671146E+5
8.520833E+1,1.672052E+5
8.524306E+1,1.672959E+5
8.527778E+1,1.673865E+5
8.531250E+1,1.674772E+5
8.534722E+1,1.675678E+5
8.538194E+1,1.676584E+5
8.541667E+1,1.677491E+5
8.545139E+1,1.678397E+5
8.548611E+1,1.679303E+5
8.552083E+1,1.680210E+5
8.555556E+1,1.681116E+5
8.559028E+1,1.682022E+5
8.562500E+1,1.682929E+5
8.565972E+1,1.683835E+5
8.569444E+1,1.684742E+5
8.572917E+1,1.685648E+5
8.576389E+1,1.686554E+5
8.579861E+1,1.687461E+5
8.583333E+1,1.688367E+5
8.586806E+1,1.689273E+5
8.590278E+1,1.690180E+5
8.593750E+1,1.691086E+5
8.597222E+1,1.691992E+5
8.600694E+1,1.692899E+5
8.604167E+1,1.693805E+5
8.607639E+1,1.694712E+5
8.611111E+1,1.695618E+5
8.614583E+1,1.696524E+5
8.618056E+1,1.697431E+5
8.621528E+1,1.698337E+5
8.625000E+1,1.699243E+5
8.628472E+1,1.700150E+5
8.631944E+1,1.701056E+5
8.635417E+1,1.701963E+5
8.638889E+1,1.702869E+5
8.642361E+1,1.703775E+5
8.645833E+1,1.704682E+5
8.649306E+1,1.705588E+5
8.652778E+1,1.706494E+5
8.656250E+1,1.707401E+5
8.659722E+1,1.708307E+5
8.663194E+1,1.709213E+5
8.666667E+1,1.710120E+5
8.670139E+1,1.711026E+5
8.673611E+1,1.711933E+5
8.677083E+1,1.712839E+5
8.680556E+1,1.713745E+5
8.684028E+1,1.714652E+5
8.687500E+1,1.715558E+5
8.690972E+1,1.716464E+5
8.694444E+1,1.717371E+5
8.697917E+1,1.718277E+5
8.701389E+1,1.719183E+5
8.704861E+1,1.720090E+5
8.708333E+1,1.720996E+5
8.711806E+1,1.721903E+5
8.715278E+1,1.722809E+5
8.718750E+1,1.723715E+5
8.722222E+1,1.724622E+5
8.725694E+1,1.725528E+5
8.729167E+1,1.726434E+5
8.732639E+1,1.727341E+5
8.736111E+1,1.728247E+5
8.739583E+1,1.729153E+5
8.743056E+1,1.730060E+5
8.746528E+1,1.730966E+5
8.750000E+1,1.731873E+5
8.753472E+1,1.732779E+5
8.756944E+1,1.733685E+5
8.760417E+1,1.734592E+5
8.763889E+1,1.735498E+5
8.767361E+1,1.736404E+5
8.770833E+1,1.737311E+5
8.774306E+1,1.738217E+5
8.777778E+1,1.739123E+5
8.781250E+1,1.740030E+5
8.784722E+1,1.740936E+5
8.788194E+1,1.741843E+5
8.791667E+1,1.742749E+5
8.795139E+1,1.743655E+5
8.798611E+1,1.744562E+5
8.802083E+1,1.745468E+5
8.805556E+1,1.746374E+5
8.809028E+1,1.747281E+5
8.812500E+1,1.748187E+5
8.815972E+1,1.749093E+5
8.819444E+1,1.750000E+5
8.822917E+1,1.750906E+5
8.826389E+1,1.751813E+5
8.829861E+1,1.752719E+5
8.833333E+1,1.753625E+5
8.836806E+1,1.754532E+5
8.840278E+1,1.755438E+5
8.843750E+1,1.756344E+5
8.847222E+1,1.757251E+5
8.850694E+1,1.758157E+5
8.854167E+1,1.759063E+5
8.857639E+1,1.759970E+5
8.861111E+1,1.760876E+5
8.864583E+1,1.761783E+5
8.868056E+1,1.762689E+5
8.871528E+1,1.763595E+5
8.875000E+1,1.764502E+5
8.878472E+1,1.765408E+5
8.881944E+1,1.766314E+5
8.885417E+1,1.767221E+5
8.888889E+1,1.768127E+5
8.892361E+1,1.769033E+5
8.895833E+1,1.769940E+5
8.899306E+1,1.770846E+5
8.902778E+1,1.771753E+5
8.906250E+1,1.772659E+5
8.909722E+1,1.773565E+5
8.913194E+1,1.774472E+5
8.916667E+1,1.775378E+5
8.920139E+1,1.776284E+5
8.923611E+1,1.777191E+5
8.927083E+1,1.778097E+5
8.930556E+1,1.779003E+5
8.934028E+1,1.779910E+5
8.937500E+1,1.780816E+5
8.940972E+1,1.781723E+5
8.944444E+1,1.782629E+5
8.947917E+1,1.783535E+5
8.951389E+1,1.784442E+5
8.954861E+1,1.785348E+5
8.958333E+1,1.786254E+5
8.961806E+1,1.787161E+5
8.965278E+1,1.788067E+5
8.968750E+1,1.788973E+5
8.972222E+1,1.789880E+5
8.975694E+1,1.790786E+5
8.979167E+1,1.791693E+5
8.982639E+1,1.792599E+5
8.986111E+1,1.793505E+5
8.989583E+1,1.794412E+5
8.993056E+1,1.795318E+5
8.996528E+1,1.796224E+5
9.000000E+1,1.797131E+5
9.003472E+1,1.798037E+5
9.006944E+1,1.798943E+5
9.010417E+1,1.799850E+5
9.013889E+1,1.800756E+5
9.017361E+1,1.801663E+5
9.020833E+1,1.802569E+5
9.024306E+1,1.803475E+5
9.027778E+1,1.804382E+5
9.031250E+1,1.805288E+5
9.034722E+1,1.806194E+5
9.038194E+1,1.807101E+5
9.041667E+1,1.808007E+5
9.045139E+1,1.808914E+5
9.048611E+1,1.809820E+5
9.052083E+1,1.810726E+5
9.055556E+1,1.811633E+5
9.059028E+1,1.812539E+5
9.062500E+1,1.813445E+5
9.065972E+1,1.814352E+5
9.069444E+1,1.815258E+5
9.072917E+1,1.816164E+5
9.076389E+1,1.817071E+5
9.079861E+1,1.817977E+5
9.083333E+1,1.818884E+5
9.086806E+1,1.819790E+5
9.090278E+1,1.820696E+5
9.093750E+1,1.821603E+5
9.097222E+1,1.822509E+5
9.100694E+1,1.823415E+5
9.104167E+1,1.824322E+5
9.107639E+1,1.825228E+5
9.111111E+1,1.826134E+5
9.114583E+1,1.827041E+5
9.118056E+1,1.827947E+5
9.121528E+1,1.828854E+5
9.125000E+1,1.829760E+5
9.128472E+1,1.830666E+5
9.131944E+1,1.831573E+5
9.135417E+1,1.832479E+5
9.138889E+1,1.833385E+5
9.142361E+1,1.834292E+5
9.145833E+1,1.835198E+5
9.149306E+1,1.836104E+5
9.152778E+1,1.837011E+5
9.156250E+1,1.837917E+5
9.159722E+1,1.838824E+5
9.163194E+1,1.839730E+5
9.166667E+1,1.840636E+5
9.170139E+1,1.841543E+5
9.173611E+1,1.842449E+5
9.177083E+1,1.843355E+5
9.180556E+1,1.844262E+5
9.184028E+1,1.845168E+5
9.187500E+1,1.846074E+5
9.190972E+1,1.846981E+5
9.194444E+1,1.847887E+5
9.197917E+1,1.848794E+5
9.201389E+1,1.849700E+5
9.204861E+1,1.850606E+5
9.208333E+1,1.851513E+5
9.211806E+1,1.852419E+5
9.215278E+1,1.853325E+5
9.218750E+1,1.854232E+5
9.222222E+1,1.855138E+5
9.225694E+1,1.856044E+5
9.229167E+1,1.856951E+5
9.232639E+1,1.857857E+5
9.236111E+1,1.858764E+5
9.239583E+1,1.859670E+5
9.243056E+1,1.860576E+5
9.246528E+1,1.861483E+5
9.250000E+1,1.862389E+5
9.253472E+1,1.863295E+5
9.256944E+1,1.864202E+5
9.260417E+1,1.865108E+5
9.263889E+1,1.866014E+5
9.267361E+1,1.866921E+5
9.270833E+1,1.867827E+5
9.274306E+1,1.868734E+5
9.277778E+1,1.869640E+5
9.281250E+1,1.870546E+5
9.284722E+1,1.871453E+5
9.288194E+1,1.872359E+5
9.291667E+1,1.873265E+5
9.295139E+1,1.874172E+5
9.298611E+1,1.875078E+5
9.302083E+1,1.875984E+5
9.305556E+1,1.876891E+5
9.309028E+1,1.877797E+5
9.312500E+1,1.878704E+5
9.315972E+1,1.879610E+5
9.319444E+1,1.880516E+5
9.322917E+1,1.881423E+5
9.326389E+1,1.882329E+5
9.329861E+1,1.883235E+5
9.333333E+1,1.884142E+5
9.336806E+1,1.885048E+5
9.340278E+1,1.885954E+5
9.343750E+1,1.886861E+5
9.347222E+1,1.887767E+5
9.350694E+1,1.888674E+5
9.354167E+1,1.889580E+5
9.357639E+1,1.890486E+5
9.361111E+1,1.891393E+5
9.364583E+1,1.892299E+5
9.368056E+1,1.893205E+5
9.371528E+1,1.894112E+5
9.375000E+1,1.895018E+5
9.378472E+1,1.895924E+5
9.381944E+1,1.896831E+5
9.385417E+1,1.897737E+5
9.388889E+1,1.898644E+5
9.392361E+1,1.899550E+5
9.395833E+1,1.900456E+5
9.399306E+1,1.901363E+5
9.402778E+1,1.902269E+5
9.406250E+1,1.903175E+5
9.409722E+1,1.904082E+5
9.413194E+1,1.904988E+5
9.416667E+1,1.905895E+5
9.420139E+1,1.906801E+5
9.423611E+1,1.907707E+5
9.427083E+1,1.908614E+5
9.430556E+1,1.909520E+5
9.434028E+1,1.910426E+5
9.437500E+1,1.911333E+5
9.440972E+1,1.912239E+5
9.444444E+1,1.913145E+5
9.447917E+1,1.914052E+5
9.451389E+1,1.914958E+5
9.454861E+1,1.915865E+5
9.458333E+1,1.916771E+5
9.461806E+1,1.917677E+5
9.465278E+1,1.918584E+5
9.468750E+1,1.919490E+5
9.472222E+1,1.920396E+5
9.475694E+1,1.921303E+5
9.479167E+1,1.922209E+5
9.482639E+1,1.923115E+5
9.486111E+1,1.924022E+5
9.489583E+1,1.924928E+5
9.493056E+1,1.925835E+5
9.496528E+1,1.926741E+5
9.500000E+1,1.927647E+5
9.503472E+1,1.928554E+5
9.506944E+1,1.929460E+5
9.510417E+1,1.930366E+5
9.513889E+1,1.931273E+5
9.517361E+1,1.932179E+5
9.520833E+1,1.933085E+5
9.524306E+1,1.933992E+5
9.527778E+1,1.934898E+5
9.531250E+1,1.935805E+5
9.534722E+1,1.936711E+5
9.538194E+1,1.937617E+5
9.541667E+1,1.938524E+5
9.545139E+1,1.939430E+5
9.548611E+1,1.940336E+5
9.552083E+1,1.941243E+5
9.555556E+1,1.942149E+5
9.559028E+1,1.943055E+5
9.562500E+1,1.943962E+5
9.565972E+1,1.944868E+5
9.569444E+1,1.945775E+5
9.572917E+1,1.946681E+5
9.576389E+1,1.947587E+5
9.579861E+1,1.948494E+5
9.583333E+1,1.949400E+5
9.586806E+1,1.950306E+5
9.590278E+1,1.951213E+5
9.593750E+1,1.952119E+5
9.597222E+1,1.953025E+5
9.600694E+1,1.953932E+5
9.604167E+1,1.954838E+5
9.607639E+1,1.955745E+5
9.611111E+1,1.956651E+5
9.614583E+1,1.957557E+5
9.618056E+1,1.958464E+5
9.621528E+1,1.959370E+5
9.625000E+1,1.960276E+5
9.628472E+1,1.961183E+5
9.631944E+1,1.962089E+5
9.635417E+1,1.962995E+5
9.638889E+1,1.963902E+5
9.642361E+1,1.964808E+5
9.645833E+1,1.965715E+5
9.649306E+1,1.966621E+5
9.652778E+1,1.967527E+5
9.656250E+1,1.968434E+5
9.659722E+1,1.969340E+5
9.663194E+1,1.970246E+5
9.666667E+1,1.971153E+5
9.670139E+1,1.972059E+5
9.673611E+1,1.972965E+5
9.677083E+1,1.973872E+5
9.680556E+1,1.974778E+5
9.684028E+1,1.975685E+5
9.687500E+1,1.976591E+5
9.690972E+1,1.977497E+5
9.694444E+1,1.978404E+5
9.697917E+1,1.979310E+5
9.701389E+1,1.980216E+5
9.704861E+1,1.981123E+5
9.708333E+1,1.982029E+5
9.711806E+1,1.982935E+5
9.715278E+1,1.983842E+5
9.718750E+1,1.984748E+5
9.722222E+1,1.985655E+5
9.725694E+1,1.986561E+5
9.729167E+1,1.987467E+5
9.732639E+1,1.988374E+5
9.736111E+1,1.989280E+5
9.739583E+1,1.990186E+5
9.743056E+1,1.991093E+5
9.746528E+1,1.991999E+5
9.750000E+1,1.992905E+5
9.753472E+1,1.993812E+5
9.756944E+1,1.994718E+5
9.760417E+1,1.995625E+5
9.763889E+1,1.996531E+5
9.767361E+1,1.997437E+5
9.770833E+1,1.998344E+5
9.774306E+1,1.999250E+5
9.777778E+1,2.000156E+5
9.781250E+1,2.001063E+5
9.784722E+1,2.001969E+5
9.788194E+1,2.002875E+5
9.791667E+1,2.003782E+5
9.795139E+1,2.004688E+5
9.798611E+1,2.005595E+5
9.802083E+1,2.006501E+5
9.805556E+1,2.007407E+5
9.809028E+1,2.008314E+5
9.812500E+1,2.009220E+5
9.815972E+1,2.010126E+5
9.819444E+1,2.011033E+5
9.822917E+1,2.011939E+5
9.826389E+1,2.012846E+5
9.829861E+1,2.013752E+5
9.833333E+1,2.014658E+5
9.836806E+1,2.015565E+5
9.840278E+1,2.016471E+5
9.843750E+1,2.017377E+5
9.847222E+1,2.018284E+5
9.850694E+1,2.019190E+5
9.854167E+1,2.020096E+5
9.857639E+1,2.021003E+5
9.861111E+1,2.021909E+5
9.864583E+1,2.022816E+5
9.868056E+1,2.023722E+5
9.871528E+1,2.024628E+5
9.875000E+1,2.025535E+5
9.878472E+1,2.026441E+5
9.881944E+1,2.027347E+5
9.885417E+1,2.028254E+5
9.888889E+1,2.029160E+5
9.892361E+1,2.030066E+5
9.895833E+1,2.030973E+5
9.899306E+1,2.031879E+5
9.902778E+1,2.032786E+5
9.906250E+1,2.033692E+5
9.909722E+1,2.034598E+5
9.913194E+1,2.035505E+5
9.916667E+1,2.036411E+5
9.920139E+1,2.037317E+5
9.923611E+1,2.038224E+5
9.927083E+1,2.039130E+5
9.930556E+1,2.040036E+5
9.934028E+1,2.040943E+5
9.937500E+1,2.041849E+5
9.940972E+1,2.042756E+5
9.944444E+1,2.043662E+5
9.947917E+1,2.044568E+5
9.951389E+1,2.045475E+5
9.954861E+1,2.046381E+5
9.958333E+1,2.047287E+5
9.961806E+1,2.048194E+5
9.965278E+1,2.049100E+5
9.968750E+1,2.050006E+5
9.972222E+1,2.050913E+5
9.975694E+1,2.051819E+5
9.979167E+1,2.052726E+5
9.982639E+1,2.053632E+5
9.986111E+1,2.054538E+5
9.989583E+1,2.055445E+5
9.993056E+1,2.056351E+5
9.996528E+1,2.057257E+5
