7.139351E-12,1.818501E+3
3.472222E-2,1.827162E+3
6.944444E-2,1.835823E+3
1.041667E-1,1.844484E+3
1.388889E-1,1.853144E+3
1.736111E-1,1.861805E+3
2.083333E-1,1.870466E+3
2.430556E-1,1.879127E+3
2.777778E-1,1.887787E+3
3.125000E-1,1.896448E+3
3.472222E-1,1.905109E+3
3.819444E-1,1.913770E+3
4.166667E-1,1.922430E+3
4.513889E-1,1.931091E+3
4.861111E-1,1.939752E+3
5.208333E-1,1.948413E+3
5.555556E-1,1.957073E+3
5.902778E-1,1.965734E+3
6.250000E-1,1.974395E+3
6.597222E-1,1.983056E+3
6.944444E-1,1.991716E+3
7.291667E-1,2.000377E+3
7.638889E-1,2.009038E+3
7.986111E-1,2.017699E+3
8.333333E-1,2.026359E+3
8.680556E-1,2.035020E+3
9.027778E-1,2.043681E+3
9.375000E-1,2.052342E+3
9.722222E-1,2.061002E+3
1.006944E+0,2.069663E+3
1.041667E+0,2.078324E+3
1.076389E+0,2.086985E+3
1.111111E+0,2.095645E+3
1.145833E+0,2.104306E+3
1.180556E+0,2.112967E+3
1.215278E+0,2.121628E+3
1.250000E+0,2.130288E+3
1.284722E+0,2.138949E+3
1.319444E+0,2.147610E+3
1.354167E+0,2.156271E+3
1.388889E+0,2.164931E+3
1.423611E+0,2.173592E+3
1.458333E+0,2.182253E+3
1.493056E+0,2.190914E+3
1.527778E+0,2.199574E+3
1.562500E+0,2.208235E+3
1.597222E+0,2.216896E+3
1.631944E+0,2.225557E+3
1.666667E+0,2.234217E+3
1.701389E+0,2.242878E+3
1.736111E+0,2.251539E+3
1.770833E+0,2.260200E+3
1.805556E+0,2.268860E+3
1.840278E+0,2.277521E+3
1.875000E+0,2.286182E+3
1.909722E+0,2.294843E+3
1.944444E+0,2.303503E+3
1.979167E+0,2.312164E+3
2.013889E+0,2.320825E+3
2.048611E+0,2.329486E+3
2.083333E+0,2.338146E+3
2.118056E+0,2.346807E+3
2.152778E+0,2.355468E+3
2.187500E+0,2.364129E+3
2.222222E+0,2.372789E+3
2.256944E+0,2.381450E+3
2.291667E+0,2.390111E+3
2.326389E+0,2.398772E+3
2.361111E+0,2.407432E+3
2.395833E+0,2.416093E+3
2.430556E+0,2.424754E+3
2.465278E+0,2.433415E+3
2.500000E+0,2.442075E+3
2.534722E+0,2.450736E+3
2.569444E+0,2.459397E+3
2.604167E+0,2.468058E+3
2.638889E+0,2.476718E+3
2.673611E+0,2.485379E+3
2.708333E+0,2.494040E+3
2.743056E+0,2.502701E+3
2.777778E+0,2.511361E+3
2.812500E+0,2.520022E+3
2.847222E+0,2.528683E+3
2.881944E+0,2.537344E+3
2.916667E+0,2.546004E+3
2.951389E+0,2.554665E+3
2.986111E+0,2.563326E+3
3.020833E+0,2.571987E+3
3.055556E+0,2.580647E+3
3.090278E+0,2.589308E+3
3.125000E+0,2.597969E+3
3.159722E+0,2.606630E+3
3.194444E+0,2.615290E+3
3.229167E+0,2.623951E+3
3.263889E+0,2.632612E+3
3.298611E+0,2.641273E+3
3.333333E+0,2.649933E+3
3.368056E+0,2.658594E+3
3.402778E+0,2.667255E+3
3.437500E+0,2.675916E+3
3.472222E+0,2.684576E+3
3.506944E+0,2.693237E+3
3.541667E+0,2.701898E+3
3.576389E+0,2.710559E+3
3.611111E+0,2.719219E+3
3.645833E+0,2.727880E+3
3.680556E+0,2.736541E+3
3.715278E+0,2.745202E+3
3.750000E+0,2.753862E+3
3.784722E+0,2.762523E+3
3.819444E+0,2.771184E+3
3.854167E+0,2.779845E+3
3.888889E+0,2.788505E+3
3.923611E+0,2.797166E+3
3.958333E+0,2.805827E+3
3.993056E+0,2.814488E+3
4.027778E+0,2.823148E+3
4.062500E+0,2.831809E+3
4.097222E+0,2.840470E+3
4.131944E+0,2.849131E+3
4.166667E+0,2.857791E+3
4.201389E+0,2.866452E+3
4.236111E+0,2.875113E+3
4.270833E+0,2.883774E+3
4.305556E+0,2.892434E+3
4.340278E+0,2.901095E+3
4.375000E+0,2.909756E+3
4.409722E+0,2.918417E+3
4.444444E+0,2.927077E+3
4.479167E+0,2.935738E+3
4.513889E+0,2.944399E+3
4.548611E+0,2.953060E+3
4.583333E+0,2.961720E+3
4.618056E+0,2.970381E+3
4.652778E+0,2.979042E+3
4.687500E+0,2.987703E+3
4.722222E+0,2.996363E+3
4.756944E+0,3.005024E+3
4.791667E+0,3.013685E+3
4.826389E+0,3.022346E+3
4.861111E+0,3.031006E+3
4.895833E+0,3.039667E+3
4.930556E+0,3.048328E+3
4.965278E+0,3.056989E+3
5.000000E+0,3.065649E+3
5.034722E+0,3.074310E+3
5.069444E+0,3.082971E+3
5.104167E+0,3.091632E+3
5.138889E+0,3.100292E+3
5.173611E+0,3.108953E+3
5.208333E+0,3.117614E+3
5.243056E+0,3.126275E+3
5.277778E+0,3.134935E+3
5.312500E+0,3.143596E+3
5.347222E+0,3.152257E+3
5.381944E+0,3.160918E+3
5.416667E+0,3.169578E+3
5.451389E+0,3.178239E+3
5.486111E+0,3.186900E+3
5.520833E+0,3.195561E+3
5.555556E+0,3.204221E+3
5.590278E+0,3.212882E+3
5.625000E+0,3.221543E+3
5.659722E+0,3.230204E+3
5.694444E+0,3.238864E+3
5.729167E+0,3.247525E+3
5.763889E+0,3.256186E+3
5.798611E+0,3.264847E+3
5.833333E+0,3.273507E+3
5.868056E+0,3.282168E+3
5.902778E+0,3.290829E+3
5.937500E+0,3.299490E+3
5.972222E+0,3.308150E+3
6.006944E+0,3.316811E+3
6.041667E+0,3.325472E+3
6.076389E+0,3.334133E+3
6.111111E+0,3.342793E+3
6.145833E+0,3.351454E+3
6.180556E+0,3.360115E+3
6.215278E+0,3.368776E+3
6.250000E+0,3.377436E+3
6.284722E+0,3.386097E+3
6.319444E+0,3.394758E+3
6.354167E+0,3.403419E+3
6.388889E+0,3.412079E+3
6.423611E+0,3.420740E+3
6.458333E+0,3.429401E+3
6.493056E+0,3.438062E+3
6.527778E+0,3.446722E+3
6.562500E+0,3.455383E+3
6.597222E+0,3.464044E+3
6.631944E+0,3.472705E+3
6.666667E+0,3.481365E+3
6.701389E+0,3.490026E+3
6.736111E+0,3.498687E+3
6.770833E+0,3.507348E+3
6.805556E+0,3.516008E+3
6.840278E+0,3.524669E+3
6.875000E+0,3.533330E+3
6.909722E+0,3.539669E+3
6.944444E+0,3.542211E+3
6.979167E+0,3.544753E+3
7.013889E+0,3.547294E+3
7.048611E+0,3.549836E+3
7.083333E+0,3.552378E+3
7.118056E+0,3.554920E+3
7.152778E+0,3.557461E+3
7.187500E+0,3.560003E+3
7.222222E+0,3.562545E+3
7.256944E+0,3.565086E+3
7.291667E+0,3.567628E+3
7.326389E+0,3.570170E+3
7.361111E+0,3.572712E+3
7.395833E+0,3.575253E+3
7.430556E+0,3.577795E+3
7.465278E+0,3.580337E+3
7.500000E+0,3.582878E+3
7.534722E+0,3.585420E+3
7.569444E+0,3.587962E+3
7.604167E+0,3.590504E+3
7.638889E+0,3.593045E+3
7.673611E+0,3.595587E+3
7.708333E+0,3.598129E+3
7.743056E+0,3.600671E+3
7.777778E+0,3.603212E+3
7.812500E+0,3.605754E+3
7.847222E+0,3.608296E+3
7.881944E+0,3.610837E+3
7.916667E+0,3.613379E+3
7.951389E+0,3.615921E+3
7.986111E+0,3.618463E+3
8.020833E+0,3.621004E+3
8.055556E+0,3.623546E+3
8.090278E+0,3.626088E+3
8.125000E+0,3.628629E+3
8.159722E+0,3.631171E+3
8.194444E+0,3.633713E+3
8.229167E+0,3.636255E+3
8.263889E+0,3.638796E+3
8.298611E+0,3.641338E+3
8.333333E+0,3.643880E+3
8.368056E+0,3.646421E+3
8.402778E+0,3.648963E+3
8.437500E+0,3.651505E+3
8.472222E+0,3.654047E+3
8.506944E+0,3.656588E+3
8.541667E+0,3.659130E+3
8.576389E+0,3.661672E+3
8.611111E+0,3.664213E+3
8.645833E+0,3.666755E+3
8.680556E+0,3.669297E+3
8.715278E+0,3.671839E+3
8.750000E+0,3.674380E+3
8.784722E+0,3.676922E+3
8.819444E+0,3.679464E+3
8.854167E+0,3.682006E+3
8.888889E+0,3.684547E+3
8.923611E+0,3.687089E+3
8.958333E+0,3.689631E+3
8.993056E+0,3.692172E+3
9.027778E+0,3.694714E+3
9.062500E+0,3.697256E+3
9.097222E+0,3.699798E+3
9.131944E+0,3.702339E+3
9.166667E+0,3.704881E+3
9.201389E+0,3.707423E+3
9.236111E+0,3.709964E+3
9.270833E+0,3.712506E+3
9.305556E+0,3.715048E+3
9.340278E+0,3.717590E+3
9.375000E+0,3.720131E+3
9.409722E+0,3.722673E+3
9.444444E+0,3.725215E+3
9.479167E+0,3.727756E+3
9.513889E+0,3.730298E+3
9.548611E+0,3.732840E+3
9.583333E+0,3.735382E+3
9.618056E+0,3.737923E+3
9.652778E+0,3.740465E+3
9.687500E+0,3.743007E+3
9.722222E+0,3.745549E+3
9.756944E+0,3.748090E+3
9.791667E+0,3.750632E+3
9.826389E+0,3.753174E+3
9.861111E+0,3.755715E+3
9.895833E+0,3.758257E+3
9.930556E+0,3.760799E+3
9.965278E+0,3.763341E+3
1.000000E+1,3.765882E+3
1.003472E+1,3.768424E+3
1.006944E+1,3.770966E+3
1.010417E+1,3.773507E+3
1.013889E+1,3.776049E+3
1.017361E+1,3.778591E+3
1.020833E+1,3.781133E+3
1.024306E+1,3.783674E+3
1.027778E+1,3.786216E+3
1.031250E+1,3.788758E+3
1.034722E+1,3.791299E+3
1.038194E+1,3.793841E+3
1.041667E+1,3.796383E+3
1.045139E+1,3.798925E+3
1.048611E+1,3.801466E+3
1.052083E+1,3.804008E+3
1.055556E+1,3.806550E+3
1.059028E+1,3.809092E+3
1.062500E+1,3.811633E+3
1.065972E+1,3.814175E+3
1.069444E+1,3.816717E+3
1.072917E+1,3.819258E+3
1.076389E+1,3.821800E+3
1.079861E+1,3.824342E+3
1.083333E+1,3.826884E+3
1.086806E+1,3.829425E+3
1.090278E+1,3.831967E+3
1.093750E+1,3.834509E+3
1.097222E+1,3.837050E+3
1.100694E+1,3.839592E+3
1.104167E+1,3.842134E+3
1.107639E+1,3.844676E+3
1.111111E+1,3.847217E+3
1.114583E+1,3.849759E+3
1.118056E+1,3.852301E+3
1.121528E+1,3.854843E+3
1.125000E+1,3.857384E+3
1.128472E+1,3.859926E+3
1.131944E+1,3.862468E+3
1.135417E+1,3.865009E+3
1.138889E+1,3.867551E+3
1.142361E+1,3.870093E+3
1.145833E+1,3.878404E+3
1.149306E+1,3.887684E+3
1.152778E+1,3.896963E+3
1.156250E+1,3.906242E+3
1.159722E+1,3.915522E+3
1.163194E+1,3.924801E+3
1.166667E+1,3.934081E+3
1.170139E+1,3.943360E+3
1.173611E+1,3.952640E+3
1.177083E+1,3.961919E+3
1.180556E+1,3.971199E+3
1.184028E+1,3.980478E+3
1.187500E+1,3.989757E+3
1.190972E+1,3.999037E+3
1.194444E+1,4.008316E+3
1.197917E+1,4.017596E+3
1.201389E+1,4.026875E+3
1.204861E+1,4.036155E+3
1.208333E+1,4.045434E+3
1.211806E+1,4.054714E+3
1.215278E+1,4.063993E+3
1.218750E+1,4.073272E+3
1.222222E+1,4.082552E+3
1.225694E+1,4.091831E+3
1.229167E+1,4.101111E+3
1.232639E+1,4.110390E+3
1.236111E+1,4.119670E+3
1.239583E+1,4.128949E+3
1.243056E+1,4.138229E+3
1.246528E+1,4.147508E+3
1.250000E+1,4.156787E+3
1.253472E+1,4.166067E+3
1.256944E+1,4.175346E+3
1.260417E+1,4.184626E+3
1.263889E+1,4.193905E+3
1.267361E+1,4.203185E+3
1.270833E+1,4.212464E+3
1.274306E+1,4.221744E+3
1.277778E+1,4.231023E+3
1.281250E+1,4.240302E+3
1.284722E+1,4.249582E+3
1.288194E+1,4.258861E+3
1.291667E+1,4.268141E+3
1.295139E+1,4.277420E+3
1.298611E+1,4.286700E+3
1.302083E+1,4.295979E+3
1.305556E+1,4.305259E+3
1.309028E+1,4.314538E+3
1.312500E+1,4.323817E+3
1.315972E+1,4.333097E+3
1.319444E+1,4.342376E+3
1.322917E+1,4.351656E+3
1.326389E+1,4.360935E+3
1.329861E+1,4.370214E+3
1.333333E+1,4.379494E+3
1.336806E+1,4.388774E+3
1.340278E+1,4.398053E+3
1.343750E+1,4.407332E+3
1.347222E+1,4.416612E+3
1.350694E+1,4.425891E+3
1.354167E+1,4.435171E+3
1.357639E+1,4.444450E+3
1.361111E+1,4.453729E+3
1.364583E+1,4.463009E+3
1.368056E+1,4.472288E+3
1.371528E+1,4.481568E+3
1.375000E+1,4.490847E+3
1.378472E+1,4.500127E+3
1.381944E+1,4.509406E+3
1.385417E+1,4.518686E+3
1.388889E+1,4.527965E+3
1.392361E+1,4.537244E+3
1.395833E+1,4.546524E+3
1.399306E+1,4.555803E+3
1.402778E+1,4.565083E+3
1.406250E+1,4.574362E+3
1.409722E+1,4.583642E+3
1.413194E+1,4.592921E+3
1.416667E+1,4.602201E+3
1.420139E+1,4.611480E+3
1.423611E+1,4.620759E+3
1.427083E+1,4.630039E+3
1.430556E+1,4.639318E+3
1.434028E+1,4.648598E+3
1.437500E+1,4.657877E+3
1.440972E+1,4.667157E+3
1.444444E+1,4.676436E+3
1.447917E+1,4.685716E+3
1.451389E+1,4.694995E+3
1.454861E+1,4.704274E+3
1.458333E+1,4.713554E+3
1.461806E+1,4.722833E+3
1.465278E+1,4.732113E+3
1.468750E+1,4.741392E+3
1.472222E+1,4.750671E+3
1.475694E+1,4.759951E+3
1.479167E+1,4.769231E+3
1.482639E+1,4.778510E+3
1.486111E+1,4.787789E+3
1.489583E+1,4.797069E+3
1.493056E+1,4.806348E+3
1.496528E+1,4.815628E+3
1.500000E+1,4.824907E+3
1.503472E+1,4.834186E+3
1.506944E+1,4.843466E+3
1.510417E+1,4.852745E+3
1.513889E+1,4.862025E+3
1.517361E+1,4.871304E+3
1.520833E+1,4.880584E+3
1.524306E+1,4.889863E+3
1.527778E+1,4.899143E+3
1.531250E+1,4.908422E+3
1.534722E+1,4.917701E+3
1.538194E+1,4.926981E+3
1.541667E+1,4.936260E+3
1.545139E+1,4.945540E+3
1.548611E+1,4.954819E+3
1.552083E+1,4.964099E+3
1.555556E+1,4.973378E+3
1.559028E+1,4.975117E+3
1.562500E+1,4.973385E+3
1.565972E+1,4.971653E+3
1.569444E+1,4.969920E+3
1.572917E+1,4.968188E+3
1.576389E+1,4.966456E+3
1.579861E+1,4.964724E+3
1.583333E+1,4.962992E+3
1.586806E+1,4.961260E+3
1.590278E+1,4.959527E+3
1.593750E+1,4.957795E+3
1.597222E+1,4.956063E+3
1.600694E+1,4.954331E+3
1.604167E+1,4.952599E+3
1.607639E+1,4.950867E+3
1.611111E+1,4.949135E+3
1.614583E+1,4.947402E+3
1.618056E+1,4.945670E+3
1.621528E+1,4.943938E+3
1.625000E+1,4.942206E+3
1.628472E+1,4.940474E+3
1.631944E+1,4.938742E+3
1.635417E+1,4.937010E+3
1.638889E+1,4.935277E+3
1.642361E+1,4.933545E+3
1.645833E+1,4.931813E+3
1.649306E+1,4.930081E+3
1.652778E+1,4.928349E+3
1.656250E+1,4.926617E+3
1.659722E+1,4.924885E+3
1.663194E+1,4.923152E+3
1.666667E+1,4.921420E+3
1.670139E+1,4.919688E+3
1.673611E+1,4.917956E+3
1.677083E+1,4.916224E+3
1.680556E+1,4.914492E+3
1.684028E+1,4.912759E+3
1.687500E+1,4.911027E+3
1.690972E+1,4.909295E+3
1.694444E+1,4.907563E+3
1.697917E+1,4.905831E+3
1.701389E+1,4.904099E+3
1.704861E+1,4.902367E+3
1.708333E+1,4.900634E+3
1.711806E+1,4.898902E+3
1.715278E+1,4.897170E+3
1.718750E+1,4.895438E+3
1.722222E+1,4.893706E+3
1.725694E+1,4.891974E+3
1.729167E+1,4.890242E+3
1.732639E+1,4.888509E+3
1.736111E+1,4.886777E+3
1.739583E+1,4.885045E+3
1.743056E+1,4.883313E+3
1.746528E+1,4.881581E+3
1.750000E+1,4.879849E+3
1.753472E+1,4.878117E+3
1.756944E+1,4.876384E+3
1.760417E+1,4.874652E+3
1.763889E+1,4.872920E+3
1.767361E+1,4.871188E+3
1.770833E+1,4.869456E+3
1.774306E+1,4.867724E+3
1.777778E+1,4.865991E+3
1.781250E+1,4.864259E+3
1.784722E+1,4.862527E+3
1.788194E+1,4.860795E+3
1.791667E+1,4.859063E+3
1.795139E+1,4.857331E+3
1.798611E+1,4.855599E+3
1.802083E+1,4.853866E+3
1.805556E+1,4.852134E+3
1.809028E+1,4.850402E+3
1.812500E+1,4.848670E+3
1.815972E+1,4.846938E+3
1.819444E+1,4.845206E+3
1.822917E+1,4.843474E+3
1.826389E+1,4.841741E+3
1.829861E+1,4.840009E+3
1.833333E+1,4.838277E+3
1.836806E+1,4.836545E+3
1.840278E+1,4.834813E+3
1.843750E+1,4.833081E+3
1.847222E+1,4.831349E+3
1.850694E+1,4.829616E+3
1.854167E+1,4.827884E+3
1.857639E+1,4.826152E+3
1.861111E+1,4.824420E+3
1.864583E+1,4.822688E+3
1.868056E+1,4.820956E+3
1.871528E+1,4.819223E+3
1.875000E+1,4.817491E+3
1.878472E+1,4.815759E+3
1.881944E+1,4.814027E+3
1.885417E+1,4.812295E+3
1.888889E+1,4.810563E+3
1.892361E+1,4.808831E+3
1.895833E+1,4.807098E+3
1.899306E+1,4.805366E+3
1.902778E+1,4.803634E+3
1.906250E+1,4.801902E+3
1.909722E+1,4.800170E+3
1.913194E+1,4.798438E+3
1.916667E+1,4.796706E+3
1.920139E+1,4.794973E+3
1.923611E+1,4.793241E+3
1.927083E+1,4.791509E+3
1.930556E+1,4.789777E+3
1.934028E+1,4.788045E+3
1.937500E+1,4.786313E+3
1.940972E+1,4.784581E+3
1.944444E+1,4.782848E+3
1.947917E+1,4.781116E+3
1.951389E+1,4.779384E+3
1.954861E+1,4.777652E+3
1.958333E+1,4.775920E+3
1.961806E+1,4.774188E+3
1.965278E+1,4.772455E+3
1.968750E+1,4.770723E+3
1.972222E+1,4.768991E+3
1.975694E+1,4.767259E+3
1.979167E+1,4.765527E+3
1.982639E+1,4.763795E+3
1.986111E+1,4.762063E+3
1.989583E+1,4.760330E+3
1.993056E+1,4.758598E+3
1.996528E+1,4.756866E+3
2.000000E+1,4.755134E+3
2.003472E+1,4.786641E+3
2.006944E+1,4.818147E+3
2.010417E+1,4.849655E+3
2.013889E+1,4.881161E+3
2.017361E+1,4.912668E+3
2.020833E+1,4.944174E+3
2.024306E+1,4.975682E+3
2.027778E+1,5.007189E+3
2.031250E+1,5.038695E+3
2.034722E+1,5.070202E+3
2.038194E+1,5.101708E+3
2.041667E+1,5.133216E+3
2.045139E+1,5.164722E+3
2.048611E+1,5.196229E+3
2.052083E+1,5.227736E+3
2.055556E+1,5.259243E+3
2.059028E+1,5.290750E+3
2.062500E+1,5.322256E+3
2.065972E+1,5.353763E+3
2.069444E+1,5.385270E+3
2.072917E+1,5.416777E+3
2.076389E+1,5.448284E+3
2.079861E+1,5.479790E+3
2.083333E+1,5.511297E+3
2.086806E+1,5.542804E+3
2.090278E+1,5.574311E+3
2.093750E+1,5.605817E+3
2.097222E+1,5.637324E+3
2.100694E+1,5.668831E+3
2.104167E+1,5.700338E+3
2.107639E+1,5.731845E+3
2.111111E+1,5.763351E+3
2.114583E+1,5.794858E+3
2.118056E+1,5.826365E+3
2.121528E+1,5.857872E+3
2.125000E+1,5.889379E+3
2.128472E+1,5.920885E+3
2.131944E+1,5.952392E+3
2.135417E+1,5.983899E+3
2.138889E+1,6.015406E+3
2.142361E+1,6.046913E+3
2.145833E+1,6.078419E+3
2.149306E+1,6.109927E+3
2.152778E+1,6.141433E+3
2.156250E+1,6.172940E+3
2.159722E+1,6.204446E+3
2.163194E+1,6.235953E+3
2.166667E+1,6.267460E+3
2.170139E+1,6.298967E+3
2.173611E+1,6.330474E+3
2.177083E+1,6.361980E+3
2.180556E+1,6.393488E+3
2.184028E+1,6.424994E+3
2.187500E+1,6.456501E+3
2.190972E+1,6.488008E+3
2.194444E+1,6.519514E+3
2.197917E+1,6.551022E+3
2.201389E+1,6.582528E+3
2.204861E+1,6.614035E+3
2.208333E+1,6.645541E+3
2.211806E+1,6.677049E+3
2.215278E+1,6.708556E+3
2.218750E+1,6.740062E+3
2.222222E+1,6.771569E+3
2.225694E+1,6.803075E+3
2.229167E+1,6.834583E+3
2.232639E+1,6.866089E+3
2.236111E+1,6.897596E+3
2.239583E+1,6.929103E+3
2.243056E+1,6.960610E+3
2.246528E+1,6.992117E+3
2.250000E+1,7.023623E+3
2.253472E+1,7.055130E+3
2.256944E+1,7.086636E+3
2.260417E+1,7.118144E+3
2.263889E+1,7.149651E+3
2.267361E+1,7.181157E+3
2.270833E+1,7.212664E+3
2.274306E+1,7.244171E+3
2.277778E+1,7.275678E+3
2.281250E+1,7.307184E+3
2.284722E+1,7.338691E+3
2.288194E+1,7.370198E+3
2.291667E+1,7.401705E+3
2.295139E+1,7.433212E+3
2.298611E+1,7.464718E+3
2.302083E+1,7.496225E+3
2.305556E+1,7.527732E+3
2.309028E+1,7.559239E+3
2.312500E+1,7.590746E+3
2.315972E+1,7.622252E+3
2.319444E+1,7.653759E+3
2.322917E+1,7.685266E+3
2.326389E+1,7.716773E+3
2.329861E+1,7.748279E+3
2.333333E+1,7.779786E+3
2.336806E+1,7.811294E+3
2.340278E+1,7.842800E+3
2.343750E+1,7.874307E+3
2.347222E+1,7.905813E+3
2.350694E+1,7.937320E+3
2.354167E+1,7.968827E+3
2.357639E+1,8.000334E+3
2.361111E+1,8.031841E+3
2.364583E+1,8.063347E+3
2.368056E+1,8.094855E+3
2.371528E+1,8.126361E+3
2.375000E+1,8.157868E+3
2.378472E+1,8.189375E+3
2.381944E+1,8.220881E+3
2.385417E+1,8.252389E+3
2.388889E+1,8.327948E+3
2.392361E+1,8.416553E+3
2.395833E+1,8.505158E+3
2.399306E+1,8.593766E+3
2.402778E+1,8.682370E+3
2.406250E+1,8.770975E+3
2.409722E+1,8.859580E+3
2.413194E+1,8.948185E+3
2.416667E+1,9.036793E+3
2.420139E+1,9.125398E+3
2.423611E+1,9.214003E+3
2.427083E+1,9.302608E+3
2.430556E+1,9.391215E+3
2.434028E+1,9.479820E+3
2.437500E+1,9.568425E+3
2.440972E+1,9.657030E+3
2.444444E+1,9.745635E+3
2.447917E+1,9.834242E+3
2.451389E+1,9.922847E+3
2.454861E+1,1.001145E+4
2.458333E+1,1.010006E+4
2.461806E+1,1.018866E+4
2.465278E+1,1.027727E+4
2.468750E+1,1.036587E+4
2.472222E+1,1.045448E+4
2.475694E+1,1.054308E+4
2.479167E+1,1.063169E+4
2.482639E+1,1.072030E+4
2.486111E+1,1.080890E+4
2.489583E+1,1.089751E+4
2.493056E+1,1.098611E+4
2.496528E+1,1.107472E+4
2.500000E+1,1.116332E+4
2.503472E+1,1.125193E+4
2.506944E+1,1.134053E+4
2.510417E+1,1.142914E+4
2.513889E+1,1.151775E+4
2.517361E+1,1.160635E+4
2.520833E+1,1.169496E+4
2.524306E+1,1.178356E+4
2.527778E+1,1.187217E+4
2.531250E+1,1.196077E+4
2.534722E+1,1.204938E+4
2.538194E+1,1.213798E+4
2.541667E+1,1.222659E+4
2.545139E+1,1.231520E+4
2.548611E+1,1.240380E+4
2.552083E+1,1.249241E+4
2.555556E+1,1.258101E+4
2.559028E+1,1.266962E+4
2.562500E+1,1.275822E+4
2.565972E+1,1.284683E+4
2.569444E+1,1.293543E+4
2.572917E+1,1.302404E+4
2.576389E+1,1.311265E+4
2.579861E+1,1.320125E+4
2.583333E+1,1.328986E+4
2.586806E+1,1.337846E+4
2.590278E+1,1.346707E+4
2.593750E+1,1.355567E+4
2.597222E+1,1.364428E+4
2.600694E+1,1.373288E+4
2.604167E+1,1.382149E+4
2.607639E+1,1.391009E+4
2.611111E+1,1.399870E+4
2.614583E+1,1.408730E+4
2.618056E+1,1.417591E+4
2.621528E+1,1.426452E+4
2.625000E+1,1.435312E+4
2.628472E+1,1.444173E+4
2.631944E+1,1.453033E+4
2.635417E+1,1.461894E+4
2.638889E+1,1.470754E+4
2.642361E+1,1.479615E+4
2.645833E+1,1.488475E+4
2.649306E+1,1.497336E+4
2.652778E+1,1.506197E+4
2.656250E+1,1.515057E+4
2.659722E+1,1.523918E+4
2.663194E+1,1.532778E+4
2.666667E+1,1.541639E+4
2.670139E+1,1.550499E+4
2.673611E+1,1.559360E+4
2.677083E+1,1.568220E+4
2.680556E+1,1.577081E+4
2.684028E+1,1.585942E+4
2.687500E+1,1.594802E+4
2.690972E+1,1.603663E+4
2.694444E+1,1.612523E+4
2.697917E+1,1.621384E+4
2.701389E+1,1.630244E+4
2.704861E+1,1.639105E+4
2.708333E+1,1.647965E+4
2.711806E+1,1.656826E+4
2.715278E+1,1.665687E+4
2.718750E+1,1.674547E+4
2.722222E+1,1.683408E+4
2.725694E+1,1.692268E+4
2.729167E+1,1.701129E+4
2.732639E+1,1.709989E+4
2.736111E+1,1.718850E+4
2.739583E+1,1.727710E+4
2.743056E+1,1.736571E+4
2.746528E+1,1.745431E+4
2.750000E+1,1.754292E+4
2.753472E+1,1.763152E+4
2.756944E+1,1.772013E+4
2.760417E+1,1.780874E+4
2.763889E+1,1.789734E+4
2.767361E+1,1.798595E+4
2.770833E+1,1.807455E+4
2.774306E+1,1.816316E+4
2.777778E+1,1.825176E+4
2.781250E+1,1.834037E+4
2.784722E+1,1.842897E+4
2.788194E+1,1.851758E+4
2.791667E+1,1.860840E+4
2.795139E+1,1.870586E+4
2.798611E+1,1.880332E+4
2.802083E+1,1.890078E+4
2.805556E+1,1.899825E+4
2.809028E+1,1.909571E+4
2.812500E+1,1.919317E+4
2.815972E+1,1.929063E+4
2.819444E+1,1.938809E+4
2.822917E+1,1.948556E+4
2.826389E+1,1.958302E+4
2.829861E+1,1.968048E+4
2.833333E+1,1.977794E+4
2.836806E+1,1.987541E+4
2.840278E+1,1.997287E+4
2.843750E+1,2.007033E+4
2.847222E+1,2.016779E+4
2.850694E+1,2.026526E+4
2.854167E+1,2.036272E+4
2.857639E+1,2.046018E+4
2.861111E+1,2.055764E+4
2.864583E+1,2.065511E+4
2.868056E+1,2.075257E+4
2.871528E+1,2.085003E+4
2.875000E+1,2.094749E+4
2.878472E+1,2.104495E+4
2.881944E+1,2.114242E+4
2.885417E+1,2.123988E+4
2.888889E+1,2.133734E+4
2.892361E+1,2.143480E+4
2.895833E+1,2.153227E+4
2.899306E+1,2.162973E+4
2.902778E+1,2.172719E+4
2.906250E+1,2.182465E+4
2.909722E+1,2.192212E+4
2.913194E+1,2.201958E+4
2.916667E+1,2.211704E+4
2.920139E+1,2.221450E+4
2.923611E+1,2.231197E+4
2.927083E+1,2.240943E+4
2.930556E+1,2.250689E+4
2.934028E+1,2.260435E+4
2.937500E+1,2.270182E+4
2.940972E+1,2.279928E+4
2.944444E+1,2.289674E+4
2.947917E+1,2.299420E+4
2.951389E+1,2.309167E+4
2.954861E+1,2.318913E+4
2.958333E+1,2.328659E+4
2.961806E+1,2.338405E+4
2.965278E+1,2.348152E+4
2.968750E+1,2.357898E+4
2.972222E+1,2.367644E+4
2.975694E+1,2.377390E+4
2.979167E+1,2.387136E+4
2.982639E+1,2.396883E+4
2.986111E+1,2.406629E+4
2.989583E+1,2.416375E+4
2.993056E+1,2.426121E+4
2.996528E+1,2.435868E+4
3.000000E+1,2.445614E+4
3.003472E+1,2.455360E+4
3.006944E+1,2.465106E+4
3.010417E+1,2.474853E+4
3.013889E+1,2.484599E+4
3.017361E+1,2.494345E+4
3.020833E+1,2.504091E+4
3.024306E+1,2.513838E+4
3.027778E+1,2.523584E+4
3.031250E+1,2.533330E+4
3.034722E+1,2.543076E+4
3.038194E+1,2.552822E+4
3.041667E+1,2.562569E+4
3.045139E+1,2.572315E+4
3.048611E+1,2.582061E+4
3.052083E+1,2.591807E+4
3.055556E+1,2.601554E+4
3.059028E+1,2.611300E+4
3.062500E+1,2.621046E+4
3.065972E+1,2.630792E+4
3.069444E+1,2.640538E+4
3.072917E+1,2.650285E+4
3.076389E+1,2.660031E+4
3.079861E+1,2.669777E+4
3.083333E+1,2.679523E+4
3.086806E+1,2.689270E+4
3.090278E+1,2.699016E+4
3.093750E+1,2.708762E+4
3.097222E+1,2.718508E+4
3.100694E+1,2.728255E+4
3.104167E+1,2.738001E+4
3.107639E+1,2.747747E+4
3.111111E+1,2.757493E+4
3.114583E+1,2.767240E+4
3.118056E+1,2.776986E+4
3.121528E+1,2.786732E+4
3.125000E+1,2.796478E+4
3.128472E+1,2.806224E+4
3.131944E+1,2.815971E+4
3.135417E+1,2.825717E+4
3.138889E+1,2.835463E+4
3.142361E+1,2.845209E+4
3.145833E+1,2.854956E+4
3.149306E+1,2.864702E+4
3.152778E+1,2.874448E+4
3.156250E+1,2.884194E+4
3.159722E+1,2.893941E+4
3.163194E+1,2.903687E+4
3.166667E+1,2.913433E+4
3.170139E+1,2.923179E+4
3.173611E+1,2.932926E+4
3.177083E+1,2.942672E+4
3.180556E+1,2.952418E+4
3.184028E+1,2.962164E+4
3.187500E+1,2.971911E+4
3.190972E+1,2.981657E+4
3.194444E+1,2.991403E+4
3.197917E+1,3.001149E+4
3.201389E+1,3.010896E+4
3.204861E+1,3.020642E+4
3.208333E+1,3.030388E+4
3.211806E+1,3.040134E+4
3.215278E+1,3.049881E+4
3.218750E+1,3.059627E+4
3.222222E+1,3.069373E+4
3.225694E+1,3.079119E+4
3.229167E+1,3.088865E+4
3.232639E+1,3.098612E+4
3.236111E+1,3.108358E+4
3.239583E+1,3.118104E+4
3.243056E+1,3.127850E+4
3.246528E+1,3.137597E+4
3.250000E+1,3.147343E+4
3.253472E+1,3.157089E+4
3.256944E+1,3.166835E+4
3.260417E+1,3.176582E+4
3.263889E+1,3.186328E+4
3.267361E+1,3.196074E+4
3.270833E+1,3.208494E+4
3.274306E+1,3.223222E+4
3.277778E+1,3.237950E+4
3.281250E+1,3.252678E+4
3.284722E+1,3.267406E+4
3.288194E+1,3.282134E+4
3.291667E+1,3.296862E+4
3.295139E+1,3.311590E+4
3.298611E+1,3.326318E+4
3.302083E+1,3.341046E+4
3.305556E+1,3.355774E+4
3.309028E+1,3.370502E+4
3.312500E+1,3.385230E+4
3.315972E+1,3.399958E+4
3.319444E+1,3.414686E+4
3.322917E+1,3.429414E+4
3.326389E+1,3.444142E+4
3.329861E+1,3.458870E+4
3.333333E+1,3.473598E+4
3.336806E+1,3.488326E+4
3.340278E+1,3.503054E+4
3.343750E+1,3.517782E+4
3.347222E+1,3.532510E+4
3.350694E+1,3.547238E+4
3.354167E+1,3.561967E+4
3.357639E+1,3.576695E+4
3.361111E+1,3.591422E+4
3.364583E+1,3.606150E+4
3.368056E+1,3.620879E+4
3.371528E+1,3.635607E+4
3.375000E+1,3.650335E+4
3.378472E+1,3.665063E+4
3.381944E+1,3.679790E+4
3.385417E+1,3.694519E+4
3.388889E+1,3.709247E+4
3.392361E+1,3.723975E+4
3.395833E+1,3.738703E+4
3.399306E+1,3.753431E+4
3.402778E+1,3.768159E+4
3.406250E+1,3.782887E+4
3.409722E+1,3.797615E+4
3.413194E+1,3.812343E+4
3.416667E+1,3.827071E+4
3.420139E+1,3.841799E+4
3.423611E+1,3.856527E+4
3.427083E+1,3.871255E+4
3.430556E+1,3.885983E+4
3.434028E+1,3.900711E+4
3.437500E+1,3.915439E+4
3.440972E+1,3.930167E+4
3.444444E+1,3.944895E+4
3.447917E+1,3.959623E+4
3.451389E+1,3.974351E+4
3.454861E+1,3.989079E+4
3.458333E+1,4.003807E+4
3.461806E+1,4.018536E+4
3.465278E+1,4.033264E+4
3.468750E+1,4.047991E+4
3.472222E+1,4.062719E+4
3.475694E+1,4.077447E+4
3.479167E+1,4.092176E+4
3.482639E+1,4.106904E+4
3.486111E+1,4.121632E+4
3.489583E+1,4.136360E+4
3.493056E+1,4.151088E+4
3.496528E+1,4.165816E+4
3.500000E+1,4.180544E+4
3.503472E+1,4.195272E+4
3.506944E+1,4.210000E+4
3.510417E+1,4.224728E+4
3.513889E+1,4.239456E+4
3.517361E+1,4.254184E+4
3.520833E+1,4.268912E+4
3.524306E+1,4.283640E+4
3.527778E+1,4.298368E+4
3.531250E+1,4.313096E+4
3.534722E+1,4.327824E+4
3.538194E+1,4.342552E+4
3.541667E+1,4.357280E+4
3.545139E+1,4.372008E+4
3.548611E+1,4.386736E+4
3.552083E+1,4.401464E+4
3.555556E+1,4.416192E+4
3.559028E+1,4.430920E+4
3.562500E+1,4.445648E+4
3.565972E+1,4.460376E+4
3.569444E+1,4.475104E+4
3.572917E+1,4.489833E+4
3.576389E+1,4.504561E+4
3.579861E+1,4.519288E+4
3.583333E+1,4.534016E+4
3.586806E+1,4.548745E+4
3.590278E+1,4.563473E+4
3.593750E+1,4.578201E+4
3.597222E+1,4.592929E+4
3.600694E+1,4.607657E+4
3.604167E+1,4.622385E+4
3.607639E+1,4.637113E+4
3.611111E+1,4.651841E+4
3.614583E+1,4.666569E+4
3.618056E+1,4.681297E+4
3.621528E+1,4.696025E+4
3.625000E+1,4.710753E+4
3.628472E+1,4.725481E+4
3.631944E+1,4.740209E+4
3.635417E+1,4.754937E+4
3.638889E+1,4.769665E+4
3.642361E+1,4.784393E+4
3.645833E+1,4.799121E+4
3.649306E+1,4.813849E+4
3.652778E+1,4.828577E+4
3.656250E+1,4.843305E+4
3.659722E+1,4.858033E+4
3.663194E+1,4.872761E+4
3.666667E+1,4.887489E+4
3.670139E+1,4.902217E+4
3.673611E+1,4.916945E+4
3.677083E+1,4.931673E+4
3.680556E+1,4.946402E+4
3.684028E+1,4.955752E+4
3.687500E+1,4.955752E+4
3.690972E+1,4.955752E+4
3.694444E+1,4.955752E+4
3.697917E+1,4.955752E+4
3.701389E+1,4.955752E+4
3.704861E+1,4.955752E+4
3.708333E+1,4.955752E+4
3.711806E+1,4.955752E+4
3.715278E+1,4.955752E+4
3.718750E+1,4.955752E+4
3.722222E+1,4.955752E+4
3.725694E+1,4.955752E+4
3.729167E+1,4.955752E+4
3.732639E+1,4.955752E+4
3.736111E+1,4.955752E+4
3.739583E+1,4.955752E+4
3.743056E+1,4.955752E+4
3.746528E+1,4.955752E+4
3.750000E+1,4.955752E+4
3.753472E+1,4.955752E+4
3.756944E+1,4.955752E+4
3.760417E+1,4.955752E+4
3.763889E+1,4.955752E+4
3.767361E+1,4.955752E+4
3.770833E+1,4.955752E+4
3.774306E+1,4.955752E+4
3.777778E+1,4.955752E+4
3.781250E+1,4.955752E+4
3.784722E+1,4.955752E+4
3.788194E+1,4.955752E+4
3.791667E+1,4.955752E+4
3.795139E+1,4.955752E+4
3.798611E+1,4.955752E+4
3.802083E+1,4.955752E+4
3.805556E+1,4.955752E+4
3.809028E+1,4.955752E+4
3.812500E+1,4.955752E+4
3.815972E+1,4.955752E+4
3.819444E+1,4.955752E+4
3.822917E+1,4.955752E+4
3.826389E+1,4.955752E+4
3.829861E+1,4.955752E+4
3.833333E+1,4.955752E+4
3.836806E+1,4.955752E+4
3.840278E+1,4.955752E+4
3.843750E+1,4.955752E+4
3.847222E+1,4.955752E+4
3.850694E+1,4.955752E+4
3.854167E+1,4.955752E+4
3.857639E+1,4.955752E+4
3.861111E+1,4.955752E+4
3.864583E+1,4.955752E+4
3.868056E+1,4.955752E+4
3.871528E+1,4.955752E+4
3.875000E+1,4.955752E+4
3.878472E+1,4.955752E+4
3.881944E+1,4.955752E+4
3.885417E+1,4.955752E+4
3.888889E+1,4.955752E+4
3.892361E+1,4.955752E+4
3.895833E+1,4.955752E+4
3.899306E+1,4.955752E+4
3.902778E+1,4.955752E+4
3.906250E+1,4.955752E+4
3.909722E+1,4.955752E+4
3.913194E+1,4.955752E+4
3.916667E+1,4.955752E+4
3.920139E+1,4.955752E+4
3.923611E+1,4.955752E+4
3.927083E+1,4.955752E+4
3.930556E+1,4.955752E+4
3.934028E+1,4.955752E+4
3.937500E+1,4.955752E+4
3.940972E+1,4.955752E+4
3.944444E+1,4.955752E+4
3.947917E+1,4.955752E+4
3.951389E+1,4.955752E+4
3.954861E+1,4.955752E+4
3.958333E+1,4.955752E+4
3.961806E+1,4.955752E+4
3.965278E+1,4.955752E+4
3.968750E+1,4.955752E+4
3.972222E+1,4.955752E+4
3.975694E+1,4.955752E+4
3.979167E+1,4.955752E+4
3.982639E+1,4.955752E+4
3.986111E+1,4.955752E+4
3.989583E+1,4.955752E+4
3.993056E+1,4.955752E+4
3.996528E+1,4.955752E+4
4.000000E+1,4.955752E+4
4.003472E+1,4.955752E+4
4.006944E+1,4.955752E+4
4.010417E+1,4.955752E+4
4.013889E+1,4.955752E+4
4.017361E+1,4.955752E+4
4.020833E+1,4.955752E+4
4.024306E+1,4.955752E+4
4.027778E+1,4.955752E+4
4.031250E+1,4.955752E+4
4.034722E+1,4.955752E+4
4.038194E+1,4.955752E+4
4.041667E+1,4.955752E+4
4.045139E+1,4.955752E+4
4.048611E+1,4.955752E+4
4.052083E+1,4.955752E+4
4.055556E+1,4.955752E+4
4.059028E+1,4.955752E+4
4.062500E+1,4.955752E+4
4.065972E+1,4.955752E+4
4.069444E+1,4.955752E+4
4.072917E+1,4.955752E+4
4.076389E+1,4.955752E+4
4.079861E+1,4.955752E+4
4.083333E+1,4.955752E+4
4.086806E+1,4.955752E+4
4.090278E+1,4.955752E+4
4.093750E+1,4.955752E+4
4.097222E+1,4.955900E+4
4.100694E+1,4.956664E+4
4.104167E+1,4.957429E+4
4.107639E+1,4.958193E+4
4.111111E+1,4.958958E+4
4.114583E+1,4.959722E+4
4.118056E+1,4.960487E+4
4.121528E+1,4.961251E+4
4.125000E+1,4.962015E+4
4.128472E+1,4.962780E+4
4.131944E+1,4.963544E+4
4.135417E+1,4.964309E+4
4.138889E+1,4.965073E+4
4.142361E+1,4.965837E+4
4.145833E+1,4.966602E+4
4.149306E+1,4.967366E+4
4.152778E+1,4.968131E+4
4.156250E+1,4.968895E+4
4.159722E+1,4.969660E+4
4.163194E+1,4.970424E+4
4.166667E+1,4.971188E+4
4.170139E+1,4.971953E+4
4.173611E+1,4.972717E+4
4.177083E+1,4.973482E+4
4.180556E+1,4.974246E+4
4.184028E+1,4.975010E+4
4.187500E+1,4.975775E+4
4.190972E+1,4.976539E+4
4.194444E+1,4.977304E+4
4.197917E+1,4.978068E+4
4.201389E+1,4.978833E+4
4.204861E+1,4.979597E+4
4.208333E+1,4.980361E+4
4.211806E+1,4.981126E+4
4.215278E+1,4.981890E+4
4.218750E+1,4.982655E+4
4.222222E+1,4.983419E+4
4.225694E+1,4.984183E+4
4.229167E+1,4.984948E+4
4.232639E+1,4.985712E+4
4.236111E+1,4.986477E+4
4.239583E+1,4.987241E+4
4.243056E+1,4.988006E+4
4.246528E+1,4.988770E+4
4.250000E+1,4.989534E+4
4.253472E+1,4.990299E+4
4.256944E+1,4.991063E+4
4.260417E+1,4.991828E+4
4.263889E+1,4.992592E+4
4.267361E+1,4.993357E+4
4.270833E+1,4.994121E+4
4.274306E+1,4.994885E+4
4.277778E+1,4.995650E+4
4.281250E+1,4.996414E+4
4.284722E+1,4.997179E+4
4.288194E+1,4.997943E+4
4.291667E+1,4.998707E+4
4.295139E+1,4.999472E+4
4.298611E+1,5.000236E+4
4.302083E+1,5.001001E+4
4.305556E+1,5.001765E+4
4.309028E+1,5.002530E+4
4.312500E+1,5.003294E+4
4.315972E+1,5.004058E+4
4.319444E+1,5.004823E+4
4.322917E+1,5.005587E+4
4.326389E+1,5.006352E+4
4.329861E+1,5.007116E+4
4.333333E+1,5.007880E+4
4.336806E+1,5.008645E+4
4.340278E+1,5.009409E+4
4.343750E+1,5.010174E+4
4.347222E+1,5.010938E+4
4.350694E+1,5.011703E+4
4.354167E+1,5.012467E+4
4.357639E+1,5.013231E+4
4.361111E+1,5.013996E+4
4.364583E+1,5.014760E+4
4.368056E+1,5.015525E+4
4.371528E+1,5.016289E+4
4.375000E+1,5.017054E+4
4.378472E+1,5.017818E+4
4.381944E+1,5.018582E+4
4.385417E+1,5.019347E+4
4.388889E+1,5.020111E+4
4.392361E+1,5.020876E+4
4.395833E+1,5.021640E+4
4.399306E+1,5.022404E+4
4.402778E+1,5.023169E+4
4.406250E+1,5.023933E+4
4.409722E+1,5.024698E+4
4.413194E+1,5.025462E+4
4.416667E+1,5.026227E+4
4.420139E+1,5.026991E+4
4.423611E+1,5.027755E+4
4.427083E+1,5.028520E+4
4.430556E+1,5.029284E+4
4.434028E+1,5.030049E+4
4.437500E+1,5.030813E+4
4.440972E+1,5.031577E+4
4.444444E+1,5.032342E+4
4.447917E+1,5.033106E+4
4.451389E+1,5.033871E+4
4.454861E+1,5.034635E+4
4.458333E+1,5.035400E+4
4.461806E+1,5.036164E+4
4.465278E+1,5.036928E+4
4.468750E+1,5.037693E+4
4.472222E+1,5.038457E+4
4.475694E+1,5.039222E+4
4.479167E+1,5.039986E+4
4.482639E+1,5.040751E+4
4.486111E+1,5.041515E+4
4.489583E+1,5.042279E+4
4.493056E+1,5.043044E+4
4.496528E+1,5.043808E+4
4.500000E+1,5.044573E+4
4.503472E+1,5.045337E+4
4.506944E+1,5.046101E+4
4.510417E+1,5.046866E+4
4.513889E+1,5.047630E+4
4.517361E+1,5.048395E+4
4.520833E+1,5.049159E+4
4.524306E+1,5.049924E+4
4.527778E+1,5.050688E+4
4.531250E+1,5.051452E+4
4.534722E+1,5.052217E+4
4.538194E+1,5.052981E+4
4.541667E+1,5.053746E+4
4.545139E+1,5.054510E+4
4.548611E+1,5.055274E+4
4.552083E+1,5.056039E+4
4.555556E+1,5.056803E+4
4.559028E+1,5.057568E+4
4.562500E+1,5.058332E+4
4.565972E+1,5.058997E+4
4.569444E+1,5.058997E+4
4.572917E+1,5.058997E+4
4.576389E+1,5.058997E+4
4.579861E+1,5.058997E+4
4.583333E+1,5.058997E+4
4.586806E+1,5.058997E+4
4.590278E+1,5.058997E+4
4.593750E+1,5.058997E+4
4.597222E+1,5.058997E+4
4.600694E+1,5.058997E+4
4.604167E+1,5.058997E+4
4.607639E+1,5.058997E+4
4.611111E+1,5.058997E+4
4.614583E+1,5.058997E+4
4.618056E+1,5.058997E+4
4.621528E+1,5.058997E+4
4.625000E+1,5.058997E+4
4.628472E+1,5.058997E+4
4.631944E+1,5.058997E+4
4.635417E+1,5.058997E+4
4.638889E+1,5.058997E+4
4.642361E+1,5.058997E+4
4.645833E+1,5.058997E+4
4.649306E+1,5.058997E+4
4.652778E+1,5.058997E+4
4.656250E+1,5.058997E+4
4.659722E+1,5.058997E+4
4.663194E+1,5.058997E+4
4.666667E+1,5.058997E+4
4.670139E+1,5.058997E+4
4.673611E+1,5.058997E+4
4.677083E+1,5.058997E+4
4.680556E+1,5.058997E+4
4.684028E+1,5.058997E+4
4.687500E+1,5.058997E+4
4.690972E+1,5.058997E+4
4.694444E+1,5.058997E+4
4.697917E+1,5.058997E+4
4.701389E+1,5.058997E+4
4.704861E+1,5.058997E+4
4.708333E+1,5.058997E+4
4.711806E+1,5.058997E+4
4.715278E+1,5.058997E+4
4.718750E+1,5.058997E+4
4.722222E+1,5.058997E+4
4.725694E+1,5.058997E+4
4.729167E+1,5.058997E+4
4.732639E+1,5.058997E+4
4.736111E+1,5.058997E+4
4.739583E+1,5.058997E+4
4.743056E+1,5.058997E+4
4.746528E+1,5.058997E+4
4.750000E+1,5.058997E+4
4.753472E+1,5.058997E+4
4.756944E+1,5.058997E+4
4.760417E+1,5.058997E+4
4.763889E+1,5.058997E+4
4.767361E+1,5.058997E+4
4.770833E+1,5.058997E+4
4.774306E+1,5.058997E+4
4.777778E+1,5.058997E+4
4.781250E+1,5.058997E+4
4.784722E+1,5.058997E+4
4.788194E+1,5.058997E+4
4.791667E+1,5.058997E+4
4.795139E+1,5.058997E+4
4.798611E+1,5.058997E+4
4.802083E+1,5.058997E+4
4.805556E+1,5.058997E+4
4.809028E+1,5.058997E+4
4.812500E+1,5.058997E+4
4.815972E+1,5.058997E+4
4.819444E+1,5.058997E+4
4.822917E+1,5.058997E+4
4.826389E+1,5.058997E+4
4.829861E+1,5.058997E+4
4.833333E+1,5.058997E+4
4.836806E+1,5.058997E+4
4.840278E+1,5.058997E+4
4.843750E+1,5.058997E+4
4.847222E+1,5.058997E+4
4.850694E+1,5.058997E+4
4.854167E+1,5.058997E+4
4.857639E+1,5.058997E+4
4.861111E+1,5.058997E+4
4.864583E+1,5.058997E+4
4.868056E+1,5.058997E+4
4.871528E+1,5.058997E+4
4.875000E+1,5.058997E+4
4.878472E+1,5.058997E+4
4.881944E+1,5.058997E+4
4.885417E+1,5.058997E+4
4.888889E+1,5.058997E+4
4.892361E+1,5.058997E+4
4.895833E+1,5.058997E+4
4.899306E+1,5.058997E+4
4.902778E+1,5.058997E+4
4.906250E+1,5.058997E+4
4.909722E+1,5.058997E+4
4.913194E+1,5.058997E+4
4.916667E+1,5.058997E+4
4.920139E+1,5.058997E+4
4.923611E+1,5.058997E+4
4.927083E+1,5.058997E+4
4.930556E+1,5.058997E+4
4.934028E+1,5.058997E+4
4.937500E+1,5.058997E+4
4.940972E+1,5.058997E+4
4.944444E+1,5.058997E+4
4.947917E+1,5.058997E+4
4.951389E+1,5.058997E+4
4.954861E+1,5.058997E+4
4.958333E+1,5.058997E+4
4.961806E+1,5.058997E+4
4.965278E+1,5.058997E+4
4.968750E+1,5.058997E+4
4.972222E+1,5.058997E+4
4.975694E+1,5.058997E+4
4.979167E+1,5.058997E+4
4.982639E+1,5.058997E+4
4.986111E+1,5.058997E+4
4.989583E+1,5.058997E+4
4.993056E+1,5.058997E+4
4.996528E+1,5.058997E+4
5.000000E+1,5.056649E+4
5.003472E+1,5.053105E+4
5.006944E+1,5.049561E+4
5.010417E+1,5.046017E+4
5.013889E+1,5.042473E+4
5.017361E+1,5.038929E+4
5.020833E+1,5.035385E+4
5.024306E+1,5.031840E+4
5.027778E+1,5.028296E+4
5.031250E+1,5.024752E+4
5.034722E+1,5.021208E+4
5.038194E+1,5.017664E+4
5.041667E+1,5.014120E+4
5.045139E+1,5.010576E+4
5.048611E+1,5.007032E+4
5.052083E+1,5.003487E+4
5.055556E+1,4.999943E+4
5.059028E+1,4.996399E+4
5.062500E+1,4.992855E+4
5.065972E+1,4.989311E+4
5.069444E+1,4.985767E+4
5.072917E+1,4.982223E+4
5.076389E+1,4.978679E+4
5.079861E+1,4.975134E+4
5.083333E+1,4.971590E+4
5.086806E+1,4.968046E+4
5.090278E+1,4.964502E+4
5.093750E+1,4.960958E+4
5.097222E+1,4.957414E+4
5.100694E+1,4.953870E+4
5.104167E+1,4.950325E+4
5.107639E+1,4.946781E+4
5.111111E+1,4.943237E+4
5.114583E+1,4.939693E+4
5.118056E+1,4.936149E+4
5.121528E+1,4.932605E+4
5.125000E+1,4.929061E+4
5.128472E+1,4.925517E+4
5.131944E+1,4.921972E+4
5.135417E+1,4.918428E+4
5.138889E+1,4.914884E+4
5.142361E+1,4.911340E+4
5.145833E+1,4.907796E+4
5.149306E+1,4.904252E+4
5.152778E+1,4.900708E+4
5.156250E+1,4.897164E+4
5.159722E+1,4.893619E+4
5.163194E+1,4.890075E+4
5.166667E+1,4.886531E+4
5.170139E+1,4.882987E+4
5.173611E+1,4.879443E+4
5.177083E+1,4.875899E+4
5.180556E+1,4.872355E+4
5.184028E+1,4.868810E+4
5.187500E+1,4.865266E+4
5.190972E+1,4.861722E+4
5.194444E+1,4.858178E+4
5.197917E+1,4.854634E+4
5.201389E+1,4.851090E+4
5.204861E+1,4.847546E+4
5.208333E+1,4.844002E+4
5.211806E+1,4.840457E+4
5.215278E+1,4.836913E+4
5.218750E+1,4.833369E+4
5.222222E+1,4.829825E+4
5.225694E+1,4.826281E+4
5.229167E+1,4.822737E+4
5.232639E+1,4.819193E+4
5.236111E+1,4.815649E+4
5.239583E+1,4.812104E+4
5.243056E+1,4.808560E+4
5.246528E+1,4.805016E+4
5.250000E+1,4.801472E+4
5.253472E+1,4.797928E+4
5.256944E+1,4.794384E+4
5.260417E+1,4.790840E+4
5.263889E+1,4.787296E+4
5.267361E+1,4.783751E+4
5.270833E+1,4.780207E+4
5.274306E+1,4.776663E+4
5.277778E+1,4.773119E+4
5.281250E+1,4.769575E+4
5.284722E+1,4.766031E+4
5.288194E+1,4.762487E+4
5.291667E+1,4.758942E+4
5.295139E+1,4.755398E+4
5.298611E+1,4.751854E+4
5.302083E+1,4.748310E+4
5.305556E+1,4.744766E+4
5.309028E+1,4.741222E+4
5.312500E+1,4.737678E+4
5.315972E+1,4.734134E+4
5.319444E+1,4.730589E+4
5.322917E+1,4.727045E+4
5.326389E+1,4.723501E+4
5.329861E+1,4.719957E+4
5.333333E+1,4.716413E+4
5.336806E+1,4.712869E+4
5.340278E+1,4.709325E+4
5.343750E+1,4.705781E+4
5.347222E+1,4.702236E+4
5.350694E+1,4.698692E+4
5.354167E+1,4.695148E+4
5.357639E+1,4.691604E+4
5.361111E+1,4.688060E+4
5.364583E+1,4.684516E+4
5.368056E+1,4.680972E+4
5.371528E+1,4.677427E+4
5.375000E+1,4.673883E+4
5.378472E+1,4.670339E+4
5.381944E+1,4.666795E+4
5.385417E+1,4.663251E+4
5.388889E+1,4.659707E+4
5.392361E+1,4.656163E+4
5.395833E+1,4.652619E+4
5.399306E+1,4.649074E+4
5.402778E+1,4.646456E+4
5.406250E+1,4.649638E+4
5.409722E+1,4.652821E+4
5.413194E+1,4.656003E+4
5.416667E+1,4.659186E+4
5.420139E+1,4.662369E+4
5.423611E+1,4.665551E+4
5.427083E+1,4.668734E+4
5.430556E+1,4.671916E+4
5.434028E+1,4.675099E+4
5.437500E+1,4.678281E+4
5.440972E+1,4.681464E+4
5.444444E+1,4.684646E+4
5.447917E+1,4.687829E+4
5.451389E+1,4.691011E+4
5.454861E+1,4.694194E+4
5.458333E+1,4.697376E+4
5.461806E+1,4.700559E+4
5.465278E+1,4.703742E+4
5.468750E+1,4.706924E+4
5.472222E+1,4.710107E+4
5.475694E+1,4.713289E+4
5.479167E+1,4.716472E+4
5.482639E+1,4.719654E+4
5.486111E+1,4.722837E+4
5.489583E+1,4.726019E+4
5.493056E+1,4.729202E+4
5.496528E+1,4.732384E+4
5.500000E+1,4.735567E+4
5.503472E+1,4.738749E+4
5.506944E+1,4.741932E+4
5.510417E+1,4.745115E+4
5.513889E+1,4.748297E+4
5.517361E+1,4.751480E+4
5.520833E+1,4.754662E+4
5.524306E+1,4.757845E+4
5.527778E+1,4.761027E+4
5.531250E+1,4.764210E+4
5.534722E+1,4.767392E+4
5.538194E+1,4.770575E+4
5.541667E+1,4.773757E+4
5.545139E+1,4.776940E+4
5.548611E+1,4.780122E+4
5.552083E+1,4.783305E+4
5.555556E+1,4.786488E+4
5.559028E+1,4.789670E+4
5.562500E+1,4.792853E+4
5.565972E+1,4.796035E+4
5.569444E+1,4.799218E+4
5.572917E+1,4.802400E+4
5.576389E+1,4.805583E+4
5.579861E+1,4.808765E+4
5.583333E+1,4.811948E+4
5.586806E+1,4.815130E+4
5.590278E+1,4.818313E+4
5.593750E+1,4.821495E+4
5.597222E+1,4.824678E+4
5.600694E+1,4.827860E+4
5.604167E+1,4.831043E+4
5.607639E+1,4.834226E+4
5.611111E+1,4.837408E+4
5.614583E+1,4.840591E+4
5.618056E+1,4.843773E+4
5.621528E+1,4.846956E+4
5.625000E+1,4.850138E+4
5.628472E+1,4.853321E+4
5.631944E+1,4.856503E+4
5.635417E+1,4.859686E+4
5.638889E+1,4.862868E+4
5.642361E+1,4.866051E+4
5.645833E+1,4.869233E+4
5.649306E+1,4.872416E+4
5.652778E+1,4.875598E+4
5.656250E+1,4.878781E+4
5.659722E+1,4.881963E+4
5.663194E+1,4.885146E+4
5.666667E+1,4.888329E+4
5.670139E+1,4.891511E+4
5.673611E+1,4.894694E+4
5.677083E+1,4.897876E+4
5.680556E+1,4.901059E+4
5.684028E+1,4.904241E+4
5.687500E+1,4.907424E+4
5.690972E+1,4.910606E+4
5.694444E+1,4.913789E+4
5.697917E+1,4.916971E+4
5.701389E+1,4.920154E+4
5.704861E+1,4.923336E+4
5.708333E+1,4.926519E+4
5.711806E+1,4.929702E+4
5.715278E+1,4.932884E+4
5.718750E+1,4.936067E+4
5.722222E+1,4.939249E+4
5.725694E+1,4.942432E+4
5.729167E+1,4.945614E+4
5.732639E+1,4.948797E+4
5.736111E+1,4.951979E+4
5.739583E+1,4.955162E+4
5.743056E+1,4.958344E+4
5.746528E+1,4.961527E+4
5.750000E+1,4.964709E+4
5.753472E+1,4.967892E+4
5.756944E+1,4.971074E+4
5.760417E+1,4.974257E+4
5.763889E+1,4.977440E+4
5.767361E+1,4.980622E+4
5.770833E+1,4.983805E+4
5.774306E+1,4.986987E+4
5.777778E+1,4.990170E+4
5.781250E+1,4.993352E+4
5.784722E+1,4.996535E+4
5.788194E+1,4.999717E+4
5.791667E+1,5.002900E+4
5.795139E+1,5.006082E+4
5.798611E+1,5.009265E+4
5.802083E+1,5.012447E+4
5.805556E+1,5.015630E+4
5.809028E+1,5.018813E+4
5.812500E+1,5.021995E+4
5.815972E+1,5.025178E+4
5.819444E+1,5.028360E+4
5.822917E+1,5.031543E+4
5.826389E+1,5.034725E+4
5.829861E+1,5.037908E+4
5.833333E+1,5.041090E+4
5.836806E+1,5.044273E+4
5.840278E+1,5.047455E+4
5.843750E+1,5.050638E+4
5.847222E+1,5.053820E+4
5.850694E+1,5.057003E+4
5.854167E+1,5.059300E+4
5.857639E+1,5.060113E+4
5.861111E+1,5.060925E+4
5.864583E+1,5.061737E+4
5.868056E+1,5.062549E+4
5.871528E+1,5.063361E+4
5.875000E+1,5.064174E+4
5.878472E+1,5.064986E+4
5.881944E+1,5.065798E+4
5.885417E+1,5.066610E+4
5.888889E+1,5.067422E+4
5.892361E+1,5.068235E+4
5.895833E+1,5.069047E+4
5.899306E+1,5.069859E+4
5.902778E+1,5.070671E+4
5.906250E+1,5.071483E+4
5.909722E+1,5.072296E+4
5.913194E+1,5.073108E+4
5.916667E+1,5.073920E+4
5.920139E+1,5.074732E+4
5.923611E+1,5.075544E+4
5.927083E+1,5.076357E+4
5.930556E+1,5.077169E+4
5.934028E+1,5.077981E+4
5.937500E+1,5.078793E+4
5.940972E+1,5.079605E+4
5.944444E+1,5.080418E+4
5.947917E+1,5.081230E+4
5.951389E+1,5.082042E+4
5.954861E+1,5.082854E+4
5.958333E+1,5.083666E+4
5.961806E+1,5.084479E+4
5.965278E+1,5.085291E+4
5.968750E+1,5.086103E+4
5.972222E+1,5.086915E+4
5.975694E+1,5.087727E+4
5.979167E+1,5.088540E+4
5.982639E+1,5.089352E+4
5.986111E+1,5.090164E+4
5.989583E+1,5.090976E+4
5.993056E+1,5.091788E+4
5.996528E+1,5.092601E+4
6.000000E+1,5.093413E+4
6.003472E+1,5.094225E+4
6.006944E+1,5.095037E+4
6.010417E+1,5.095849E+4
6.013889E+1,5.096662E+4
6.017361E+1,5.097474E+4
6.020833E+1,5.098286E+4
6.024306E+1,5.099098E+4
6.027778E+1,5.099910E+4
6.031250E+1,5.100723E+4
6.034722E+1,5.101535E+4
6.038194E+1,5.102347E+4
6.041667E+1,5.103159E+4
6.045139E+1,5.103971E+4
6.048611E+1,5.104784E+4
6.052083E+1,5.105596E+4
6.055556E+1,5.106408E+4
6.059028E+1,5.107220E+4
6.062500E+1,5.108032E+4
6.065972E+1,5.108845E+4
6.069444E+1,5.109657E+4
6.072917E+1,5.110469E+4
6.076389E+1,5.111281E+4
6.079861E+1,5.112093E+4
6.083333E+1,5.112906E+4
6.086806E+1,5.113718E+4
6.090278E+1,5.114530E+4
6.093750E+1,5.115342E+4
6.097222E+1,5.116154E+4
6.100694E+1,5.116967E+4
6.104167E+1,5.117779E+4
6.107639E+1,5.118591E+4
6.111111E+1,5.119403E+4
6.114583E+1,5.120215E+4
6.118056E+1,5.121028E+4
6.121528E+1,5.121840E+4
6.125000E+1,5.122652E+4
6.128472E+1,5.123464E+4
6.131944E+1,5.124276E+4
6.135417E+1,5.125089E+4
6.138889E+1,5.125901E+4
6.142361E+1,5.126713E+4
6.145833E+1,5.127525E+4
6.149306E+1,5.128337E+4
6.152778E+1,5.129150E+4
6.156250E+1,5.129962E+4
6.159722E+1,5.130774E+4
6.163194E+1,5.131586E+4
6.166667E+1,5.132398E+4
6.170139E+1,5.133211E+4
6.173611E+1,5.134023E+4
6.177083E+1,5.134835E+4
6.180556E+1,5.135647E+4
6.184028E+1,5.136459E+4
6.187500E+1,5.137272E+4
6.190972E+1,5.138084E+4
6.194444E+1,5.138896E+4
6.197917E+1,5.139708E+4
6.201389E+1,5.140520E+4
6.204861E+1,5.141333E+4
6.208333E+1,5.142145E+4
6.211806E+1,5.142957E+4
6.215278E+1,5.143769E+4
6.218750E+1,5.144581E+4
6.222222E+1,5.145394E+4
6.225694E+1,5.146206E+4
6.229167E+1,5.147018E+4
6.232639E+1,5.147830E+4
6.236111E+1,5.148642E+4
6.239583E+1,5.149455E+4
6.243056E+1,5.150267E+4
6.246528E+1,5.151079E+4
6.250000E+1,5.151891E+4
6.253472E+1,5.152703E+4
6.256944E+1,5.153516E+4
6.260417E+1,5.154328E+4
6.263889E+1,5.155140E+4
6.267361E+1,5.155952E+4
6.270833E+1,5.156765E+4
6.274306E+1,5.157577E+4
6.277778E+1,5.158389E+4
6.281250E+1,5.159201E+4
6.284722E+1,5.160013E+4
6.288194E+1,5.160826E+4
6.291667E+1,5.161638E+4
6.295139E+1,5.163327E+4
6.298611E+1,5.167564E+4
6.302083E+1,5.171802E+4
6.305556E+1,5.176040E+4
6.309028E+1,5.180277E+4
6.312500E+1,5.184515E+4
6.315972E+1,5.188752E+4
6.319444E+1,5.192990E+4
6.322917E+1,5.197227E+4
6.326389E+1,5.201465E+4
6.329861E+1,5.205702E+4
6.333333E+1,5.209940E+4
6.336806E+1,5.214178E+4
6.340278E+1,5.218415E+4
6.343750E+1,5.222653E+4
6.347222E+1,5.226890E+4
6.350694E+1,5.231128E+4
6.354167E+1,5.235365E+4
6.357639E+1,5.239603E+4
6.361111E+1,5.243840E+4
6.364583E+1,5.248078E+4
6.368056E+1,5.252316E+4
6.371528E+1,5.256553E+4
6.375000E+1,5.260791E+4
6.378472E+1,5.265028E+4
6.381944E+1,5.269266E+4
6.385417E+1,5.273503E+4
6.388889E+1,5.277741E+4
6.392361E+1,5.281978E+4
6.395833E+1,5.286216E+4
6.399306E+1,5.290454E+4
6.402778E+1,5.294691E+4
6.406250E+1,5.298929E+4
6.409722E+1,5.303166E+4
6.413194E+1,5.307404E+4
6.416667E+1,5.311641E+4
6.420139E+1,5.315879E+4
6.423611E+1,5.320116E+4
6.427083E+1,5.324354E+4
6.430556E+1,5.328592E+4
6.434028E+1,5.332829E+4
6.437500E+1,5.337067E+4
6.440972E+1,5.341304E+4
6.444444E+1,5.345542E+4
6.447917E+1,5.349779E+4
6.451389E+1,5.354017E+4
6.454861E+1,5.358254E+4
6.458333E+1,5.362492E+4
6.461806E+1,5.366730E+4
6.465278E+1,5.370967E+4
6.468750E+1,5.375205E+4
6.472222E+1,5.379442E+4
6.475694E+1,5.383680E+4
6.479167E+1,5.387917E+4
6.482639E+1,5.392155E+4
6.486111E+1,5.396392E+4
6.489583E+1,5.400630E+4
6.493056E+1,5.404868E+4
6.496528E+1,5.409105E+4
6.500000E+1,5.413343E+4
6.503472E+1,5.417580E+4
6.506944E+1,5.421818E+4
6.510417E+1,5.426055E+4
6.513889E+1,5.430293E+4
6.517361E+1,5.434530E+4
6.520833E+1,5.438768E+4
6.524306E+1,5.443006E+4
6.527778E+1,5.447243E+4
6.531250E+1,5.451481E+4
6.534722E+1,5.455718E+4
6.538194E+1,5.459956E+4
6.541667E+1,5.464193E+4
6.545139E+1,5.468431E+4
6.548611E+1,5.472668E+4
6.552083E+1,5.476906E+4
6.555556E+1,5.481144E+4
6.559028E+1,5.485381E+4
6.562500E+1,5.489619E+4
6.565972E+1,5.493856E+4
6.569444E+1,5.498094E+4
6.572917E+1,5.502331E+4
6.576389E+1,5.506569E+4
6.579861E+1,5.510807E+4
6.583333E+1,5.515044E+4
6.586806E+1,5.519282E+4
6.590278E+1,5.523519E+4
6.593750E+1,5.527757E+4
6.597222E+1,5.531994E+4
6.600694E+1,5.536232E+4
6.604167E+1,5.540469E+4
6.607639E+1,5.544707E+4
6.611111E+1,5.548945E+4
6.614583E+1,5.553182E+4
6.618056E+1,5.557420E+4
6.621528E+1,5.561657E+4
6.625000E+1,5.565895E+4
6.628472E+1,5.570132E+4
6.631944E+1,5.574370E+4
6.635417E+1,5.578607E+4
6.638889E+1,5.582845E+4
6.642361E+1,5.587083E+4
6.645833E+1,5.591320E+4
6.649306E+1,5.595558E+4
6.652778E+1,5.599795E+4
6.656250E+1,5.604033E+4
6.659722E+1,5.608270E+4
6.663194E+1,5.612508E+4
6.666667E+1,5.616746E+4
6.670139E+1,5.620983E+4
6.673611E+1,5.625221E+4
6.677083E+1,5.629458E+4
6.680556E+1,5.633696E+4
6.684028E+1,5.637933E+4
6.687500E+1,5.642171E+4
6.690972E+1,5.646408E+4
6.694444E+1,5.650646E+4
6.697917E+1,5.654884E+4
6.701389E+1,5.659121E+4
6.704861E+1,5.663359E+4
6.708333E+1,5.667596E+4
6.711806E+1,5.671834E+4
6.715278E+1,5.676071E+4
6.718750E+1,5.676255E+4
6.722222E+1,5.671170E+4
6.725694E+1,5.666085E+4
6.729167E+1,5.660999E+4
6.732639E+1,5.655914E+4
6.736111E+1,5.650829E+4
6.739583E+1,5.645744E+4
6.743056E+1,5.640659E+4
6.746528E+1,5.635574E+4
6.750000E+1,5.630489E+4
6.753472E+1,5.625404E+4
6.756944E+1,5.620319E+4
6.760417E+1,5.615234E+4
6.763889E+1,5.610149E+4
6.767361E+1,5.605064E+4
6.770833E+1,5.599979E+4
6.774306E+1,5.594893E+4
6.777778E+1,5.589808E+4
6.781250E+1,5.584723E+4
6.784722E+1,5.579638E+4
6.788194E+1,5.574553E+4
6.791667E+1,5.569468E+4
6.795139E+1,5.564383E+4
6.798611E+1,5.559298E+4
6.802083E+1,5.554213E+4
6.805556E+1,5.549128E+4
6.809028E+1,5.544043E+4
6.812500E+1,5.538958E+4
6.815972E+1,5.533873E+4
6.819444E+1,5.528788E+4
6.822917E+1,5.523702E+4
6.826389E+1,5.518617E+4
6.829861E+1,5.513532E+4
6.833333E+1,5.508447E+4
6.836806E+1,5.503362E+4
6.840278E+1,5.498277E+4
6.843750E+1,5.493192E+4
6.847222E+1,5.488107E+4
6.850694E+1,5.483022E+4
6.854167E+1,5.477937E+4
6.857639E+1,5.472852E+4
6.861111E+1,5.467767E+4
6.864583E+1,5.462682E+4
6.868056E+1,5.457597E+4
6.871528E+1,5.452511E+4
6.875000E+1,5.447426E+4
6.878472E+1,5.442341E+4
6.881944E+1,5.437256E+4
6.885417E+1,5.432171E+4
6.888889E+1,5.427086E+4
6.892361E+1,5.422001E+4
6.895833E+1,5.416916E+4
6.899306E+1,5.411831E+4
6.902778E+1,5.406746E+4
6.906250E+1,5.401661E+4
6.909722E+1,5.396576E+4
6.913194E+1,5.391491E+4
6.916667E+1,5.386406E+4
6.920139E+1,5.381320E+4
6.923611E+1,5.376235E+4
6.927083E+1,5.371150E+4
6.930556E+1,5.366065E+4
6.934028E+1,5.360980E+4
6.937500E+1,5.355895E+4
6.940972E+1,5.350810E+4
6.944444E+1,5.345725E+4
6.947917E+1,5.340640E+4
6.951389E+1,5.335555E+4
6.954861E+1,5.330470E+4
6.958333E+1,5.325385E+4
6.961806E+1,5.320300E+4
6.965278E+1,5.315215E+4
6.968750E+1,5.310130E+4
6.972222E+1,5.305044E+4
6.975694E+1,5.299959E+4
6.979167E+1,5.294874E+4
6.982639E+1,5.289789E+4
6.986111E+1,5.284704E+4
6.989583E+1,5.279619E+4
6.993056E+1,5.274534E+4
6.996528E+1,5.269449E+4
7.000000E+1,5.264364E+4
7.003472E+1,5.259279E+4
7.006944E+1,5.254194E+4
7.010417E+1,5.249109E+4
7.013889E+1,5.244024E+4
7.017361E+1,5.238939E+4
7.020833E+1,5.233854E+4
7.024306E+1,5.228768E+4
7.027778E+1,5.223683E+4
7.031250E+1,5.218598E+4
7.034722E+1,5.213513E+4
7.038194E+1,5.208428E+4
7.041667E+1,5.203343E+4
7.045139E+1,5.198258E+4
7.048611E+1,5.193173E+4
7.052083E+1,5.188088E+4
7.055556E+1,5.183003E+4
7.059028E+1,5.177918E+4
7.062500E+1,5.172833E+4
7.065972E+1,5.167748E+4
7.069444E+1,5.162663E+4
7.072917E+1,5.157577E+4
7.076389E+1,5.152492E+4
7.079861E+1,5.147407E+4
7.083333E+1,5.142322E+4
7.086806E+1,5.137237E+4
7.090278E+1,5.132152E+4
7.093750E+1,5.127067E+4
7.097222E+1,5.121982E+4
7.100694E+1,5.116897E+4
7.104167E+1,5.111812E+4
7.107639E+1,5.106727E+4
7.111111E+1,5.101642E+4
7.114583E+1,5.096557E+4
7.118056E+1,5.091471E+4
7.121528E+1,5.086386E+4
7.125000E+1,5.081301E+4
7.128472E+1,5.076216E+4
7.131944E+1,5.071131E+4
7.135417E+1,5.066046E+4
7.138889E+1,5.060961E+4
7.142361E+1,5.058997E+4
7.145833E+1,5.058997E+4
7.149306E+1,5.058997E+4
7.152778E+1,5.058997E+4
7.156250E+1,5.058997E+4
7.159722E+1,5.058997E+4
7.163194E+1,5.058997E+4
7.166667E+1,5.058997E+4
7.170139E+1,5.058997E+4
7.173611E+1,5.058997E+4
7.177083E+1,5.058997E+4
7.180556E+1,5.058997E+4
7.184028E+1,5.058997E+4
7.187500E+1,5.058997E+4
7.190972E+1,5.058997E+4
7.194444E+1,5.058997E+4
7.197917E+1,5.058997E+4
7.201389E+1,5.058997E+4
7.204861E+1,5.058997E+4
7.208333E+1,5.058997E+4
7.211806E+1,5.058997E+4
7.215278E+1,5.058997E+4
7.218750E+1,5.058997E+4
7.222222E+1,5.058997E+4
7.225694E+1,5.058997E+4
7.229167E+1,5.058997E+4
7.232639E+1,5.058997E+4
7.236111E+1,5.058997E+4
7.239583E+1,5.058997E+4
7.243056E+1,5.058997E+4
7.246528E+1,5.058997E+4
7.250000E+1,5.058997E+4
7.253472E+1,5.058997E+4
7.256944E+1,5.058997E+4
7.260417E+1,5.058997E+4
7.263889E+1,5.058997E+4
7.267361E+1,5.058997E+4
7.270833E+1,5.058997E+4
7.274306E+1,5.058997E+4
7.277778E+1,5.058997E+4
7.281250E+1,5.058997E+4
7.284722E+1,5.058997E+4
7.288194E+1,5.058997E+4
7.291667E+1,5.058997E+4
7.295139E+1,5.058997E+4
7.298611E+1,5.058997E+4
7.302083E+1,5.058997E+4
7.305556E+1,5.058997E+4
7.309028E+1,5.058997E+4
7.312500E+1,5.058997E+4
7.315972E+1,5.058997E+4
7.319444E+1,5.058997E+4
7.322917E+1,5.058997E+4
7.326389E+1,5.058997E+4
7.329861E+1,5.058997E+4
7.333333E+1,5.058997E+4
7.336806E+1,5.058997E+4
7.340278E+1,5.058997E+4
7.343750E+1,5.058997E+4
7.347222E+1,5.058997E+4
7.350694E+1,5.058997E+4
7.354167E+1,5.058997E+4
7.357639E+1,5.058997E+4
7.361111E+1,5.058997E+4
7.364583E+1,5.058997E+4
7.368056E+1,5.058997E+4
7.371528E+1,5.058997E+4
7.375000E+1,5.058997E+4
7.378472E+1,5.058997E+4
7.381944E+1,5.058997E+4
7.385417E+1,5.058997E+4
7.388889E+1,5.058997E+4
7.392361E+1,5.058997E+4
7.395833E+1,5.058997E+4
7.399306E+1,5.058997E+4
7.402778E+1,5.058997E+4
7.406250E+1,5.058997E+4
7.409722E+1,5.058997E+4
7.413194E+1,5.058997E+4
7.416667E+1,5.058997E+4
7.420139E+1,5.058997E+4
7.423611E+1,5.058997E+4
7.427083E+1,5.058997E+4
7.430556E+1,5.058997E+4
7.434028E+1,5.058997E+4
7.437500E+1,5.058997E+4
7.440972E+1,5.058997E+4
7.444444E+1,5.058997E+4
7.447917E+1,5.058997E+4
7.451389E+1,5.058997E+4
7.454861E+1,5.058997E+4
7.458333E+1,5.058997E+4
7.461806E+1,5.058997E+4
7.465278E+1,5.058997E+4
7.468750E+1,5.058997E+4
7.472222E+1,5.058997E+4
7.475694E+1,5.058997E+4
7.479167E+1,5.058997E+4
7.482639E+1,5.058997E+4
7.486111E+1,5.058997E+4
7.489583E+1,5.058997E+4
7.493056E+1,5.058997E+4
7.496528E+1,5.058997E+4
7.500000E+1,5.058997E+4
7.503472E+1,5.058997E+4
7.506944E+1,5.058997E+4
7.510417E+1,5.058997E+4
7.513889E+1,5.058997E+4
7.517361E+1,5.058997E+4
7.520833E+1,5.058997E+4
7.524306E+1,5.058997E+4
7.527778E+1,5.058997E+4
7.531250E+1,5.058997E+4
7.534722E+1,5.058997E+4
7.538194E+1,5.058997E+4
7.541667E+1,5.058997E+4
7.545139E+1,5.058997E+4
7.548611E+1,5.058997E+4
7.552083E+1,5.058997E+4
7.555556E+1,5.058997E+4
7.559028E+1,5.058997E+4
7.562500E+1,5.058997E+4
7.565972E+1,5.058997E+4
7.569444E+1,5.058997E+4
7.572917E+1,5.058997E+4
7.576389E+1,5.058997E+4
7.579861E+1,5.058997E+4
7.583333E+1,5.058997E+4
7.586806E+1,5.058997E+4
7.590278E+1,5.058997E+4
7.593750E+1,5.058997E+4
7.597222E+1,5.058997E+4
7.600694E+1,5.058477E+4
7.604167E+1,5.055878E+4
7.607639E+1,5.053279E+4
7.611111E+1,5.050680E+4
7.614583E+1,5.048081E+4
7.618056E+1,5.045482E+4
7.621528E+1,5.042883E+4
7.625000E+1,5.040284E+4
7.628472E+1,5.037685E+4
7.631944E+1,5.035086E+4
7.635417E+1,5.032487E+4
7.638889E+1,5.029888E+4
7.642361E+1,5.027288E+4
7.645833E+1,5.024689E+4
7.649306E+1,5.022090E+4
7.652778E+1,5.019491E+4
7.656250E+1,5.016892E+4
7.659722E+1,5.014293E+4
7.663194E+1,5.011694E+4
7.666667E+1,5.009095E+4
7.670139E+1,5.006496E+4
7.673611E+1,5.003897E+4
7.677083E+1,5.001298E+4
7.680556E+1,4.998699E+4
7.684028E+1,4.996100E+4
7.687500E+1,4.993501E+4
7.690972E+1,4.990902E+4
7.694444E+1,4.988303E+4
7.697917E+1,4.985703E+4
7.701389E+1,4.983104E+4
7.704861E+1,4.980505E+4
7.708333E+1,4.977906E+4
7.711806E+1,4.975307E+4
7.715278E+1,4.972708E+4
7.718750E+1,4.970109E+4
7.722222E+1,4.967510E+4
7.725694E+1,4.964911E+4
7.729167E+1,4.962312E+4
7.732639E+1,4.959713E+4
7.736111E+1,4.957114E+4
7.739583E+1,4.954515E+4
7.743056E+1,4.951916E+4
7.746528E+1,4.949317E+4
7.750000E+1,4.946718E+4
7.753472E+1,4.944119E+4
7.756944E+1,4.941519E+4
7.760417E+1,4.938920E+4
7.763889E+1,4.936321E+4
7.767361E+1,4.933722E+4
7.770833E+1,4.931123E+4
7.774306E+1,4.928524E+4
7.777778E+1,4.925925E+4
7.781250E+1,4.923326E+4
7.784722E+1,4.920727E+4
7.788194E+1,4.918128E+4
7.791667E+1,4.915529E+4
7.795139E+1,4.912930E+4
7.798611E+1,4.910331E+4
7.802083E+1,4.907732E+4
7.805556E+1,4.905133E+4
7.809028E+1,4.902534E+4
7.812500E+1,4.899934E+4
7.815972E+1,4.897335E+4
7.819444E+1,4.894736E+4
7.822917E+1,4.892137E+4
7.826389E+1,4.889538E+4
7.829861E+1,4.886939E+4
7.833333E+1,4.884340E+4
7.836806E+1,4.881741E+4
7.840278E+1,4.879142E+4
7.843750E+1,4.876543E+4
7.847222E+1,4.873944E+4
7.850694E+1,4.871345E+4
7.854167E+1,4.868746E+4
7.857639E+1,4.866147E+4
7.861111E+1,4.863548E+4
7.864583E+1,4.860949E+4
7.868056E+1,4.858349E+4
7.871528E+1,4.855750E+4
7.875000E+1,4.853151E+4
7.878472E+1,4.850552E+4
7.881944E+1,4.847953E+4
7.885417E+1,4.845354E+4
7.888889E+1,4.842755E+4
7.892361E+1,4.840156E+4
7.895833E+1,4.837557E+4
7.899306E+1,4.834958E+4
7.902778E+1,4.832359E+4
7.906250E+1,4.829760E+4
7.909722E+1,4.827161E+4
7.913194E+1,4.824562E+4
7.916667E+1,4.821963E+4
7.920139E+1,4.819364E+4
7.923611E+1,4.816765E+4
7.927083E+1,4.814166E+4
7.930556E+1,4.811566E+4
7.934028E+1,4.808967E+4
7.937500E+1,4.806368E+4
7.940972E+1,4.803769E+4
7.944444E+1,4.801170E+4
7.947917E+1,4.798571E+4
7.951389E+1,4.795972E+4
7.954861E+1,4.793373E+4
7.958333E+1,4.790774E+4
7.961806E+1,4.788175E+4
7.965278E+1,4.785576E+4
7.968750E+1,4.782977E+4
7.972222E+1,4.780378E+4
7.975694E+1,4.777779E+4
7.979167E+1,4.775180E+4
7.982639E+1,4.772581E+4
7.986111E+1,4.769981E+4
7.989583E+1,4.767382E+4
7.993056E+1,4.764783E+4
7.996528E+1,4.762184E+4
8.000000E+1,4.759585E+4
8.003472E+1,4.756986E+4
8.006944E+1,4.754387E+4
8.010417E+1,4.751788E+4
8.013889E+1,4.749059E+4
8.017361E+1,4.741899E+4
8.020833E+1,4.734738E+4
8.024306E+1,4.727577E+4
8.027778E+1,4.720417E+4
8.031250E+1,4.713256E+4
8.034722E+1,4.706096E+4
8.038194E+1,4.698935E+4
8.041667E+1,4.691775E+4
8.045139E+1,4.684614E+4
8.048611E+1,4.677454E+4
8.052083E+1,4.670293E+4
8.055556E+1,4.663132E+4
8.059028E+1,4.655972E+4
8.062500E+1,4.648811E+4
8.065972E+1,4.641651E+4
8.069444E+1,4.634490E+4
8.072917E+1,4.627330E+4
8.076389E+1,4.620169E+4
8.079861E+1,4.613009E+4
8.083333E+1,4.605848E+4
8.086806E+1,4.598687E+4
8.090278E+1,4.591527E+4
8.093750E+1,4.584366E+4
8.097222E+1,4.577206E+4
8.100694E+1,4.570045E+4
8.104167E+1,4.562885E+4
8.107639E+1,4.555724E+4
8.111111E+1,4.548564E+4
8.114583E+1,4.541403E+4
8.118056E+1,4.534242E+4
8.121528E+1,4.527082E+4
8.125000E+1,4.519921E+4
8.128472E+1,4.512761E+4
8.131944E+1,4.505600E+4
8.135417E+1,4.498440E+4
8.138889E+1,4.491279E+4
8.142361E+1,4.484119E+4
8.145833E+1,4.476958E+4
8.149306E+1,4.469797E+4
8.152778E+1,4.462637E+4
8.156250E+1,4.455476E+4
8.159722E+1,4.448316E+4
8.163194E+1,4.441155E+4
8.166667E+1,4.433995E+4
8.170139E+1,4.426834E+4
8.173611E+1,4.419674E+4
8.177083E+1,4.412513E+4
8.180556E+1,4.405352E+4
8.184028E+1,4.398192E+4
8.187500E+1,4.391031E+4
8.190972E+1,4.383871E+4
8.194444E+1,4.376710E+4
8.197917E+1,4.369550E+4
8.201389E+1,4.362389E+4
8.204861E+1,4.355229E+4
8.208333E+1,4.348068E+4
8.211806E+1,4.340907E+4
8.215278E+1,4.333747E+4
8.218750E+1,4.326586E+4
8.222222E+1,4.319426E+4
8.225694E+1,4.312265E+4
8.229167E+1,4.305105E+4
8.232639E+1,4.297944E+4
8.236111E+1,4.290784E+4
8.239583E+1,4.283623E+4
8.243056E+1,4.276462E+4
8.246528E+1,4.269302E+4
8.250000E+1,4.262141E+4
8.253472E+1,4.254981E+4
8.256944E+1,4.247820E+4
8.260417E+1,4.240660E+4
8.263889E+1,4.233499E+4
8.267361E+1,4.226339E+4
8.270833E+1,4.219178E+4
8.274306E+1,4.212017E+4
8.277778E+1,4.204857E+4
8.281250E+1,4.197696E+4
8.284722E+1,4.190536E+4
8.288194E+1,4.183375E+4
8.291667E+1,4.176215E+4
8.295139E+1,4.169054E+4
8.298611E+1,4.161894E+4
8.302083E+1,4.154733E+4
8.305556E+1,4.147572E+4
8.309028E+1,4.140412E+4
8.312500E+1,4.133251E+4
8.315972E+1,4.126091E+4
8.319444E+1,4.118930E+4
8.322917E+1,4.111770E+4
8.326389E+1,4.104609E+4
8.329861E+1,4.097449E+4
8.333333E+1,4.090288E+4
8.336806E+1,4.083127E+4
8.340278E+1,4.075967E+4
8.343750E+1,4.068806E+4
8.347222E+1,4.061646E+4
8.350694E+1,4.054485E+4
8.354167E+1,4.047325E+4
8.357639E+1,4.040164E+4
8.361111E+1,4.033004E+4
8.364583E+1,4.025843E+4
8.368056E+1,4.018682E+4
8.371528E+1,4.011522E+4
8.375000E+1,4.004361E+4
8.378472E+1,3.997201E+4
8.381944E+1,3.990040E+4
8.385417E+1,3.982880E+4
8.388889E+1,3.975719E+4
8.392361E+1,3.968559E+4
8.395833E+1,3.961398E+4
8.399306E+1,3.954237E+4
8.402778E+1,3.947077E+4
8.406250E+1,3.939916E+4
8.409722E+1,3.932756E+4
8.413194E+1,3.925595E+4
8.416667E+1,3.918435E+4
8.420139E+1,3.911274E+4
8.423611E+1,3.904114E+4
8.427083E+1,3.896953E+4
8.430556E+1,3.889792E+4
8.434028E+1,3.882632E+4
8.437500E+1,3.875471E+4
8.440972E+1,3.868311E+4
8.444444E+1,3.861150E+4
8.447917E+1,3.853990E+4
8.451389E+1,3.846829E+4
8.454861E+1,3.839669E+4
8.458333E+1,3.832508E+4
8.461806E+1,3.825347E+4
8.465278E+1,3.820945E+4
8.468750E+1,3.824335E+4
8.472222E+1,3.827725E+4
8.475694E+1,3.831115E+4
8.479167E+1,3.834506E+4
8.482639E+1,3.837896E+4
8.486111E+1,3.841286E+4
8.489583E+1,3.844676E+4
8.493056E+1,3.848066E+4
8.496528E+1,3.851456E+4
8.500000E+1,3.854846E+4
8.503472E+1,3.858236E+4
8.506944E+1,3.861626E+4
8.510417E+1,3.865016E+4
8.513889E+1,3.868406E+4
8.517361E+1,3.871796E+4
8.520833E+1,3.875186E+4
8.524306E+1,3.878576E+4
8.527778E+1,3.881966E+4
8.531250E+1,3.885356E+4
8.534722E+1,3.888746E+4
8.538194E+1,3.892136E+4
8.541667E+1,3.895526E+4
8.545139E+1,3.898916E+4
8.548611E+1,3.902306E+4
8.552083E+1,3.905696E+4
8.555556E+1,3.909086E+4
8.559028E+1,3.912477E+4
8.562500E+1,3.915867E+4
8.565972E+1,3.919257E+4
8.569444E+1,3.922647E+4
8.572917E+1,3.926037E+4
8.576389E+1,3.929427E+4
8.579861E+1,3.932817E+4
8.583333E+1,3.936207E+4
8.586806E+1,3.939597E+4
8.590278E+1,3.942987E+4
8.593750E+1,3.946377E+4
8.597222E+1,3.949767E+4
8.600694E+1,3.953157E+4
8.604167E+1,3.956547E+4
8.607639E+1,3.959937E+4
8.611111E+1,3.963327E+4
8.614583E+1,3.966717E+4
8.618056E+1,3.970107E+4
8.621528E+1,3.973497E+4
8.625000E+1,3.976887E+4
8.628472E+1,3.980277E+4
8.631944E+1,3.983667E+4
8.635417E+1,3.987057E+4
8.638889E+1,3.990448E+4
8.642361E+1,3.993838E+4
8.645833E+1,3.997228E+4
8.649306E+1,4.000618E+4
8.652778E+1,4.004008E+4
8.656250E+1,4.007398E+4
8.659722E+1,4.010788E+4
8.663194E+1,4.014178E+4
8.666667E+1,4.017568E+4
8.670139E+1,4.020958E+4
8.673611E+1,4.024348E+4
8.677083E+1,4.027738E+4
8.680556E+1,4.031128E+4
8.684028E+1,4.034518E+4
8.687500E+1,4.037908E+4
8.690972E+1,4.041298E+4
8.694444E+1,4.044688E+4
8.697917E+1,4.048078E+4
8.701389E+1,4.051468E+4
8.704861E+1,4.054858E+4
8.708333E+1,4.058248E+4
8.711806E+1,4.061638E+4
8.715278E+1,4.065029E+4
8.718750E+1,4.068419E+4
8.722222E+1,4.071809E+4
8.725694E+1,4.075199E+4
8.729167E+1,4.078589E+4
8.732639E+1,4.081979E+4
8.736111E+1,4.085369E+4
8.739583E+1,4.088759E+4
8.743056E+1,4.092149E+4
8.746528E+1,4.095539E+4
8.750000E+1,4.098929E+4
8.753472E+1,4.102319E+4
8.756944E+1,4.105709E+4
8.760417E+1,4.109099E+4
8.763889E+1,4.112489E+4
8.767361E+1,4.115879E+4
8.770833E+1,4.119269E+4
8.774306E+1,4.122659E+4
8.777778E+1,4.126049E+4
8.781250E+1,4.129439E+4
8.784722E+1,4.132829E+4
8.788194E+1,4.136219E+4
8.791667E+1,4.139609E+4
8.795139E+1,4.143000E+4
8.798611E+1,4.146390E+4
8.802083E+1,4.149780E+4
8.805556E+1,4.153170E+4
8.809028E+1,4.156560E+4
8.812500E+1,4.159950E+4
8.815972E+1,4.163340E+4
8.819444E+1,4.166730E+4
8.822917E+1,4.170120E+4
8.826389E+1,4.173510E+4
8.829861E+1,4.176900E+4
8.833333E+1,4.180290E+4
8.836806E+1,4.183680E+4
8.840278E+1,4.187070E+4
8.843750E+1,4.190460E+4
8.847222E+1,4.193850E+4
8.850694E+1,4.197240E+4
8.854167E+1,4.200630E+4
8.857639E+1,4.204020E+4
8.861111E+1,4.207410E+4
8.864583E+1,4.210800E+4
8.868056E+1,4.214190E+4
8.871528E+1,4.217581E+4
8.875000E+1,4.220971E+4
8.878472E+1,4.224361E+4
8.881944E+1,4.227751E+4
8.885417E+1,4.231141E+4
8.888889E+1,4.232337E+4
8.892361E+1,4.230746E+4
8.895833E+1,4.229155E+4
8.899306E+1,4.227564E+4
8.902778E+1,4.225972E+4
8.906250E+1,4.224381E+4
8.909722E+1,4.222790E+4
8.913194E+1,4.221199E+4
8.916667E+1,4.219607E+4
8.920139E+1,4.218016E+4
8.923611E+1,4.216425E+4
8.927083E+1,4.214833E+4
8.930556E+1,4.213242E+4
8.934028E+1,4.211651E+4
8.937500E+1,4.210060E+4
8.940972E+1,4.208468E+4
8.944444E+1,4.206877E+4
8.947917E+1,4.205286E+4
8.951389E+1,4.203695E+4
8.954861E+1,4.202103E+4
8.958333E+1,4.200512E+4
8.961806E+1,4.198921E+4
8.965278E+1,4.197330E+4
8.968750E+1,4.195738E+4
8.972222E+1,4.194147E+4
8.975694E+1,4.192556E+4
8.979167E+1,4.190964E+4
8.982639E+1,4.189373E+4
8.986111E+1,4.187782E+4
8.989583E+1,4.186191E+4
8.993056E+1,4.184599E+4
8.996528E+1,4.183008E+4
9.000000E+1,4.181417E+4
9.003472E+1,4.179826E+4
9.006944E+1,4.178234E+4
9.010417E+1,4.176643E+4
9.013889E+1,4.175052E+4
9.017361E+1,4.173461E+4
9.020833E+1,4.171869E+4
9.024306E+1,4.170278E+4
9.027778E+1,4.168687E+4
9.031250E+1,4.167096E+4
9.034722E+1,4.165504E+4
9.038194E+1,4.163913E+4
9.041667E+1,4.162322E+4
9.045139E+1,4.160730E+4
9.048611E+1,4.159139E+4
9.052083E+1,4.157548E+4
9.055556E+1,4.155957E+4
9.059028E+1,4.154365E+4
9.062500E+1,4.152774E+4
9.065972E+1,4.151183E+4
9.069444E+1,4.149592E+4
9.072917E+1,4.148000E+4
9.076389E+1,4.146409E+4
9.079861E+1,4.144818E+4
9.083333E+1,4.143227E+4
9.086806E+1,4.141635E+4
9.090278E+1,4.140044E+4
9.093750E+1,4.138453E+4
9.097222E+1,4.136862E+4
9.100694E+1,4.135270E+4
9.104167E+1,4.133679E+4
9.107639E+1,4.132088E+4
9.111111E+1,4.130496E+4
9.114583E+1,4.128905E+4
9.118056E+1,4.127314E+4
9.121528E+1,4.125723E+4
9.125000E+1,4.124131E+4
9.128472E+1,4.122540E+4
9.131944E+1,4.120949E+4
9.135417E+1,4.119358E+4
9.138889E+1,4.117766E+4
9.142361E+1,4.116175E+4
9.145833E+1,4.114584E+4
9.149306E+1,4.112993E+4
9.152778E+1,4.111401E+4
9.156250E+1,4.109810E+4
9.159722E+1,4.108219E+4
9.163194E+1,4.106628E+4
9.166667E+1,4.105036E+4
9.170139E+1,4.103445E+4
9.173611E+1,4.101854E+4
9.177083E+1,4.100262E+4
9.180556E+1,4.098671E+4
9.184028E+1,4.097080E+4
9.187500E+1,4.095489E+4
9.190972E+1,4.093897E+4
9.194444E+1,4.092306E+4
9.197917E+1,4.090715E+4
9.201389E+1,4.089124E+4
9.204861E+1,4.087532E+4
9.208333E+1,4.085941E+4
9.211806E+1,4.084350E+4
9.215278E+1,4.082759E+4
9.218750E+1,4.081167E+4
9.222222E+1,4.079576E+4
9.225694E+1,4.077985E+4
9.229167E+1,4.076393E+4
9.232639E+1,4.074802E+4
9.236111E+1,4.073211E+4
9.239583E+1,4.071620E+4
9.243056E+1,4.070028E+4
9.246528E+1,4.068437E+4
9.250000E+1,4.066846E+4
9.253472E+1,4.065255E+4
9.256944E+1,4.063663E+4
9.260417E+1,4.062072E+4
9.263889E+1,4.060481E+4
9.267361E+1,4.058890E+4
9.270833E+1,4.057298E+4
9.274306E+1,4.055707E+4
9.277778E+1,4.054116E+4
9.281250E+1,4.052525E+4
9.284722E+1,4.050933E+4
9.288194E+1,4.049342E+4
9.291667E+1,4.047751E+4
9.295139E+1,4.046159E+4
9.298611E+1,4.044568E+4
9.302083E+1,4.042977E+4
9.305556E+1,4.041386E+4
9.309028E+1,4.039794E+4
9.312500E+1,4.038203E+4
9.315972E+1,4.036612E+4
9.319444E+1,4.035021E+4
9.322917E+1,4.033429E+4
9.326389E+1,4.031838E+4
9.329861E+1,4.030247E+4
9.333333E+1,4.028656E+4
9.336806E+1,4.027064E+4
9.340278E+1,4.015088E+4
9.343750E+1,3.998138E+4
9.347222E+1,3.981188E+4
9.350694E+1,3.964237E+4
9.354167E+1,3.947287E+4
9.357639E+1,3.930337E+4
9.361111E+1,3.913387E+4
9.364583E+1,3.896436E+4
9.368056E+1,3.879486E+4
9.371528E+1,3.862536E+4
9.375000E+1,3.845586E+4
9.378472E+1,3.828635E+4
9.381944E+1,3.811685E+4
9.385417E+1,3.794735E+4
9.388889E+1,3.777785E+4
9.392361E+1,3.760834E+4
9.395833E+1,3.743884E+4
9.399306E+1,3.726934E+4
9.402778E+1,3.709984E+4
9.406250E+1,3.693033E+4
9.409722E+1,3.676083E+4
9.413194E+1,3.659133E+4
9.416667E+1,3.642183E+4
9.420139E+1,3.625232E+4
9.423611E+1,3.608282E+4
9.427083E+1,3.591332E+4
9.430556E+1,3.574382E+4
9.434028E+1,3.557431E+4
9.437500E+1,3.540481E+4
9.440972E+1,3.523531E+4
9.444444E+1,3.506581E+4
9.447917E+1,3.489630E+4
9.451389E+1,3.472680E+4
9.454861E+1,3.455730E+4
9.458333E+1,3.438780E+4
9.461806E+1,3.421829E+4
9.465278E+1,3.404879E+4
9.468750E+1,3.387929E+4
9.472222E+1,3.370979E+4
9.475694E+1,3.354029E+4
9.479167E+1,3.337078E+4
9.482639E+1,3.320128E+4
9.486111E+1,3.303178E+4
9.489583E+1,3.286228E+4
9.493056E+1,3.269277E+4
9.496528E+1,3.252327E+4
9.500000E+1,3.235377E+4
9.503472E+1,3.218427E+4
9.506944E+1,3.201477E+4
9.510417E+1,3.184526E+4
9.513889E+1,3.167576E+4
9.517361E+1,3.150626E+4
9.520833E+1,3.133676E+4
9.524306E+1,3.116725E+4
9.527778E+1,3.099775E+4
9.531250E+1,3.082825E+4
9.534722E+1,3.065875E+4
9.538194E+1,3.048925E+4
9.541667E+1,3.031974E+4
9.545139E+1,3.015024E+4
9.548611E+1,2.998074E+4
9.552083E+1,2.981124E+4
9.555556E+1,2.964173E+4
9.559028E+1,2.947223E+4
9.562500E+1,2.930273E+4
9.565972E+1,2.913323E+4
9.569444E+1,2.896372E+4
9.572917E+1,2.879422E+4
9.576389E+1,2.862472E+4
9.579861E+1,2.845522E+4
9.583333E+1,2.828571E+4
9.586806E+1,2.811621E+4
9.590278E+1,2.794671E+4
9.593750E+1,2.777721E+4
9.597222E+1,2.760770E+4
9.600694E+1,2.743820E+4
9.604167E+1,2.726870E+4
9.607639E+1,2.709920E+4
9.611111E+1,2.692969E+4
9.614583E+1,2.676019E+4
9.618056E+1,2.659069E+4
9.621528E+1,2.642119E+4
9.625000E+1,2.625168E+4
9.628472E+1,2.608218E+4
9.631944E+1,2.591268E+4
9.635417E+1,2.574318E+4
9.638889E+1,2.557367E+4
9.642361E+1,2.540417E+4
9.645833E+1,2.523467E+4
9.649306E+1,2.506517E+4
9.652778E+1,2.489566E+4
9.656250E+1,2.472616E+4
9.659722E+1,2.455666E+4
9.663194E+1,2.438716E+4
9.666667E+1,2.421765E+4
9.670139E+1,2.404815E+4
9.673611E+1,2.387865E+4
9.677083E+1,2.370915E+4
9.680556E+1,2.353964E+4
9.684028E+1,2.337014E+4
9.687500E+1,2.320064E+4
9.690972E+1,2.303114E+4
9.694444E+1,2.286164E+4
9.697917E+1,2.269213E+4
9.701389E+1,2.252263E+4
9.704861E+1,2.235313E+4
9.708333E+1,2.218363E+4
9.711806E+1,2.201412E+4
9.715278E+1,2.184462E+4
9.718750E+1,2.167512E+4
9.722222E+1,2.150562E+4
9.725694E+1,2.133612E+4
9.729167E+1,2.116661E+4
9.732639E+1,2.099711E+4
9.736111E+1,2.082761E+4
9.739583E+1,2.065811E+4
9.743056E+1,2.048860E+4
9.746528E+1,2.031910E+4
9.750000E+1,2.014960E+4
9.753472E+1,1.998010E+4
9.756944E+1,1.981060E+4
9.760417E+1,1.964109E+4
9.763889E+1,1.947159E+4
9.767361E+1,1.930209E+4
9.770833E+1,1.913259E+4
9.774306E+1,1.896308E+4
9.777778E+1,1.879358E+4
9.781250E+1,1.862408E+4
9.784722E+1,1.845458E+4
9.788194E+1,1.828507E+4
9.791667E+1,1.811557E+4
9.795139E+1,1.794607E+4
9.798611E+1,1.777657E+4
9.802083E+1,1.760706E+4
9.805556E+1,1.743756E+4
9.809028E+1,1.726806E+4
9.812500E+1,1.709856E+4
9.815972E+1,1.692905E+4
9.819444E+1,1.675955E+4
9.822917E+1,1.659005E+4
9.826389E+1,1.642055E+4
9.829861E+1,1.625104E+4
9.833333E+1,1.608154E+4
9.836806E+1,1.591204E+4
9.840278E+1,1.574254E+4
9.843750E+1,1.557303E+4
9.847222E+1,1.540353E+4
9.850694E+1,1.523403E+4
9.854167E+1,1.506453E+4
9.857639E+1,1.489502E+4
9.861111E+1,1.472552E+4
9.864583E+1,1.455602E+4
9.868056E+1,1.438652E+4
9.871528E+1,1.421701E+4
9.875000E+1,1.404751E+4
9.878472E+1,1.387801E+4
9.881944E+1,1.370851E+4
9.885417E+1,1.353900E+4
9.888889E+1,1.336950E+4
9.892361E+1,1.320000E+4
9.895833E+1,1.303050E+4
9.899306E+1,1.286099E+4
9.902778E+1,1.269149E+4
9.906250E+1,1.252199E+4
9.909722E+1,1.235249E+4
9.913194E+1,1.218299E+4
9.916667E+1,1.201348E+4
9.920139E+1,1.184398E+4
9.923611E+1,1.167448E+4
9.927083E+1,1.150498E+4
9.930556E+1,1.133547E+4
9.934028E+1,1.116597E+4
9.937500E+1,1.099647E+4
9.940972E+1,1.082697E+4
9.944444E+1,1.065747E+4
9.947917E+1,1.048796E+4
9.951389E+1,1.031846E+4
9.954861E+1,1.014896E+4
9.958333E+1,9.979457E+3
9.961806E+1,9.809951E+3
9.965278E+1,9.640449E+3
9.968750E+1,9.470948E+3
9.972222E+1,9.301447E+3
9.975694E+1,9.131946E+3
9.979167E+1,8.962439E+3
9.982639E+1,8.792938E+3
9.986111E+1,8.623437E+3
9.989583E+1,8.453935E+3
9.993056E+1,8.284429E+3
9.996528E+1,8.114928E+3
