7.139351E-12,1.851677E+5
3.472222E-2,1.855661E+5
6.944444E-2,1.859645E+5
1.041667E-1,1.863628E+5
1.388889E-1,1.867612E+5
1.736111E-1,1.871596E+5
2.083333E-1,1.875580E+5
2.430556E-1,1.879564E+5
2.777778E-1,1.883548E+5
3.125000E-1,1.887532E+5
3.472222E-1,1.891516E+5
3.819444E-1,1.895500E+5
4.166667E-1,1.899484E+5
4.513889E-1,1.903468E+5
4.861111E-1,1.907452E+5
5.208333E-1,1.911436E+5
5.555556E-1,1.915420E+5
5.902778E-1,1.919404E+5
6.250000E-1,1.923388E+5
6.597222E-1,1.927372E+5
6.944444E-1,1.931356E+5
7.291667E-1,1.935339E+5
7.638889E-1,1.939323E+5
7.986111E-1,1.943307E+5
8.333333E-1,1.947291E+5
8.680556E-1,1.951275E+5
9.027778E-1,1.955259E+5
9.375000E-1,1.959243E+5
9.722222E-1,1.963227E+5
1.006944E+0,1.967211E+5
1.041667E+0,1.971195E+5
1.076389E+0,1.975179E+5
1.111111E+0,1.979163E+5
1.145833E+0,1.983147E+5
1.180556E+0,1.987131E+5
1.215278E+0,1.991115E+5
1.250000E+0,1.995099E+5
1.284722E+0,1.999083E+5
1.319444E+0,2.003066E+5
1.354167E+0,2.007050E+5
1.388889E+0,2.011034E+5
1.423611E+0,2.015018E+5
1.458333E+0,2.019002E+5
1.493056E+0,2.022986E+5
1.527778E+0,2.026970E+5
1.562500E+0,2.030954E+5
1.597222E+0,2.034938E+5
1.631944E+0,2.038922E+5
1.666667E+0,2.042906E+5
1.701389E+0,2.046890E+5
1.736111E+0,2.050874E+5
1.770833E+0,2.054858E+5
1.805556E+0,2.058842E+5
1.840278E+0,2.062826E+5
1.875000E+0,2.066810E+5
1.909722E+0,2.070794E+5
1.944444E+0,2.074777E+5
1.979167E+0,2.078761E+5
2.013889E+0,2.082745E+5
2.048611E+0,2.086729E+5
2.083333E+0,2.090713E+5
2.118056E+0,2.094697E+5
2.152778E+0,2.098681E+5
2.187500E+0,2.102665E+5
2.222222E+0,2.106649E+5
2.256944E+0,2.110633E+5
2.291667E+0,2.114617E+5
2.326389E+0,2.118601E+5
2.361111E+0,2.122585E+5
2.395833E+0,2.126569E+5
2.430556E+0,2.130553E+5
2.465278E+0,2.134537E+5
2.500000E+0,2.138521E+5
2.534722E+0,2.142504E+5
2.569444E+0,2.146488E+5
2.604167E+0,2.150472E+5
2.638889E+0,2.154456E+5
2.673611E+0,2.158440E+5
2.708333E+0,2.162424E+5
2.743056E+0,2.166408E+5
2.777778E+0,2.170392E+5
2.812500E+0,2.174376E+5
2.847222E+0,2.178360E+5
2.881944E+0,2.182344E+5
2.916667E+0,2.186328E+5
2.951389E+0,2.190312E+5
2.986111E+0,2.194296E+5
3.020833E+0,2.198280E+5
3.055556E+0,2.202264E+5
3.090278E+0,2.206248E+5
3.125000E+0,2.210232E+5
3.159722E+0,2.214215E+5
3.194444E+0,2.218199E+5
3.229167E+0,2.222183E+5
3.263889E+0,2.226167E+5
3.298611E+0,2.230151E+5
3.333333E+0,2.234135E+5
3.368056E+0,2.238119E+5
3.402778E+0,2.242103E+5
3.437500E+0,2.246087E+5
3.472222E+0,2.250071E+5
3.506944E+0,2.254055E+5
3.541667E+0,2.258039E+5
3.576389E+0,2.262023E+5
3.611111E+0,2.266007E+5
3.645833E+0,2.269991E+5
3.680556E+0,2.273975E+5
3.715278E+0,2.277959E+5
3.750000E+0,2.281943E+5
3.784722E+0,2.285926E+5
3.819444E+0,2.289910E+5
3.854167E+0,2.293894E+5
3.888889E+0,2.297878E+5
3.923611E+0,2.301862E+5
3.958333E+0,2.305846E+5
3.993056E+0,2.309830E+5
4.027778E+0,2.313814E+5
4.062500E+0,2.317798E+5
4.097222E+0,2.321782E+5
4.131944E+0,2.325766E+5
4.166667E+0,2.329750E+5
4.201389E+0,2.333734E+5
4.236111E+0,2.337718E+5
4.270833E+0,2.341702E+5
4.305556E+0,2.345686E+5
4.340278E+0,2.349670E+5
4.375000E+0,2.353653E+5
4.409722E+0,2.357637E+5
4.444444E+0,2.361621E+5
4.479167E+0,2.365605E+5
4.513889E+0,2.369589E+5
4.548611E+0,2.373573E+5
4.583333E+0,2.377557E+5
4.618056E+0,2.381541E+5
4.652778E+0,2.385525E+5
4.687500E+0,2.389509E+5
4.722222E+0,2.393493E+5
4.756944E+0,2.397477E+5
4.791667E+0,2.401461E+5
4.826389E+0,2.405445E+5
4.861111E+0,2.409429E+5
4.895833E+0,2.413413E+5
4.930556E+0,2.417397E+5
4.965278E+0,2.421381E+5
5.000000E+0,2.425364E+5
5.034722E+0,2.429348E+5
5.069444E+0,2.433332E+5
5.104167E+0,2.437316E+5
5.138889E+0,2.441300E+5
5.173611E+0,2.445284E+5
5.208333E+0,2.449268E+5
5.243056E+0,2.453252E+5
5.277778E+0,2.457236E+5
5.312500E+0,2.461220E+5
5.347222E+0,2.465204E+5
5.381944E+0,2.469188E+5
5.416667E+0,2.473172E+5
5.451389E+0,2.477156E+5
5.486111E+0,2.481140E+5
5.520833E+0,2.485124E+5
5.555556E+0,2.489108E+5
5.590278E+0,2.493092E+5
5.625000E+0,2.497075E+5
5.659722E+0,2.501059E+5
5.694444E+0,2.505043E+5
5.729167E+0,2.509027E+5
5.763889E+0,2.513011E+5
5.798611E+0,2.516995E+5
5.833333E+0,2.520979E+5
5.868056E+0,2.524963E+5
5.902778E+0,2.528947E+5
5.937500E+0,2.532931E+5
5.972222E+0,2.536915E+5
6.006944E+0,2.540899E+5
6.041667E+0,2.544883E+5
6.076389E+0,2.548867E+5
6.111111E+0,2.552851E+5
6.145833E+0,2.556835E+5
6.180556E+0,2.560819E+5
6.215278E+0,2.564802E+5
6.250000E+0,2.568786E+5
6.284722E+0,2.572770E+5
6.319444E+0,2.576754E+5
6.354167E+0,2.580738E+5
6.388889E+0,2.584722E+5
6.423611E+0,2.588706E+5
6.458333E+0,2.592690E+5
6.493056E+0,2.596674E+5
6.527778E+0,2.600658E+5
6.562500E+0,2.604642E+5
6.597222E+0,2.608626E+5
6.631944E+0,2.612610E+5
6.666667E+0,2.616594E+5
6.701389E+0,2.620578E+5
6.736111E+0,2.624562E+5
6.770833E+0,2.628546E+5
6.805556E+0,2.632530E+5
6.840278E+0,2.636513E+5
6.875000E+0,2.640497E+5
6.909722E+0,2.645445E+5
6.944444E+0,2.651969E+5
6.979167E+0,2.658492E+5
7.013889E+0,2.665016E+5
7.048611E+0,2.671540E+5
7.083333E+0,2.678064E+5
7.118056E+0,2.684587E+5
7.152778E+0,2.691111E+5
7.187500E+0,2.697635E+5
7.222222E+0,2.704159E+5
7.256944E+0,2.710682E+5
7.291667E+0,2.717206E+5
7.326389E+0,2.723730E+5
7.361111E+0,2.730254E+5
7.395833E+0,2.736777E+5
7.430556E+0,2.743301E+5
7.465278E+0,2.749825E+5
7.500000E+0,2.756349E+5
7.534722E+0,2.762873E+5
7.569444E+0,2.769396E+5
7.604167E+0,2.775920E+5
7.638889E+0,2.782444E+5
7.673611E+0,2.788968E+5
7.708333E+0,2.795491E+5
7.743056E+0,2.802015E+5
7.777778E+0,2.808539E+5
7.812500E+0,2.815063E+5
7.847222E+0,2.821586E+5
7.881944E+0,2.828110E+5
7.916667E+0,2.834634E+5
7.951389E+0,2.841158E+5
7.986111E+0,2.847681E+5
8.020833E+0,2.854205E+5
8.055556E+0,2.860729E+5
8.090278E+0,2.867253E+5
8.125000E+0,2.873776E+5
8.159722E+0,2.880300E+5
8.194444E+0,2.886824E+5
8.229167E+0,2.893348E+5
8.263889E+0,2.899871E+5
8.298611E+0,2.906395E+5
8.333333E+0,2.912919E+5
8.368056E+0,2.919443E+5
8.402778E+0,2.925967E+5
8.437500E+0,2.932490E+5
8.472222E+0,2.939014E+5
8.506944E+0,2.945538E+5
8.541667E+0,2.952062E+5
8.576389E+0,2.958585E+5
8.611111E+0,2.965109E+5
8.645833E+0,2.971633E+5
8.680556E+0,2.978157E+5
8.715278E+0,2.984680E+5
8.750000E+0,2.991204E+5
8.784722E+0,2.997728E+5
8.819444E+0,3.004252E+5
8.854167E+0,3.010775E+5
8.888889E+0,3.017299E+5
8.923611E+0,3.023823E+5
8.958333E+0,3.030347E+5
8.993056E+0,3.036870E+5
9.027778E+0,3.043394E+5
9.062500E+0,3.049918E+5
9.097222E+0,3.056442E+5
9.131944E+0,3.062965E+5
9.166667E+0,3.069489E+5
9.201389E+0,3.076013E+5
9.236111E+0,3.082537E+5
9.270833E+0,3.089061E+5
9.305556E+0,3.095584E+5
9.340278E+0,3.102108E+5
9.375000E+0,3.108632E+5
9.409722E+0,3.115156E+5
9.444444E+0,3.121679E+5
9.479167E+0,3.128203E+5
9.513889E+0,3.134727E+5
9.548611E+0,3.141251E+5
9.583333E+0,3.147774E+5
9.618056E+0,3.154298E+5
9.652778E+0,3.160822E+5
9.687500E+0,3.167346E+5
9.722222E+0,3.173869E+5
9.756944E+0,3.180393E+5
9.791667E+0,3.186917E+5
9.826389E+0,3.193441E+5
9.861111E+0,3.199964E+5
9.895833E+0,3.206488E+5
9.930556E+0,3.213012E+5
9.965278E+0,3.219536E+5
1.000000E+1,3.226060E+5
1.003472E+1,3.232583E+5
1.006944E+1,3.239107E+5
1.010417E+1,3.245631E+5
1.013889E+1,3.252155E+5
1.017361E+1,3.258678E+5
1.020833E+1,3.265202E+5
1.024306E+1,3.271726E+5
1.027778E+1,3.278250E+5
1.031250E+1,3.284773E+5
1.034722E+1,3.291297E+5
1.038194E+1,3.297821E+5
1.041667E+1,3.304345E+5
1.045139E+1,3.310868E+5
1.048611E+1,3.317392E+5
1.052083E+1,3.323916E+5
1.055556E+1,3.330440E+5
1.059028E+1,3.336963E+5
1.062500E+1,3.343487E+5
1.065972E+1,3.350011E+5
1.069444E+1,3.356535E+5
1.072917E+1,3.363059E+5
1.076389E+1,3.369582E+5
1.079861E+1,3.376106E+5
1.083333E+1,3.382630E+5
1.086806E+1,3.389154E+5
1.090278E+1,3.395677E+5
1.093750E+1,3.402201E+5
1.097222E+1,3.408725E+5
1.100694E+1,3.415248E+5
1.104167E+1,3.421772E+5
1.107639E+1,3.428296E+5
1.111111E+1,3.434820E+5
1.114583E+1,3.441344E+5
1.118056E+1,3.447867E+5
1.121528E+1,3.454391E+5
1.125000E+1,3.460915E+5
1.128472E+1,3.467439E+5
1.131944E+1,3.473962E+5
1.135417E+1,3.480486E+5
1.138889E+1,3.487010E+5
1.142361E+1,3.493534E+5
1.145833E+1,3.498444E+5
1.149306E+1,3.503084E+5
1.152778E+1,3.507724E+5
1.156250E+1,3.512363E+5
1.159722E+1,3.517003E+5
1.163194E+1,3.521643E+5
1.166667E+1,3.526282E+5
1.170139E+1,3.530922E+5
1.173611E+1,3.535562E+5
1.177083E+1,3.540201E+5
1.180556E+1,3.544841E+5
1.184028E+1,3.549481E+5
1.187500E+1,3.554121E+5
1.190972E+1,3.558760E+5
1.194444E+1,3.563400E+5
1.197917E+1,3.568040E+5
1.201389E+1,3.572680E+5
1.204861E+1,3.577319E+5
1.208333E+1,3.581959E+5
1.211806E+1,3.586599E+5
1.215278E+1,3.591238E+5
1.218750E+1,3.595878E+5
1.222222E+1,3.600518E+5
1.225694E+1,3.605157E+5
1.229167E+1,3.609797E+5
1.232639E+1,3.614437E+5
1.236111E+1,3.619077E+5
1.239583E+1,3.623716E+5
1.243056E+1,3.628356E+5
1.246528E+1,3.632996E+5
1.250000E+1,3.637636E+5
1.253472E+1,3.642275E+5
1.256944E+1,3.646915E+5
1.260417E+1,3.651555E+5
1.263889E+1,3.656194E+5
1.267361E+1,3.660834E+5
1.270833E+1,3.665474E+5
1.274306E+1,3.670114E+5
1.277778E+1,3.674753E+5
1.281250E+1,3.679393E+5
1.284722E+1,3.684033E+5
1.288194E+1,3.688672E+5
1.291667E+1,3.693312E+5
1.295139E+1,3.697952E+5
1.298611E+1,3.702592E+5
1.302083E+1,3.707231E+5
1.305556E+1,3.711871E+5
1.309028E+1,3.716511E+5
1.312500E+1,3.721150E+5
1.315972E+1,3.725790E+5
1.319444E+1,3.730430E+5
1.322917E+1,3.735070E+5
1.326389E+1,3.739709E+5
1.329861E+1,3.744349E+5
1.333333E+1,3.748989E+5
1.336806E+1,3.753629E+5
1.340278E+1,3.758268E+5
1.343750E+1,3.762908E+5
1.347222E+1,3.767548E+5
1.350694E+1,3.772187E+5
1.354167E+1,3.776827E+5
1.357639E+1,3.781467E+5
1.361111E+1,3.786106E+5
1.364583E+1,3.790746E+5
1.368056E+1,3.795386E+5
1.371528E+1,3.800026E+5
1.375000E+1,3.804665E+5
1.378472E+1,3.809305E+5
1.381944E+1,3.813945E+5
1.385417E+1,3.818585E+5
1.388889E+1,3.823224E+5
1.392361E+1,3.827864E+5
1.395833E+1,3.832504E+5
1.399306E+1,3.837143E+5
1.402778E+1,3.841783E+5
1.406250E+1,3.846423E+5
1.409722E+1,3.851062E+5
1.413194E+1,3.855702E+5
1.416667E+1,3.860342E+5
1.420139E+1,3.864982E+5
1.423611E+1,3.869621E+5
1.427083E+1,3.874261E+5
1.430556E+1,3.878901E+5
1.434028E+1,3.883541E+5
1.437500E+1,3.888180E+5
1.440972E+1,3.892820E+5
1.444444E+1,3.897460E+5
1.447917E+1,3.902099E+5
1.451389E+1,3.906739E+5
1.454861E+1,3.911379E+5
1.458333E+1,3.916018E+5
1.461806E+1,3.920658E+5
1.465278E+1,3.925298E+5
1.468750E+1,3.929938E+5
1.472222E+1,3.934577E+5
1.475694E+1,3.939217E+5
1.479167E+1,3.943857E+5
1.482639E+1,3.948497E+5
1.486111E+1,3.953136E+5
1.489583E+1,3.957776E+5
1.493056E+1,3.962416E+5
1.496528E+1,3.967055E+5
1.500000E+1,3.971695E+5
1.503472E+1,3.976335E+5
1.506944E+1,3.980974E+5
1.510417E+1,3.985614E+5
1.513889E+1,3.990254E+5
1.517361E+1,3.994894E+5
1.520833E+1,3.999533E+5
1.524306E+1,4.004173E+5
1.527778E+1,4.008813E+5
1.531250E+1,4.013453E+5
1.534722E+1,4.018092E+5
1.538194E+1,4.022732E+5
1.541667E+1,4.027372E+5
1.545139E+1,4.032011E+5
1.548611E+1,4.036651E+5
1.552083E+1,4.041291E+5
1.555556E+1,4.045931E+5
1.559028E+1,4.046233E+5
1.562500E+1,4.044538E+5
1.565972E+1,4.042844E+5
1.569444E+1,4.041149E+5
1.572917E+1,4.039455E+5
1.576389E+1,4.037760E+5
1.579861E+1,4.036066E+5
1.583333E+1,4.034371E+5
1.586806E+1,4.032677E+5
1.590278E+1,4.030982E+5
1.593750E+1,4.029288E+5
1.597222E+1,4.027593E+5
1.600694E+1,4.025899E+5
1.604167E+1,4.024204E+5
1.607639E+1,4.022510E+5
1.611111E+1,4.020815E+5
1.614583E+1,4.019121E+5
1.618056E+1,4.017426E+5
1.621528E+1,4.015732E+5
1.625000E+1,4.014037E+5
1.628472E+1,4.012343E+5
1.631944E+1,4.010648E+5
1.635417E+1,4.008954E+5
1.638889E+1,4.007259E+5
1.642361E+1,4.005565E+5
1.645833E+1,4.003870E+5
1.649306E+1,4.002176E+5
1.652778E+1,4.000481E+5
1.656250E+1,3.998787E+5
1.659722E+1,3.997092E+5
1.663194E+1,3.995398E+5
1.666667E+1,3.993703E+5
1.670139E+1,3.992009E+5
1.673611E+1,3.990314E+5
1.677083E+1,3.988620E+5
1.680556E+1,3.986925E+5
1.684028E+1,3.985231E+5
1.687500E+1,3.983536E+5
1.690972E+1,3.981842E+5
1.694444E+1,3.980147E+5
1.697917E+1,3.978453E+5
1.701389E+1,3.976758E+5
1.704861E+1,3.975064E+5
1.708333E+1,3.973369E+5
1.711806E+1,3.971675E+5
1.715278E+1,3.969980E+5
1.718750E+1,3.968286E+5
1.722222E+1,3.966591E+5
1.725694E+1,3.964897E+5
1.729167E+1,3.963202E+5
1.732639E+1,3.961508E+5
1.736111E+1,3.959813E+5
1.739583E+1,3.958119E+5
1.743056E+1,3.956424E+5
1.746528E+1,3.954730E+5
1.750000E+1,3.953035E+5
1.753472E+1,3.951341E+5
1.756944E+1,3.949646E+5
1.760417E+1,3.947952E+5
1.763889E+1,3.946257E+5
1.767361E+1,3.944563E+5
1.770833E+1,3.942868E+5
1.774306E+1,3.941174E+5
1.777778E+1,3.939479E+5
1.781250E+1,3.937785E+5
1.784722E+1,3.936090E+5
1.788194E+1,3.934396E+5
1.791667E+1,3.932701E+5
1.795139E+1,3.931007E+5
1.798611E+1,3.929312E+5
1.802083E+1,3.927618E+5
1.805556E+1,3.925923E+5
1.809028E+1,3.924229E+5
1.812500E+1,3.922534E+5
1.815972E+1,3.920840E+5
1.819444E+1,3.919145E+5
1.822917E+1,3.917451E+5
1.826389E+1,3.915756E+5
1.829861E+1,3.914062E+5
1.833333E+1,3.912367E+5
1.836806E+1,3.910672E+5
1.840278E+1,3.908978E+5
1.843750E+1,3.907284E+5
1.847222E+1,3.905589E+5
1.850694E+1,3.903895E+5
1.854167E+1,3.902200E+5
1.857639E+1,3.900506E+5
1.861111E+1,3.898811E+5
1.864583E+1,3.897117E+5
1.868056E+1,3.895422E+5
1.871528E+1,3.893727E+5
1.875000E+1,3.892033E+5
1.878472E+1,3.890339E+5
1.881944E+1,3.888644E+5
1.885417E+1,3.886949E+5
1.888889E+1,3.885255E+5
1.892361E+1,3.883561E+5
1.895833E+1,3.881866E+5
1.899306E+1,3.880171E+5
1.902778E+1,3.878477E+5
1.906250E+1,3.876782E+5
1.909722E+1,3.875088E+5
1.913194E+1,3.873394E+5
1.916667E+1,3.871699E+5
1.920139E+1,3.870004E+5
1.923611E+1,3.868310E+5
1.927083E+1,3.866616E+5
1.930556E+1,3.864921E+5
1.934028E+1,3.863226E+5
1.937500E+1,3.861532E+5
1.940972E+1,3.859837E+5
1.944444E+1,3.858143E+5
1.947917E+1,3.856448E+5
1.951389E+1,3.854754E+5
1.954861E+1,3.853059E+5
1.958333E+1,3.851365E+5
1.961806E+1,3.849670E+5
1.965278E+1,3.847976E+5
1.968750E+1,3.846281E+5
1.972222E+1,3.844587E+5
1.975694E+1,3.842892E+5
1.979167E+1,3.841198E+5
1.982639E+1,3.839503E+5
1.986111E+1,3.837809E+5
1.989583E+1,3.836114E+5
1.993056E+1,3.834420E+5
1.996528E+1,3.832725E+5
2.000000E+1,3.831031E+5
2.003472E+1,3.829336E+5
2.006944E+1,3.827642E+5
2.010417E+1,3.826966E+5
2.013889E+1,3.831513E+5
2.017361E+1,3.836060E+5
2.020833E+1,3.840606E+5
2.024306E+1,3.845153E+5
2.027778E+1,3.849700E+5
2.031250E+1,3.854247E+5
2.034722E+1,3.858794E+5
2.038194E+1,3.863341E+5
2.041667E+1,3.867887E+5
2.045139E+1,3.872434E+5
2.048611E+1,3.876981E+5
2.052083E+1,3.881528E+5
2.055556E+1,3.886075E+5
2.059028E+1,3.890621E+5
2.062500E+1,3.895168E+5
2.065972E+1,3.899715E+5
2.069444E+1,3.904262E+5
2.072917E+1,3.908809E+5
2.076389E+1,3.913356E+5
2.079861E+1,3.917902E+5
2.083333E+1,3.922449E+5
2.086806E+1,3.926996E+5
2.090278E+1,3.931543E+5
2.093750E+1,3.936090E+5
2.097222E+1,3.940636E+5
2.100694E+1,3.945183E+5
2.104167E+1,3.949730E+5
2.107639E+1,3.954277E+5
2.111111E+1,3.958824E+5
2.114583E+1,3.963370E+5
2.118056E+1,3.967917E+5
2.121528E+1,3.972464E+5
2.125000E+1,3.977011E+5
2.128472E+1,3.981558E+5
2.131944E+1,3.986105E+5
2.135417E+1,3.990651E+5
2.138889E+1,3.995198E+5
2.142361E+1,3.999745E+5
2.145833E+1,4.004292E+5
2.149306E+1,4.008839E+5
2.152778E+1,4.013386E+5
2.156250E+1,4.017932E+5
2.159722E+1,4.022479E+5
2.163194E+1,4.027026E+5
2.166667E+1,4.031573E+5
2.170139E+1,4.036120E+5
2.173611E+1,4.040666E+5
2.177083E+1,4.045213E+5
2.180556E+1,4.049760E+5
2.184028E+1,4.054307E+5
2.187500E+1,4.058854E+5
2.190972E+1,4.063400E+5
2.194444E+1,4.067947E+5
2.197917E+1,4.072494E+5
2.201389E+1,4.077041E+5
2.204861E+1,4.081588E+5
2.208333E+1,4.086134E+5
2.211806E+1,4.090681E+5
2.215278E+1,4.095228E+5
2.218750E+1,4.099775E+5
2.222222E+1,4.104322E+5
2.225694E+1,4.108869E+5
2.229167E+1,4.113415E+5
2.232639E+1,4.117962E+5
2.236111E+1,4.122509E+5
2.239583E+1,4.127056E+5
2.243056E+1,4.131603E+5
2.246528E+1,4.136150E+5
2.250000E+1,4.140696E+5
2.253472E+1,4.145243E+5
2.256944E+1,4.149790E+5
2.260417E+1,4.154337E+5
2.263889E+1,4.158884E+5
2.267361E+1,4.163430E+5
2.270833E+1,4.167977E+5
2.274306E+1,4.172524E+5
2.277778E+1,4.177071E+5
2.281250E+1,4.181618E+5
2.284722E+1,4.186164E+5
2.288194E+1,4.190711E+5
2.291667E+1,4.195258E+5
2.295139E+1,4.199805E+5
2.298611E+1,4.204352E+5
2.302083E+1,4.208898E+5
2.305556E+1,4.213445E+5
2.309028E+1,4.217992E+5
2.312500E+1,4.222539E+5
2.315972E+1,4.227086E+5
2.319444E+1,4.231633E+5
2.322917E+1,4.236179E+5
2.326389E+1,4.240726E+5
2.329861E+1,4.245273E+5
2.333333E+1,4.249820E+5
2.336806E+1,4.254367E+5
2.340278E+1,4.258914E+5
2.343750E+1,4.263460E+5
2.347222E+1,4.268007E+5
2.350694E+1,4.272554E+5
2.354167E+1,4.277101E+5
2.357639E+1,4.281648E+5
2.361111E+1,4.286194E+5
2.364583E+1,4.290741E+5
2.368056E+1,4.295288E+5
2.371528E+1,4.299835E+5
2.375000E+1,4.304382E+5
2.378472E+1,4.308928E+5
2.381944E+1,4.313475E+5
2.385417E+1,4.318022E+5
2.388889E+1,4.322569E+5
2.392361E+1,4.327116E+5
2.395833E+1,4.331663E+5
2.399306E+1,4.336209E+5
2.402778E+1,4.340756E+5
2.406250E+1,4.345303E+5
2.409722E+1,4.349850E+5
2.413194E+1,4.354397E+5
2.416667E+1,4.358943E+5
2.420139E+1,4.363490E+5
2.423611E+1,4.368037E+5
2.427083E+1,4.384445E+5
2.430556E+1,4.400987E+5
2.434028E+1,4.417529E+5
2.437500E+1,4.434071E+5
2.440972E+1,4.450613E+5
2.444444E+1,4.467155E+5
2.447917E+1,4.483697E+5
2.451389E+1,4.500239E+5
2.454861E+1,4.516781E+5
2.458333E+1,4.533323E+5
2.461806E+1,4.549865E+5
2.465278E+1,4.566407E+5
2.468750E+1,4.582949E+5
2.472222E+1,4.599491E+5
2.475694E+1,4.616033E+5
2.479167E+1,4.632575E+5
2.482639E+1,4.649117E+5
2.486111E+1,4.665659E+5
2.489583E+1,4.682201E+5
2.493056E+1,4.698743E+5
2.496528E+1,4.715285E+5
2.500000E+1,4.731827E+5
2.503472E+1,4.748369E+5
2.506944E+1,4.764911E+5
2.510417E+1,4.781453E+5
2.513889E+1,4.797995E+5
2.517361E+1,4.814537E+5
2.520833E+1,4.831079E+5
2.524306E+1,4.847622E+5
2.527778E+1,4.864164E+5
2.531250E+1,4.880705E+5
2.534722E+1,4.897247E+5
2.538194E+1,4.913789E+5
2.541667E+1,4.930332E+5
2.545139E+1,4.946874E+5
2.548611E+1,4.963416E+5
2.552083E+1,4.979957E+5
2.555556E+1,4.996500E+5
2.559028E+1,5.013042E+5
2.562500E+1,5.029584E+5
2.565972E+1,5.046126E+5
2.569444E+1,5.062668E+5
2.572917E+1,5.079210E+5
2.576389E+1,5.095752E+5
2.579861E+1,5.112294E+5
2.583333E+1,5.128836E+5
2.586806E+1,5.145378E+5
2.590278E+1,5.161920E+5
2.593750E+1,5.178462E+5
2.597222E+1,5.195004E+5
2.600694E+1,5.211546E+5
2.604167E+1,5.228088E+5
2.607639E+1,5.244630E+5
2.611111E+1,5.261172E+5
2.614583E+1,5.277714E+5
2.618056E+1,5.294256E+5
2.621528E+1,5.310798E+5
2.625000E+1,5.327340E+5
2.628472E+1,5.343882E+5
2.631944E+1,5.360424E+5
2.635417E+1,5.376966E+5
2.638889E+1,5.393508E+5
2.642361E+1,5.410050E+5
2.645833E+1,5.426592E+5
2.649306E+1,5.443134E+5
2.652778E+1,5.459676E+5
2.656250E+1,5.476218E+5
2.659722E+1,5.492760E+5
2.663194E+1,5.509302E+5
2.666667E+1,5.525845E+5
2.670139E+1,5.542386E+5
2.673611E+1,5.558928E+5
2.677083E+1,5.575470E+5
2.680556E+1,5.592013E+5
2.684028E+1,5.608555E+5
2.687500E+1,5.625097E+5
2.690972E+1,5.641638E+5
2.694444E+1,5.658180E+5
2.697917E+1,5.674723E+5
2.701389E+1,5.691265E+5
2.704861E+1,5.707807E+5
2.708333E+1,5.724349E+5
2.711806E+1,5.740891E+5
2.715278E+1,5.757433E+5
2.718750E+1,5.773975E+5
2.722222E+1,5.790517E+5
2.725694E+1,5.807059E+5
2.729167E+1,5.823601E+5
2.732639E+1,5.840143E+5
2.736111E+1,5.856685E+5
2.739583E+1,5.873227E+5
2.743056E+1,5.889769E+5
2.746528E+1,5.906311E+5
2.750000E+1,5.922853E+5
2.753472E+1,5.939395E+5
2.756944E+1,5.955937E+5
2.760417E+1,5.972479E+5
2.763889E+1,5.989021E+5
2.767361E+1,6.005563E+5
2.770833E+1,6.022105E+5
2.774306E+1,6.038647E+5
2.777778E+1,6.055189E+5
2.781250E+1,6.071731E+5
2.784722E+1,6.088273E+5
2.788194E+1,6.104815E+5
2.791667E+1,6.121357E+5
2.795139E+1,6.137899E+5
2.798611E+1,6.154441E+5
2.802083E+1,6.170983E+5
2.805556E+1,6.187526E+5
2.809028E+1,6.204067E+5
2.812500E+1,6.220609E+5
2.815972E+1,6.237151E+5
2.819444E+1,6.253693E+5
2.822917E+1,6.270236E+5
2.826389E+1,6.286778E+5
2.829861E+1,6.303319E+5
2.833333E+1,6.319861E+5
2.836806E+1,6.336404E+5
2.840278E+1,6.352946E+5
2.843750E+1,6.369488E+5
2.847222E+1,6.386030E+5
2.850694E+1,6.402571E+5
2.854167E+1,6.419114E+5
2.857639E+1,6.435656E+5
2.861111E+1,6.452198E+5
2.864583E+1,6.468740E+5
2.868056E+1,6.480543E+5
2.871528E+1,6.481495E+5
2.875000E+1,6.482448E+5
2.878472E+1,6.483401E+5
2.881944E+1,6.484353E+5
2.885417E+1,6.485306E+5
2.888889E+1,6.486259E+5
2.892361E+1,6.487212E+5
2.895833E+1,6.488164E+5
2.899306E+1,6.489117E+5
2.902778E+1,6.490070E+5
2.906250E+1,6.491022E+5
2.909722E+1,6.491975E+5
2.913194E+1,6.492928E+5
2.916667E+1,6.493880E+5
2.920139E+1,6.494833E+5
2.923611E+1,6.495786E+5
2.927083E+1,6.496739E+5
2.930556E+1,6.497691E+5
2.934028E+1,6.498644E+5
2.937500E+1,6.499597E+5
2.940972E+1,6.500549E+5
2.944444E+1,6.501502E+5
2.947917E+1,6.502455E+5
2.951389E+1,6.503408E+5
2.954861E+1,6.504360E+5
2.958333E+1,6.505313E+5
2.961806E+1,6.506266E+5
2.965278E+1,6.507218E+5
2.968750E+1,6.508171E+5
2.972222E+1,6.509124E+5
2.975694E+1,6.510076E+5
2.979167E+1,6.511029E+5
2.982639E+1,6.511982E+5
2.986111E+1,6.512935E+5
2.989583E+1,6.513887E+5
2.993056E+1,6.514840E+5
2.996528E+1,6.515793E+5
3.000000E+1,6.516745E+5
3.003472E+1,6.517698E+5
3.006944E+1,6.518651E+5
3.010417E+1,6.519603E+5
3.013889E+1,6.520556E+5
3.017361E+1,6.521509E+5
3.020833E+1,6.522462E+5
3.024306E+1,6.523414E+5
3.027778E+1,6.524367E+5
3.031250E+1,6.525320E+5
3.034722E+1,6.526272E+5
3.038194E+1,6.527225E+5
3.041667E+1,6.528178E+5
3.045139E+1,6.529130E+5
3.048611E+1,6.530083E+5
3.052083E+1,6.531036E+5
3.055556E+1,6.531989E+5
3.059028E+1,6.532941E+5
3.062500E+1,6.533894E+5
3.065972E+1,6.534847E+5
3.069444E+1,6.535799E+5
3.072917E+1,6.536752E+5
3.076389E+1,6.537705E+5
3.079861E+1,6.538658E+5
3.083333E+1,6.539610E+5
3.086806E+1,6.540563E+5
3.090278E+1,6.541516E+5
3.093750E+1,6.542468E+5
3.097222E+1,6.543421E+5
3.100694E+1,6.544374E+5
3.104167E+1,6.545326E+5
3.107639E+1,6.546279E+5
3.111111E+1,6.547232E+5
3.114583E+1,6.548185E+5
3.118056E+1,6.549137E+5
3.121528E+1,6.550090E+5
3.125000E+1,6.551043E+5
3.128472E+1,6.551995E+5
3.131944E+1,6.552948E+5
3.135417E+1,6.553901E+5
3.138889E+1,6.554853E+5
3.142361E+1,6.555806E+5
3.145833E+1,6.556759E+5
3.149306E+1,6.557712E+5
3.152778E+1,6.558664E+5
3.156250E+1,6.559617E+5
3.159722E+1,6.560570E+5
3.163194E+1,6.561522E+5
3.166667E+1,6.562475E+5
3.170139E+1,6.563428E+5
3.173611E+1,6.564381E+5
3.177083E+1,6.565333E+5
3.180556E+1,6.566286E+5
3.184028E+1,6.567239E+5
3.187500E+1,6.568191E+5
3.190972E+1,6.569144E+5
3.194444E+1,6.570097E+5
3.197917E+1,6.571049E+5
3.201389E+1,6.572002E+5
3.204861E+1,6.572955E+5
3.208333E+1,6.573908E+5
3.211806E+1,6.574860E+5
3.215278E+1,6.575813E+5
3.218750E+1,6.576766E+5
3.222222E+1,6.577718E+5
3.225694E+1,6.578671E+5
3.229167E+1,6.579624E+5
3.232639E+1,6.580576E+5
3.236111E+1,6.581529E+5
3.239583E+1,6.582482E+5
3.243056E+1,6.583435E+5
3.246528E+1,6.584387E+5
3.250000E+1,6.585340E+5
3.253472E+1,6.586293E+5
3.256944E+1,6.587245E+5
3.260417E+1,6.588198E+5
3.263889E+1,6.589151E+5
3.267361E+1,6.590104E+5
3.270833E+1,6.591056E+5
3.274306E+1,6.592009E+5
3.277778E+1,6.592962E+5
3.281250E+1,6.593914E+5
3.284722E+1,6.594867E+5
3.288194E+1,6.595820E+5
3.291667E+1,6.596772E+5
3.295139E+1,6.597725E+5
3.298611E+1,6.598678E+5
3.302083E+1,6.599631E+5
3.305556E+1,6.600583E+5
3.309028E+1,6.601536E+5
3.312500E+1,6.599077E+5
3.315972E+1,6.594545E+5
3.319444E+1,6.590013E+5
3.322917E+1,6.585482E+5
3.326389E+1,6.580950E+5
3.329861E+1,6.576418E+5
3.333333E+1,6.571887E+5
3.336806E+1,6.567355E+5
3.340278E+1,6.562823E+5
3.343750E+1,6.558291E+5
3.347222E+1,6.553760E+5
3.350694E+1,6.549228E+5
3.354167E+1,6.544696E+5
3.357639E+1,6.540164E+5
3.361111E+1,6.535633E+5
3.364583E+1,6.531101E+5
3.368056E+1,6.526569E+5
3.371528E+1,6.522037E+5
3.375000E+1,6.517506E+5
3.378472E+1,6.512974E+5
3.381944E+1,6.508442E+5
3.385417E+1,6.503910E+5
3.388889E+1,6.499379E+5
3.392361E+1,6.494847E+5
3.395833E+1,6.490315E+5
3.399306E+1,6.485783E+5
3.402778E+1,6.481252E+5
3.406250E+1,6.476720E+5
3.409722E+1,6.472188E+5
3.413194E+1,6.467657E+5
3.416667E+1,6.463125E+5
3.420139E+1,6.458593E+5
3.423611E+1,6.454061E+5
3.427083E+1,6.449530E+5
3.430556E+1,6.444998E+5
3.434028E+1,6.440466E+5
3.437500E+1,6.435934E+5
3.440972E+1,6.431403E+5
3.444444E+1,6.426871E+5
3.447917E+1,6.422339E+5
3.451389E+1,6.417807E+5
3.454861E+1,6.413276E+5
3.458333E+1,6.408744E+5
3.461806E+1,6.404212E+5
3.465278E+1,6.399680E+5
3.468750E+1,6.395149E+5
3.472222E+1,6.390617E+5
3.475694E+1,6.386085E+5
3.479167E+1,6.381553E+5
3.482639E+1,6.377022E+5
3.486111E+1,6.372490E+5
3.489583E+1,6.367958E+5
3.493056E+1,6.363426E+5
3.496528E+1,6.358895E+5
3.500000E+1,6.354363E+5
3.503472E+1,6.349831E+5
3.506944E+1,6.345300E+5
3.510417E+1,6.340768E+5
3.513889E+1,6.336236E+5
3.517361E+1,6.331704E+5
3.520833E+1,6.327173E+5
3.524306E+1,6.322641E+5
3.527778E+1,6.318109E+5
3.531250E+1,6.313577E+5
3.534722E+1,6.309046E+5
3.538194E+1,6.304514E+5
3.541667E+1,6.299982E+5
3.545139E+1,6.295450E+5
3.548611E+1,6.290919E+5
3.552083E+1,6.286387E+5
3.555556E+1,6.281855E+5
3.559028E+1,6.277323E+5
3.562500E+1,6.272792E+5
3.565972E+1,6.268260E+5
3.569444E+1,6.263728E+5
3.572917E+1,6.259196E+5
3.576389E+1,6.254665E+5
3.579861E+1,6.250133E+5
3.583333E+1,6.245601E+5
3.586806E+1,6.241069E+5
3.590278E+1,6.236538E+5
3.593750E+1,6.232006E+5
3.597222E+1,6.227474E+5
3.600694E+1,6.222943E+5
3.604167E+1,6.218411E+5
3.607639E+1,6.213879E+5
3.611111E+1,6.209347E+5
3.614583E+1,6.204816E+5
3.618056E+1,6.200284E+5
3.621528E+1,6.195752E+5
3.625000E+1,6.191220E+5
3.628472E+1,6.186689E+5
3.631944E+1,6.182157E+5
3.635417E+1,6.177625E+5
3.638889E+1,6.173093E+5
3.642361E+1,6.168562E+5
3.645833E+1,6.164030E+5
3.649306E+1,6.159498E+5
3.652778E+1,6.154966E+5
3.656250E+1,6.150435E+5
3.659722E+1,6.145903E+5
3.663194E+1,6.141371E+5
3.666667E+1,6.136839E+5
3.670139E+1,6.132308E+5
3.673611E+1,6.127776E+5
3.677083E+1,6.123244E+5
3.680556E+1,6.118712E+5
3.684028E+1,6.114181E+5
3.687500E+1,6.109649E+5
3.690972E+1,6.105117E+5
3.694444E+1,6.100586E+5
3.697917E+1,6.096054E+5
3.701389E+1,6.091522E+5
3.704861E+1,6.086990E+5
3.708333E+1,6.082459E+5
3.711806E+1,6.077927E+5
3.715278E+1,6.073395E+5
3.718750E+1,6.068863E+5
3.722222E+1,6.064332E+5
3.725694E+1,6.059800E+5
3.729167E+1,6.055268E+5
3.732639E+1,6.050736E+5
3.736111E+1,6.045005E+5
3.739583E+1,6.038509E+5
3.743056E+1,6.032014E+5
3.746528E+1,6.025518E+5
3.750000E+1,6.019023E+5
3.753472E+1,6.012527E+5
3.756944E+1,6.006032E+5
3.760417E+1,5.999536E+5
3.763889E+1,5.993041E+5
3.767361E+1,5.986545E+5
3.770833E+1,5.980049E+5
3.774306E+1,5.973554E+5
3.777778E+1,5.967058E+5
3.781250E+1,5.960563E+5
3.784722E+1,5.954067E+5
3.788194E+1,5.947572E+5
3.791667E+1,5.941076E+5
3.795139E+1,5.934580E+5
3.798611E+1,5.928085E+5
3.802083E+1,5.921589E+5
3.805556E+1,5.915094E+5
3.809028E+1,5.908598E+5
3.812500E+1,5.902103E+5
3.815972E+1,5.895607E+5
3.819444E+1,5.889112E+5
3.822917E+1,5.882616E+5
3.826389E+1,5.876120E+5
3.829861E+1,5.869625E+5
3.833333E+1,5.863129E+5
3.836806E+1,5.856634E+5
3.840278E+1,5.850138E+5
3.843750E+1,5.843643E+5
3.847222E+1,5.837147E+5
3.850694E+1,5.830652E+5
3.854167E+1,5.824156E+5
3.857639E+1,5.817660E+5
3.861111E+1,5.811165E+5
3.864583E+1,5.804669E+5
3.868056E+1,5.798174E+5
3.871528E+1,5.791678E+5
3.875000E+1,5.785183E+5
3.878472E+1,5.778687E+5
3.881944E+1,5.772192E+5
3.885417E+1,5.765696E+5
3.888889E+1,5.759200E+5
3.892361E+1,5.752705E+5
3.895833E+1,5.746209E+5
3.899306E+1,5.739714E+5
3.902778E+1,5.733218E+5
3.906250E+1,5.726723E+5
3.909722E+1,5.720227E+5
3.913194E+1,5.713732E+5
3.916667E+1,5.707236E+5
3.920139E+1,5.700740E+5
3.923611E+1,5.694245E+5
3.927083E+1,5.687749E+5
3.930556E+1,5.681254E+5
3.934028E+1,5.674758E+5
3.937500E+1,5.668263E+5
3.940972E+1,5.661767E+5
3.944444E+1,5.655272E+5
3.947917E+1,5.648776E+5
3.951389E+1,5.642280E+5
3.954861E+1,5.635785E+5
3.958333E+1,5.629289E+5
3.961806E+1,5.622794E+5
3.965278E+1,5.616298E+5
3.968750E+1,5.609803E+5
3.972222E+1,5.603307E+5
3.975694E+1,5.596812E+5
3.979167E+1,5.590316E+5
3.982639E+1,5.583820E+5
3.986111E+1,5.577325E+5
3.989583E+1,5.570829E+5
3.993056E+1,5.564334E+5
3.996528E+1,5.557838E+5
4.000000E+1,5.551343E+5
4.003472E+1,5.544847E+5
4.006944E+1,5.538352E+5
4.010417E+1,5.531856E+5
4.013889E+1,5.525360E+5
4.017361E+1,5.518865E+5
4.020833E+1,5.512369E+5
4.024306E+1,5.505874E+5
4.027778E+1,5.499378E+5
4.031250E+1,5.492883E+5
4.034722E+1,5.486387E+5
4.038194E+1,5.479892E+5
4.041667E+1,5.473396E+5
4.045139E+1,5.466900E+5
4.048611E+1,5.460405E+5
4.052083E+1,5.453909E+5
4.055556E+1,5.447414E+5
4.059028E+1,5.440918E+5
4.062500E+1,5.434423E+5
4.065972E+1,5.427927E+5
4.069444E+1,5.421432E+5
4.072917E+1,5.414936E+5
4.076389E+1,5.408440E+5
4.079861E+1,5.401945E+5
4.083333E+1,5.395449E+5
4.086806E+1,5.388954E+5
4.090278E+1,5.382458E+5
4.093750E+1,5.375963E+5
4.097222E+1,5.369467E+5
4.100694E+1,5.362972E+5
4.104167E+1,5.356476E+5
4.107639E+1,5.349980E+5
4.111111E+1,5.343485E+5
4.114583E+1,5.336989E+5
4.118056E+1,5.330494E+5
4.121528E+1,5.323998E+5
4.125000E+1,5.317503E+5
4.128472E+1,5.311007E+5
4.131944E+1,5.304511E+5
4.135417E+1,5.298016E+5
4.138889E+1,5.291520E+5
4.142361E+1,5.285025E+5
4.145833E+1,5.278529E+5
4.149306E+1,5.272034E+5
4.152778E+1,5.265538E+5
4.156250E+1,5.259042E+5
4.159722E+1,5.252547E+5
4.163194E+1,5.246051E+5
4.166667E+1,5.239556E+5
4.170139E+1,5.233060E+5
4.173611E+1,5.226565E+5
4.177083E+1,5.220069E+5
4.180556E+1,5.219999E+5
4.184028E+1,5.220442E+5
4.187500E+1,5.220885E+5
4.190972E+1,5.221328E+5
4.194444E+1,5.221771E+5
4.197917E+1,5.222214E+5
4.201389E+1,5.222656E+5
4.204861E+1,5.223099E+5
4.208333E+1,5.223542E+5
4.211806E+1,5.223985E+5
4.215278E+1,5.224428E+5
4.218750E+1,5.224871E+5
4.222222E+1,5.225314E+5
4.225694E+1,5.225757E+5
4.229167E+1,5.226200E+5
4.232639E+1,5.226642E+5
4.236111E+1,5.227085E+5
4.239583E+1,5.227528E+5
4.243056E+1,5.227971E+5
4.246528E+1,5.228414E+5
4.250000E+1,5.228857E+5
4.253472E+1,5.229300E+5
4.256944E+1,5.229743E+5
4.260417E+1,5.230185E+5
4.263889E+1,5.230628E+5
4.267361E+1,5.231071E+5
4.270833E+1,5.231514E+5
4.274306E+1,5.231957E+5
4.277778E+1,5.232400E+5
4.281250E+1,5.232843E+5
4.284722E+1,5.233286E+5
4.288194E+1,5.233728E+5
4.291667E+1,5.234171E+5
4.295139E+1,5.234614E+5
4.298611E+1,5.235057E+5
4.302083E+1,5.235500E+5
4.305556E+1,5.235943E+5
4.309028E+1,5.236386E+5
4.312500E+1,5.236829E+5
4.315972E+1,5.237272E+5
4.319444E+1,5.237714E+5
4.322917E+1,5.238157E+5
4.326389E+1,5.238600E+5
4.329861E+1,5.239043E+5
4.333333E+1,5.239486E+5
4.336806E+1,5.239929E+5
4.340278E+1,5.240372E+5
4.343750E+1,5.240815E+5
4.347222E+1,5.241258E+5
4.350694E+1,5.241700E+5
4.354167E+1,5.242143E+5
4.357639E+1,5.242586E+5
4.361111E+1,5.243029E+5
4.364583E+1,5.243472E+5
4.368056E+1,5.243915E+5
4.371528E+1,5.244358E+5
4.375000E+1,5.244801E+5
4.378472E+1,5.245243E+5
4.381944E+1,5.245686E+5
4.385417E+1,5.246129E+5
4.388889E+1,5.246572E+5
4.392361E+1,5.247015E+5
4.395833E+1,5.247458E+5
4.399306E+1,5.247901E+5
4.402778E+1,5.248344E+5
4.406250E+1,5.248787E+5
4.409722E+1,5.249229E+5
4.413194E+1,5.249672E+5
4.416667E+1,5.250115E+5
4.420139E+1,5.250558E+5
4.423611E+1,5.251001E+5
4.427083E+1,5.251444E+5
4.430556E+1,5.251887E+5
4.434028E+1,5.252330E+5
4.437500E+1,5.252772E+5
4.440972E+1,5.253215E+5
4.444444E+1,5.253658E+5
4.447917E+1,5.254101E+5
4.451389E+1,5.254544E+5
4.454861E+1,5.254987E+5
4.458333E+1,5.255430E+5
4.461806E+1,5.255873E+5
4.465278E+1,5.256316E+5
4.468750E+1,5.256758E+5
4.472222E+1,5.257201E+5
4.475694E+1,5.257644E+5
4.479167E+1,5.258087E+5
4.482639E+1,5.258530E+5
4.486111E+1,5.258973E+5
4.489583E+1,5.259416E+5
4.493056E+1,5.259859E+5
4.496528E+1,5.260301E+5
4.500000E+1,5.260744E+5
4.503472E+1,5.261187E+5
4.506944E+1,5.261630E+5
4.510417E+1,5.262073E+5
4.513889E+1,5.262516E+5
4.517361E+1,5.262959E+5
4.520833E+1,5.263402E+5
4.524306E+1,5.263845E+5
4.527778E+1,5.264287E+5
4.531250E+1,5.264730E+5
4.534722E+1,5.265173E+5
4.538194E+1,5.265616E+5
4.541667E+1,5.266059E+5
4.545139E+1,5.266502E+5
4.548611E+1,5.266945E+5
4.552083E+1,5.267388E+5
4.555556E+1,5.267830E+5
4.559028E+1,5.268273E+5
4.562500E+1,5.268716E+5
4.565972E+1,5.269159E+5
4.569444E+1,5.269602E+5
4.572917E+1,5.270045E+5
4.576389E+1,5.270488E+5
4.579861E+1,5.270931E+5
4.583333E+1,5.271374E+5
4.586806E+1,5.271816E+5
4.590278E+1,5.272259E+5
4.593750E+1,5.272702E+5
4.597222E+1,5.273145E+5
4.600694E+1,5.273588E+5
4.604167E+1,5.274031E+5
4.607639E+1,5.274474E+5
4.611111E+1,5.274336E+5
4.614583E+1,5.267338E+5
4.618056E+1,5.260340E+5
4.621528E+1,5.253343E+5
4.625000E+1,5.246345E+5
4.628472E+1,5.239348E+5
4.631944E+1,5.232350E+5
4.635417E+1,5.225352E+5
4.638889E+1,5.218355E+5
4.642361E+1,5.211357E+5
4.645833E+1,5.204360E+5
4.649306E+1,5.197362E+5
4.652778E+1,5.190364E+5
4.656250E+1,5.183367E+5
4.659722E+1,5.176369E+5
4.663194E+1,5.169372E+5
4.666667E+1,5.162374E+5
4.670139E+1,5.155376E+5
4.673611E+1,5.148379E+5
4.677083E+1,5.141381E+5
4.680556E+1,5.134383E+5
4.684028E+1,5.127386E+5
4.687500E+1,5.120388E+5
4.690972E+1,5.113391E+5
4.694444E+1,5.106393E+5
4.697917E+1,5.099395E+5
4.701389E+1,5.092398E+5
4.704861E+1,5.085400E+5
4.708333E+1,5.078402E+5
4.711806E+1,5.071405E+5
4.715278E+1,5.064407E+5
4.718750E+1,5.057410E+5
4.722222E+1,5.050412E+5
4.725694E+1,5.043414E+5
4.729167E+1,5.036417E+5
4.732639E+1,5.029419E+5
4.736111E+1,5.022422E+5
4.739583E+1,5.015424E+5
4.743056E+1,5.008426E+5
4.746528E+1,5.001429E+5
4.750000E+1,4.994431E+5
4.753472E+1,4.987433E+5
4.756944E+1,4.980436E+5
4.760417E+1,4.973438E+5
4.763889E+1,4.966441E+5
4.767361E+1,4.959443E+5
4.770833E+1,4.952445E+5
4.774306E+1,4.945448E+5
4.777778E+1,4.938450E+5
4.781250E+1,4.931453E+5
4.784722E+1,4.924455E+5
4.788194E+1,4.917457E+5
4.791667E+1,4.910460E+5
4.795139E+1,4.903462E+5
4.798611E+1,4.896464E+5
4.802083E+1,4.889467E+5
4.805556E+1,4.882469E+5
4.809028E+1,4.875472E+5
4.812500E+1,4.868474E+5
4.815972E+1,4.861476E+5
4.819444E+1,4.854479E+5
4.822917E+1,4.847481E+5
4.826389E+1,4.840484E+5
4.829861E+1,4.833486E+5
4.833333E+1,4.826488E+5
4.836806E+1,4.819491E+5
4.840278E+1,4.812493E+5
4.843750E+1,4.805495E+5
4.847222E+1,4.798498E+5
4.850694E+1,4.791500E+5
4.854167E+1,4.784503E+5
4.857639E+1,4.777505E+5
4.861111E+1,4.770507E+5
4.864583E+1,4.763510E+5
4.868056E+1,4.756512E+5
4.871528E+1,4.749515E+5
4.875000E+1,4.742517E+5
4.878472E+1,4.735519E+5
4.881944E+1,4.728522E+5
4.885417E+1,4.721524E+5
4.888889E+1,4.714526E+5
4.892361E+1,4.707529E+5
4.895833E+1,4.700531E+5
4.899306E+1,4.693534E+5
4.902778E+1,4.686536E+5
4.906250E+1,4.679538E+5
4.909722E+1,4.672541E+5
4.913194E+1,4.665543E+5
4.916667E+1,4.658545E+5
4.920139E+1,4.651548E+5
4.923611E+1,4.644550E+5
4.927083E+1,4.637553E+5
4.930556E+1,4.630555E+5
4.934028E+1,4.623557E+5
4.937500E+1,4.616560E+5
4.940972E+1,4.609562E+5
4.944444E+1,4.602565E+5
4.947917E+1,4.595567E+5
4.951389E+1,4.588569E+5
4.954861E+1,4.581572E+5
4.958333E+1,4.574574E+5
4.961806E+1,4.567576E+5
4.965278E+1,4.560579E+5
4.968750E+1,4.553581E+5
4.972222E+1,4.546584E+5
4.975694E+1,4.539586E+5
4.979167E+1,4.532588E+5
4.982639E+1,4.525591E+5
4.986111E+1,4.518593E+5
4.989583E+1,4.511596E+5
4.993056E+1,4.504598E+5
4.996528E+1,4.497600E+5
5.000000E+1,4.490603E+5
5.003472E+1,4.483605E+5
5.006944E+1,4.476608E+5
5.010417E+1,4.469610E+5
5.013889E+1,4.462612E+5
5.017361E+1,4.455615E+5
5.020833E+1,4.448617E+5
5.024306E+1,4.441619E+5
5.027778E+1,4.434622E+5
5.031250E+1,4.427624E+5
5.034722E+1,4.420627E+5
5.038194E+1,4.413629E+5
5.041667E+1,4.406631E+5
5.045139E+1,4.399077E+5
5.048611E+1,4.389688E+5
5.052083E+1,4.380299E+5
5.055556E+1,4.370910E+5
5.059028E+1,4.361521E+5
5.062500E+1,4.352132E+5
5.065972E+1,4.342743E+5
5.069444E+1,4.333354E+5
5.072917E+1,4.323965E+5
5.076389E+1,4.314576E+5
5.079861E+1,4.305187E+5
5.083333E+1,4.295798E+5
5.086806E+1,4.286409E+5
5.090278E+1,4.277020E+5
5.093750E+1,4.267631E+5
5.097222E+1,4.258242E+5
5.100694E+1,4.248853E+5
5.104167E+1,4.239464E+5
5.107639E+1,4.230075E+5
5.111111E+1,4.220686E+5
5.114583E+1,4.211297E+5
5.118056E+1,4.201908E+5
5.121528E+1,4.192519E+5
5.125000E+1,4.183130E+5
5.128472E+1,4.173741E+5
5.131944E+1,4.164352E+5
5.135417E+1,4.154963E+5
5.138889E+1,4.145574E+5
5.142361E+1,4.136185E+5
5.145833E+1,4.126796E+5
5.149306E+1,4.117407E+5
5.152778E+1,4.108018E+5
5.156250E+1,4.098629E+5
5.159722E+1,4.089240E+5
5.163194E+1,4.079851E+5
5.166667E+1,4.070462E+5
5.170139E+1,4.061073E+5
5.173611E+1,4.051684E+5
5.177083E+1,4.042295E+5
5.180556E+1,4.032906E+5
5.184028E+1,4.023517E+5
5.187500E+1,4.014128E+5
5.190972E+1,4.004739E+5
5.194444E+1,3.995351E+5
5.197917E+1,3.985961E+5
5.201389E+1,3.976572E+5
5.204861E+1,3.967183E+5
5.208333E+1,3.957795E+5
5.211806E+1,3.948405E+5
5.215278E+1,3.939016E+5
5.218750E+1,3.929627E+5
5.222222E+1,3.920239E+5
5.225694E+1,3.910850E+5
5.229167E+1,3.901460E+5
5.232639E+1,3.892072E+5
5.236111E+1,3.882683E+5
5.239583E+1,3.873294E+5
5.243056E+1,3.863904E+5
5.246528E+1,3.854516E+5
5.250000E+1,3.845127E+5
5.253472E+1,3.835738E+5
5.256944E+1,3.826349E+5
5.260417E+1,3.816960E+5
5.263889E+1,3.807571E+5
5.267361E+1,3.798182E+5
5.270833E+1,3.788793E+5
5.274306E+1,3.779404E+5
5.277778E+1,3.770015E+5
5.281250E+1,3.760626E+5
5.284722E+1,3.751237E+5
5.288194E+1,3.741848E+5
5.291667E+1,3.732459E+5
5.295139E+1,3.723070E+5
5.298611E+1,3.713681E+5
5.302083E+1,3.704292E+5
5.305556E+1,3.694903E+5
5.309028E+1,3.685514E+5
5.312500E+1,3.676125E+5
5.315972E+1,3.666736E+5
5.319444E+1,3.657347E+5
5.322917E+1,3.647958E+5
5.326389E+1,3.638569E+5
5.329861E+1,3.629180E+5
5.333333E+1,3.619791E+5
5.336806E+1,3.610402E+5
5.340278E+1,3.601013E+5
5.343750E+1,3.591624E+5
5.347222E+1,3.582235E+5
5.350694E+1,3.572846E+5
5.354167E+1,3.563457E+5
5.357639E+1,3.554068E+5
5.361111E+1,3.544679E+5
5.364583E+1,3.535290E+5
5.368056E+1,3.525901E+5
5.371528E+1,3.516512E+5
5.375000E+1,3.507123E+5
5.378472E+1,3.497734E+5
5.381944E+1,3.488345E+5
5.385417E+1,3.478956E+5
5.388889E+1,3.469567E+5
5.392361E+1,3.460178E+5
5.395833E+1,3.450789E+5
5.399306E+1,3.441400E+5
5.402778E+1,3.432011E+5
5.406250E+1,3.422622E+5
5.409722E+1,3.413233E+5
5.413194E+1,3.403844E+5
5.416667E+1,3.394455E+5
5.420139E+1,3.385066E+5
5.423611E+1,3.375677E+5
5.427083E+1,3.366288E+5
5.430556E+1,3.356899E+5
5.434028E+1,3.347510E+5
5.437500E+1,3.338121E+5
5.440972E+1,3.328733E+5
5.444444E+1,3.319344E+5
5.447917E+1,3.309954E+5
5.451389E+1,3.300565E+5
5.454861E+1,3.291177E+5
5.458333E+1,3.281788E+5
5.461806E+1,3.272398E+5
5.465278E+1,3.263009E+5
5.468750E+1,3.253621E+5
5.472222E+1,3.244232E+5
5.475694E+1,3.234843E+5
5.479167E+1,3.227701E+5
5.482639E+1,3.224150E+5
5.486111E+1,3.220599E+5
5.489583E+1,3.217048E+5
5.493056E+1,3.213497E+5
5.496528E+1,3.209946E+5
5.500000E+1,3.206396E+5
5.503472E+1,3.202845E+5
5.506944E+1,3.199294E+5
5.510417E+1,3.195743E+5
5.513889E+1,3.192192E+5
5.517361E+1,3.188641E+5
5.520833E+1,3.185090E+5
5.524306E+1,3.181539E+5
5.527778E+1,3.177988E+5
5.531250E+1,3.174437E+5
5.534722E+1,3.170887E+5
5.538194E+1,3.167336E+5
5.541667E+1,3.163785E+5
5.545139E+1,3.160234E+5
5.548611E+1,3.156683E+5
5.552083E+1,3.153132E+5
5.555556E+1,3.149581E+5
5.559028E+1,3.146030E+5
5.562500E+1,3.142479E+5
5.565972E+1,3.138928E+5
5.569444E+1,3.135377E+5
5.572917E+1,3.131826E+5
5.576389E+1,3.128276E+5
5.579861E+1,3.124725E+5
5.583333E+1,3.121174E+5
5.586806E+1,3.117623E+5
5.590278E+1,3.114072E+5
5.593750E+1,3.110521E+5
5.597222E+1,3.106970E+5
5.600694E+1,3.103419E+5
5.604167E+1,3.099868E+5
5.607639E+1,3.096317E+5
5.611111E+1,3.092767E+5
5.614583E+1,3.089216E+5
5.618056E+1,3.085665E+5
5.621528E+1,3.082114E+5
5.625000E+1,3.078563E+5
5.628472E+1,3.075012E+5
5.631944E+1,3.071461E+5
5.635417E+1,3.067910E+5
5.638889E+1,3.064359E+5
5.642361E+1,3.060808E+5
5.645833E+1,3.057257E+5
5.649306E+1,3.053706E+5
5.652778E+1,3.050156E+5
5.656250E+1,3.046605E+5
5.659722E+1,3.043054E+5
5.663194E+1,3.039503E+5
5.666667E+1,3.035952E+5
5.670139E+1,3.032401E+5
5.673611E+1,3.028850E+5
5.677083E+1,3.025299E+5
5.680556E+1,3.021748E+5
5.684028E+1,3.018197E+5
5.687500E+1,3.014647E+5
5.690972E+1,3.011096E+5
5.694444E+1,3.007545E+5
5.697917E+1,3.003994E+5
5.701389E+1,3.000443E+5
5.704861E+1,2.996892E+5
5.708333E+1,2.993341E+5
5.711806E+1,2.989790E+5
5.715278E+1,2.986239E+5
5.718750E+1,2.982688E+5
5.722222E+1,2.979137E+5
5.725694E+1,2.975587E+5
5.729167E+1,2.972036E+5
5.732639E+1,2.968485E+5
5.736111E+1,2.964934E+5
5.739583E+1,2.961383E+5
5.743056E+1,2.957832E+5
5.746528E+1,2.954281E+5
5.750000E+1,2.950730E+5
5.753472E+1,2.947179E+5
5.756944E+1,2.943628E+5
5.760417E+1,2.940077E+5
5.763889E+1,2.936527E+5
5.767361E+1,2.932976E+5
5.770833E+1,2.929425E+5
5.774306E+1,2.925874E+5
5.777778E+1,2.922323E+5
5.781250E+1,2.918772E+5
5.784722E+1,2.915221E+5
5.788194E+1,2.911670E+5
5.791667E+1,2.908119E+5
5.795139E+1,2.904568E+5
5.798611E+1,2.901018E+5
5.802083E+1,2.897467E+5
5.805556E+1,2.893916E+5
5.809028E+1,2.890365E+5
5.812500E+1,2.886814E+5
5.815972E+1,2.883263E+5
5.819444E+1,2.879712E+5
5.822917E+1,2.876161E+5
5.826389E+1,2.872610E+5
5.829861E+1,2.869059E+5
5.833333E+1,2.865508E+5
5.836806E+1,2.861957E+5
5.840278E+1,2.858407E+5
5.843750E+1,2.854856E+5
5.847222E+1,2.851305E+5
5.850694E+1,2.847754E+5
5.854167E+1,2.844203E+5
5.857639E+1,2.840652E+5
5.861111E+1,2.837101E+5
5.864583E+1,2.833550E+5
5.868056E+1,2.829999E+5
5.871528E+1,2.826448E+5
5.875000E+1,2.822898E+5
5.878472E+1,2.819347E+5
5.881944E+1,2.815796E+5
5.885417E+1,2.812245E+5
5.888889E+1,2.808694E+5
5.892361E+1,2.805143E+5
5.895833E+1,2.801592E+5
5.899306E+1,2.798041E+5
5.902778E+1,2.794490E+5
5.906250E+1,2.790939E+5
5.909722E+1,2.787388E+5
5.913194E+1,2.783838E+5
5.916667E+1,2.780287E+5
5.920139E+1,2.776736E+5
5.923611E+1,2.773245E+5
5.927083E+1,2.769781E+5
5.930556E+1,2.766317E+5
5.934028E+1,2.762853E+5
5.937500E+1,2.759388E+5
5.940972E+1,2.755924E+5
5.944444E+1,2.752460E+5
5.947917E+1,2.748995E+5
5.951389E+1,2.745531E+5
5.954861E+1,2.742067E+5
5.958333E+1,2.738603E+5
5.961806E+1,2.735138E+5
5.965278E+1,2.731674E+5
5.968750E+1,2.728210E+5
5.972222E+1,2.724745E+5
5.975694E+1,2.721281E+5
5.979167E+1,2.717817E+5
5.982639E+1,2.714352E+5
5.986111E+1,2.710888E+5
5.989583E+1,2.707424E+5
5.993056E+1,2.703959E+5
5.996528E+1,2.700495E+5
6.000000E+1,2.697031E+5
6.003472E+1,2.693567E+5
6.006944E+1,2.690102E+5
6.010417E+1,2.686638E+5
6.013889E+1,2.683174E+5
6.017361E+1,2.679709E+5
6.020833E+1,2.676245E+5
6.024306E+1,2.672781E+5
6.027778E+1,2.669317E+5
6.031250E+1,2.665852E+5
6.034722E+1,2.662388E+5
6.038194E+1,2.658924E+5
6.041667E+1,2.655459E+5
6.045139E+1,2.651995E+5
6.048611E+1,2.648531E+5
6.052083E+1,2.645067E+5
6.055556E+1,2.641602E+5
6.059028E+1,2.638138E+5
6.062500E+1,2.634674E+5
6.065972E+1,2.631209E+5
6.069444E+1,2.627745E+5
6.072917E+1,2.624281E+5
6.076389E+1,2.620816E+5
6.079861E+1,2.617352E+5
6.083333E+1,2.613888E+5
6.086806E+1,2.610423E+5
6.090278E+1,2.606959E+5
6.093750E+1,2.603495E+5
6.097222E+1,2.600031E+5
6.100694E+1,2.596566E+5
6.104167E+1,2.593102E+5
6.107639E+1,2.589638E+5
6.111111E+1,2.586173E+5
6.114583E+1,2.582709E+5
6.118056E+1,2.579245E+5
6.121528E+1,2.575781E+5
6.125000E+1,2.572316E+5
6.128472E+1,2.568852E+5
6.131944E+1,2.565388E+5
6.135417E+1,2.561923E+5
6.138889E+1,2.558459E+5
6.142361E+1,2.554995E+5
6.145833E+1,2.551530E+5
6.149306E+1,2.548066E+5
6.152778E+1,2.544602E+5
6.156250E+1,2.541138E+5
6.159722E+1,2.537673E+5
6.163194E+1,2.534209E+5
6.166667E+1,2.530745E+5
6.170139E+1,2.527280E+5
6.173611E+1,2.523816E+5
6.177083E+1,2.520352E+5
6.180556E+1,2.516887E+5
6.184028E+1,2.513423E+5
6.187500E+1,2.509959E+5
6.190972E+1,2.506495E+5
6.194444E+1,2.503030E+5
6.197917E+1,2.499566E+5
6.201389E+1,2.496102E+5
6.204861E+1,2.492637E+5
6.208333E+1,2.489173E+5
6.211806E+1,2.485709E+5
6.215278E+1,2.482245E+5
6.218750E+1,2.478780E+5
6.222222E+1,2.475316E+5
6.225694E+1,2.471852E+5
6.229167E+1,2.468387E+5
6.232639E+1,2.464923E+5
6.236111E+1,2.461459E+5
6.239583E+1,2.457994E+5
6.243056E+1,2.454530E+5
6.246528E+1,2.451066E+5
6.250000E+1,2.447602E+5
6.253472E+1,2.444137E+5
6.256944E+1,2.440673E+5
6.260417E+1,2.437209E+5
6.263889E+1,2.433744E+5
6.267361E+1,2.430280E+5
6.270833E+1,2.426816E+5
6.274306E+1,2.423351E+5
6.277778E+1,2.419887E+5
6.281250E+1,2.416423E+5
6.284722E+1,2.412959E+5
6.288194E+1,2.409494E+5
6.291667E+1,2.406030E+5
6.295139E+1,2.402566E+5
6.298611E+1,2.399101E+5
6.302083E+1,2.395637E+5
6.305556E+1,2.392173E+5
6.309028E+1,2.388709E+5
6.312500E+1,2.385244E+5
6.315972E+1,2.381780E+5
6.319444E+1,2.378316E+5
6.322917E+1,2.374851E+5
6.326389E+1,2.371387E+5
6.329861E+1,2.367923E+5
6.333333E+1,2.364458E+5
6.336806E+1,2.360994E+5
6.340278E+1,2.357530E+5
6.343750E+1,2.354066E+5
6.347222E+1,2.350601E+5
6.350694E+1,2.347137E+5
6.354167E+1,2.343673E+5
6.357639E+1,2.340208E+5
6.361111E+1,2.336744E+5
6.364583E+1,2.333321E+5
6.368056E+1,2.332524E+5
6.371528E+1,2.331726E+5
6.375000E+1,2.330929E+5
6.378472E+1,2.330132E+5
6.381944E+1,2.329335E+5
6.385417E+1,2.328538E+5
6.388889E+1,2.327741E+5
6.392361E+1,2.326943E+5
6.395833E+1,2.326146E+5
6.399306E+1,2.325349E+5
6.402778E+1,2.324552E+5
6.406250E+1,2.323755E+5
6.409722E+1,2.322957E+5
6.413194E+1,2.322160E+5
6.416667E+1,2.321363E+5
6.420139E+1,2.320566E+5
6.423611E+1,2.319769E+5
6.427083E+1,2.318972E+5
6.430556E+1,2.318174E+5
6.434028E+1,2.317377E+5
6.437500E+1,2.316580E+5
6.440972E+1,2.315783E+5
6.444444E+1,2.314986E+5
6.447917E+1,2.314188E+5
6.451389E+1,2.313391E+5
6.454861E+1,2.312594E+5
6.458333E+1,2.311797E+5
6.461806E+1,2.311000E+5
6.465278E+1,2.310203E+5
6.468750E+1,2.309405E+5
6.472222E+1,2.308608E+5
6.475694E+1,2.307811E+5
6.479167E+1,2.307014E+5
6.482639E+1,2.306217E+5
6.486111E+1,2.305420E+5
6.489583E+1,2.304622E+5
6.493056E+1,2.303825E+5
6.496528E+1,2.303028E+5
6.500000E+1,2.302231E+5
6.503472E+1,2.301434E+5
6.506944E+1,2.300636E+5
6.510417E+1,2.299839E+5
6.513889E+1,2.299042E+5
6.517361E+1,2.298245E+5
6.520833E+1,2.297448E+5
6.524306E+1,2.296651E+5
6.527778E+1,2.295853E+5
6.531250E+1,2.295056E+5
6.534722E+1,2.294259E+5
6.538194E+1,2.293462E+5
6.541667E+1,2.292665E+5
6.545139E+1,2.291868E+5
6.548611E+1,2.291070E+5
6.552083E+1,2.290273E+5
6.555556E+1,2.289476E+5
6.559028E+1,2.288679E+5
6.562500E+1,2.287882E+5
6.565972E+1,2.287084E+5
6.569444E+1,2.286287E+5
6.572917E+1,2.285490E+5
6.576389E+1,2.284693E+5
6.579861E+1,2.283896E+5
6.583333E+1,2.283099E+5
6.586806E+1,2.282301E+5
6.590278E+1,2.281504E+5
6.593750E+1,2.280707E+5
6.597222E+1,2.279910E+5
6.600694E+1,2.279113E+5
6.604167E+1,2.278316E+5
6.607639E+1,2.277518E+5
6.611111E+1,2.276721E+5
6.614583E+1,2.275924E+5
6.618056E+1,2.275127E+5
6.621528E+1,2.274330E+5
6.625000E+1,2.273532E+5
6.628472E+1,2.272735E+5
6.631944E+1,2.271938E+5
6.635417E+1,2.271141E+5
6.638889E+1,2.270344E+5
6.642361E+1,2.269547E+5
6.645833E+1,2.268749E+5
6.649306E+1,2.267952E+5
6.652778E+1,2.267155E+5
6.656250E+1,2.266358E+5
6.659722E+1,2.265561E+5
6.663194E+1,2.264764E+5
6.666667E+1,2.263966E+5
6.670139E+1,2.263169E+5
6.673611E+1,2.262372E+5
6.677083E+1,2.261575E+5
6.680556E+1,2.260778E+5
6.684028E+1,2.259980E+5
6.687500E+1,2.259183E+5
6.690972E+1,2.258386E+5
6.694444E+1,2.257589E+5
6.697917E+1,2.256792E+5
6.701389E+1,2.255995E+5
6.704861E+1,2.255197E+5
6.708333E+1,2.254400E+5
6.711806E+1,2.253603E+5
6.715278E+1,2.252806E+5
6.718750E+1,2.252009E+5
6.722222E+1,2.251211E+5
6.725694E+1,2.250414E+5
6.729167E+1,2.249617E+5
6.732639E+1,2.248820E+5
6.736111E+1,2.248023E+5
6.739583E+1,2.247226E+5
6.743056E+1,2.246428E+5
6.746528E+1,2.245631E+5
6.750000E+1,2.244834E+5
6.753472E+1,2.244037E+5
6.756944E+1,2.243240E+5
6.760417E+1,2.242443E+5
6.763889E+1,2.241645E+5
6.767361E+1,2.240848E+5
6.770833E+1,2.240051E+5
6.774306E+1,2.239254E+5
6.777778E+1,2.238457E+5
6.781250E+1,2.237659E+5
6.784722E+1,2.236862E+5
6.788194E+1,2.236065E+5
6.791667E+1,2.235268E+5
6.795139E+1,2.234471E+5
6.798611E+1,2.233619E+5
6.802083E+1,2.232493E+5
6.805556E+1,2.231367E+5
6.809028E+1,2.230241E+5
6.812500E+1,2.229115E+5
6.815972E+1,2.227989E+5
6.819444E+1,2.226863E+5
6.822917E+1,2.225737E+5
6.826389E+1,2.224611E+5
6.829861E+1,2.223485E+5
6.833333E+1,2.222360E+5
6.836806E+1,2.221234E+5
6.840278E+1,2.220108E+5
6.843750E+1,2.218982E+5
6.847222E+1,2.217856E+5
6.850694E+1,2.216730E+5
6.854167E+1,2.215604E+5
6.857639E+1,2.214478E+5
6.861111E+1,2.213352E+5
6.864583E+1,2.212227E+5
6.868056E+1,2.211101E+5
6.871528E+1,2.209975E+5
6.875000E+1,2.208849E+5
6.878472E+1,2.207723E+5
6.881944E+1,2.206597E+5
6.885417E+1,2.205471E+5
6.888889E+1,2.204345E+5
6.892361E+1,2.203219E+5
6.895833E+1,2.202093E+5
6.899306E+1,2.200968E+5
6.902778E+1,2.199842E+5
6.906250E+1,2.198716E+5
6.909722E+1,2.197590E+5
6.913194E+1,2.196464E+5
6.916667E+1,2.195338E+5
6.920139E+1,2.194212E+5
6.923611E+1,2.193086E+5
6.927083E+1,2.191960E+5
6.930556E+1,2.190834E+5
6.934028E+1,2.189709E+5
6.937500E+1,2.188583E+5
6.940972E+1,2.187457E+5
6.944444E+1,2.186331E+5
6.947917E+1,2.185205E+5
6.951389E+1,2.184079E+5
6.954861E+1,2.182953E+5
6.958333E+1,2.181827E+5
6.961806E+1,2.180701E+5
6.965278E+1,2.179575E+5
6.968750E+1,2.178450E+5
6.972222E+1,2.177324E+5
6.975694E+1,2.176198E+5
6.979167E+1,2.175072E+5
6.982639E+1,2.173946E+5
6.986111E+1,2.172820E+5
6.989583E+1,2.171694E+5
6.993056E+1,2.170568E+5
6.996528E+1,2.169442E+5
7.000000E+1,2.168317E+5
7.003472E+1,2.167191E+5
7.006944E+1,2.166065E+5
7.010417E+1,2.164939E+5
7.013889E+1,2.163813E+5
7.017361E+1,2.162687E+5
7.020833E+1,2.161561E+5
7.024306E+1,2.160435E+5
7.027778E+1,2.159309E+5
7.031250E+1,2.158183E+5
7.034722E+1,2.157058E+5
7.038194E+1,2.155932E+5
7.041667E+1,2.154806E+5
7.045139E+1,2.153680E+5
7.048611E+1,2.152554E+5
7.052083E+1,2.151428E+5
7.055556E+1,2.150302E+5
7.059028E+1,2.149176E+5
7.062500E+1,2.148050E+5
7.065972E+1,2.146924E+5
7.069444E+1,2.145799E+5
7.072917E+1,2.144673E+5
7.076389E+1,2.143547E+5
7.079861E+1,2.142421E+5
7.083333E+1,2.141295E+5
7.086806E+1,2.140169E+5
7.090278E+1,2.139043E+5
7.093750E+1,2.137917E+5
7.097222E+1,2.136791E+5
7.100694E+1,2.135665E+5
7.104167E+1,2.134540E+5
7.107639E+1,2.133414E+5
7.111111E+1,2.132288E+5
7.114583E+1,2.131162E+5
7.118056E+1,2.130036E+5
7.121528E+1,2.128910E+5
7.125000E+1,2.127784E+5
7.128472E+1,2.126658E+5
7.131944E+1,2.125532E+5
7.135417E+1,2.124406E+5
7.138889E+1,2.123281E+5
7.142361E+1,2.122155E+5
7.145833E+1,2.121029E+5
7.149306E+1,2.119903E+5
7.152778E+1,2.118777E+5
7.156250E+1,2.117651E+5
7.159722E+1,2.116525E+5
7.163194E+1,2.115399E+5
7.166667E+1,2.114273E+5
7.170139E+1,2.113148E+5
7.173611E+1,2.112022E+5
7.177083E+1,2.110896E+5
7.180556E+1,2.109770E+5
7.184028E+1,2.108644E+5
7.187500E+1,2.107518E+5
7.190972E+1,2.106392E+5
7.194444E+1,2.105266E+5
7.197917E+1,2.104140E+5
7.201389E+1,2.103014E+5
7.204861E+1,2.101889E+5
7.208333E+1,2.100763E+5
7.211806E+1,2.099637E+5
7.215278E+1,2.098511E+5
7.218750E+1,2.097385E+5
7.222222E+1,2.096259E+5
7.225694E+1,2.095133E+5
7.229167E+1,2.094007E+5
7.232639E+1,2.092881E+5
7.236111E+1,2.091755E+5
7.239583E+1,2.090630E+5
7.243056E+1,2.090674E+5
7.246528E+1,2.091973E+5
7.250000E+1,2.093272E+5
7.253472E+1,2.094571E+5
7.256944E+1,2.095870E+5
7.260417E+1,2.097170E+5
7.263889E+1,2.098469E+5
7.267361E+1,2.099768E+5
7.270833E+1,2.101067E+5
7.274306E+1,2.102366E+5
7.277778E+1,2.103665E+5
7.281250E+1,2.104964E+5
7.284722E+1,2.106263E+5
7.288194E+1,2.107563E+5
7.291667E+1,2.108862E+5
7.295139E+1,2.110161E+5
7.298611E+1,2.111460E+5
7.302083E+1,2.112759E+5
7.305556E+1,2.114058E+5
7.309028E+1,2.115357E+5
7.312500E+1,2.116656E+5
7.315972E+1,2.117956E+5
7.319444E+1,2.119255E+5
7.322917E+1,2.120554E+5
7.326389E+1,2.121853E+5
7.329861E+1,2.123152E+5
7.333333E+1,2.124451E+5
7.336806E+1,2.125750E+5
7.340278E+1,2.127049E+5
7.343750E+1,2.128349E+5
7.347222E+1,2.129648E+5
7.350694E+1,2.130947E+5
7.354167E+1,2.132246E+5
7.357639E+1,2.133545E+5
7.361111E+1,2.134844E+5
7.364583E+1,2.136143E+5
7.368056E+1,2.137443E+5
7.371528E+1,2.138742E+5
7.375000E+1,2.140041E+5
7.378472E+1,2.141340E+5
7.381944E+1,2.142639E+5
7.385417E+1,2.143938E+5
7.388889E+1,2.145237E+5
7.392361E+1,2.146536E+5
7.395833E+1,2.147836E+5
7.399306E+1,2.149135E+5
7.402778E+1,2.150434E+5
7.406250E+1,2.151733E+5
7.409722E+1,2.153032E+5
7.413194E+1,2.154331E+5
7.416667E+1,2.155630E+5
7.420139E+1,2.156929E+5
7.423611E+1,2.158229E+5
7.427083E+1,2.159528E+5
7.430556E+1,2.160827E+5
7.434028E+1,2.162126E+5
7.437500E+1,2.163425E+5
7.440972E+1,2.164724E+5
7.444444E+1,2.166023E+5
7.447917E+1,2.167322E+5
7.451389E+1,2.168622E+5
7.454861E+1,2.169921E+5
7.458333E+1,2.171220E+5
7.461806E+1,2.172519E+5
7.465278E+1,2.173818E+5
7.468750E+1,2.175117E+5
7.472222E+1,2.176416E+5
7.475694E+1,2.177715E+5
7.479167E+1,2.179015E+5
7.482639E+1,2.180314E+5
7.486111E+1,2.181613E+5
7.489583E+1,2.182912E+5
7.493056E+1,2.184211E+5
7.496528E+1,2.185510E+5
7.500000E+1,2.186809E+5
7.503472E+1,2.188108E+5
7.506944E+1,2.189408E+5
7.510417E+1,2.190707E+5
7.513889E+1,2.192006E+5
7.517361E+1,2.193305E+5
7.520833E+1,2.194604E+5
7.524306E+1,2.195903E+5
7.527778E+1,2.197202E+5
7.531250E+1,2.198501E+5
7.534722E+1,2.199801E+5
7.538194E+1,2.201100E+5
7.541667E+1,2.202399E+5
7.545139E+1,2.203698E+5
7.548611E+1,2.204997E+5
7.552083E+1,2.206296E+5
7.555556E+1,2.207595E+5
7.559028E+1,2.208895E+5
7.562500E+1,2.210194E+5
7.565972E+1,2.211493E+5
7.569444E+1,2.212792E+5
7.572917E+1,2.214091E+5
7.576389E+1,2.215390E+5
7.579861E+1,2.216689E+5
7.583333E+1,2.217988E+5
7.586806E+1,2.219288E+5
7.590278E+1,2.220587E+5
7.593750E+1,2.221886E+5
7.597222E+1,2.223185E+5
7.600694E+1,2.224484E+5
7.604167E+1,2.225783E+5
7.607639E+1,2.227082E+5
7.611111E+1,2.228381E+5
7.614583E+1,2.229681E+5
7.618056E+1,2.230980E+5
7.621528E+1,2.232279E+5
7.625000E+1,2.233578E+5
7.628472E+1,2.234877E+5
7.631944E+1,2.236176E+5
7.635417E+1,2.237475E+5
7.638889E+1,2.238774E+5
7.642361E+1,2.240074E+5
7.645833E+1,2.241373E+5
7.649306E+1,2.242672E+5
7.652778E+1,2.243971E+5
7.656250E+1,2.245270E+5
7.659722E+1,2.246569E+5
7.663194E+1,2.247868E+5
7.666667E+1,2.249167E+5
7.670139E+1,2.250467E+5
7.673611E+1,2.251766E+5
7.677083E+1,2.253065E+5
7.680556E+1,2.254364E+5
7.684028E+1,2.255663E+5
7.687500E+1,2.256962E+5
7.690972E+1,2.258261E+5
7.694444E+1,2.259560E+5
7.697917E+1,2.260860E+5
7.701389E+1,2.262159E+5
7.704861E+1,2.263458E+5
7.708333E+1,2.264757E+5
7.711806E+1,2.266056E+5
7.715278E+1,2.267355E+5
7.718750E+1,2.268654E+5
7.722222E+1,2.269953E+5
7.725694E+1,2.271253E+5
7.729167E+1,2.272552E+5
7.732639E+1,2.273851E+5
7.736111E+1,2.275150E+5
7.739583E+1,2.276449E+5
7.743056E+1,2.277748E+5
7.746528E+1,2.279047E+5
7.750000E+1,2.280347E+5
7.753472E+1,2.281646E+5
7.756944E+1,2.282945E+5
7.760417E+1,2.284244E+5
7.763889E+1,2.285543E+5
7.767361E+1,2.286842E+5
7.770833E+1,2.288141E+5
7.774306E+1,2.289440E+5
7.777778E+1,2.290740E+5
7.781250E+1,2.292039E+5
7.784722E+1,2.293338E+5
7.788194E+1,2.294637E+5
7.791667E+1,2.295936E+5
7.795139E+1,2.297235E+5
7.798611E+1,2.298534E+5
7.802083E+1,2.299833E+5
7.805556E+1,2.301133E+5
7.809028E+1,2.302432E+5
7.812500E+1,2.303731E+5
7.815972E+1,2.305030E+5
7.819444E+1,2.306329E+5
7.822917E+1,2.307628E+5
7.826389E+1,2.308927E+5
7.829861E+1,2.310226E+5
7.833333E+1,2.311526E+5
7.836806E+1,2.312825E+5
7.840278E+1,2.314124E+5
7.843750E+1,2.315423E+5
7.847222E+1,2.316722E+5
7.850694E+1,2.318021E+5
7.854167E+1,2.319320E+5
7.857639E+1,2.320619E+5
7.861111E+1,2.321919E+5
7.864583E+1,2.323218E+5
7.868056E+1,2.324517E+5
7.871528E+1,2.325816E+5
7.875000E+1,2.327115E+5
7.878472E+1,2.328414E+5
7.881944E+1,2.329713E+5
7.885417E+1,2.331013E+5
7.888889E+1,2.332312E+5
7.892361E+1,2.333611E+5
7.895833E+1,2.334910E+5
7.899306E+1,2.336209E+5
7.902778E+1,2.337508E+5
7.906250E+1,2.338807E+5
7.909722E+1,2.340106E+5
7.913194E+1,2.341405E+5
7.916667E+1,2.342705E+5
7.920139E+1,2.344004E+5
7.923611E+1,2.345303E+5
7.927083E+1,2.346602E+5
7.930556E+1,2.347901E+5
7.934028E+1,2.349200E+5
7.937500E+1,2.350499E+5
7.940972E+1,2.351799E+5
7.944444E+1,2.353098E+5
7.947917E+1,2.354397E+5
7.951389E+1,2.355696E+5
7.954861E+1,2.356995E+5
7.958333E+1,2.358294E+5
7.961806E+1,2.359593E+5
7.965278E+1,2.360892E+5
7.968750E+1,2.362192E+5
7.972222E+1,2.363491E+5
7.975694E+1,2.364790E+5
7.979167E+1,2.366089E+5
7.982639E+1,2.367388E+5
7.986111E+1,2.368687E+5
7.989583E+1,2.369986E+5
7.993056E+1,2.371285E+5
7.996528E+1,2.372585E+5
8.000000E+1,2.373884E+5
8.003472E+1,2.375183E+5
8.006944E+1,2.376482E+5
8.010417E+1,2.377781E+5
8.013889E+1,2.379080E+5
8.017361E+1,2.380379E+5
8.020833E+1,2.381678E+5
8.024306E+1,2.382978E+5
8.027778E+1,2.384277E+5
8.031250E+1,2.385576E+5
8.034722E+1,2.386875E+5
8.038194E+1,2.388174E+5
8.041667E+1,2.389473E+5
8.045139E+1,2.390772E+5
8.048611E+1,2.392071E+5
8.052083E+1,2.393371E+5
8.055556E+1,2.394670E+5
8.059028E+1,2.395969E+5
8.062500E+1,2.397268E+5
8.065972E+1,2.398567E+5
8.069444E+1,2.399866E+5
8.072917E+1,2.401165E+5
8.076389E+1,2.402465E+5
8.079861E+1,2.403764E+5
8.083333E+1,2.405063E+5
8.086806E+1,2.406362E+5
8.090278E+1,2.407661E+5
8.093750E+1,2.408960E+5
8.097222E+1,2.410259E+5
8.100694E+1,2.411558E+5
8.104167E+1,2.412858E+5
8.107639E+1,2.414157E+5
8.111111E+1,2.415456E+5
8.114583E+1,2.416755E+5
8.118056E+1,2.418054E+5
8.121528E+1,2.419353E+5
8.125000E+1,2.420652E+5
8.128472E+1,2.421951E+5
8.131944E+1,2.423251E+5
8.135417E+1,2.424550E+5
8.138889E+1,2.425849E+5
8.142361E+1,2.427148E+5
8.145833E+1,2.428447E+5
8.149306E+1,2.429746E+5
8.152778E+1,2.431045E+5
8.156250E+1,2.432344E+5
8.159722E+1,2.433644E+5
8.163194E+1,2.434943E+5
8.166667E+1,2.436242E+5
8.170139E+1,2.437541E+5
8.173611E+1,2.438840E+5
8.177083E+1,2.440139E+5
8.180556E+1,2.441438E+5
8.184028E+1,2.442737E+5
8.187500E+1,2.444037E+5
8.190972E+1,2.445336E+5
8.194444E+1,2.446635E+5
8.197917E+1,2.447934E+5
8.201389E+1,2.449233E+5
8.204861E+1,2.450532E+5
8.208333E+1,2.451831E+5
8.211806E+1,2.453130E+5
8.215278E+1,2.454430E+5
8.218750E+1,2.455729E+5
8.222222E+1,2.457028E+5
8.225694E+1,2.458327E+5
8.229167E+1,2.459626E+5
8.232639E+1,2.460925E+5
8.236111E+1,2.462224E+5
8.239583E+1,2.463523E+5
8.243056E+1,2.464823E+5
8.246528E+1,2.466122E+5
8.250000E+1,2.467421E+5
8.253472E+1,2.468720E+5
8.256944E+1,2.470019E+5
8.260417E+1,2.471318E+5
8.263889E+1,2.472617E+5
8.267361E+1,2.473917E+5
8.270833E+1,2.475216E+5
8.274306E+1,2.476515E+5
8.277778E+1,2.477814E+5
8.281250E+1,2.479113E+5
8.284722E+1,2.480412E+5
8.288194E+1,2.481711E+5
8.291667E+1,2.483010E+5
8.295139E+1,2.484310E+5
8.298611E+1,2.485609E+5
8.302083E+1,2.486908E+5
8.305556E+1,2.488207E+5
8.309028E+1,2.489506E+5
8.312500E+1,2.490805E+5
8.315972E+1,2.492104E+5
8.319444E+1,2.493403E+5
8.322917E+1,2.494703E+5
8.326389E+1,2.496002E+5
8.329861E+1,2.497301E+5
8.333333E+1,2.498600E+5
8.336806E+1,2.499899E+5
8.340278E+1,2.501198E+5
8.343750E+1,2.502497E+5
8.347222E+1,2.503796E+5
8.350694E+1,2.505096E+5
8.354167E+1,2.506395E+5
8.357639E+1,2.507694E+5
8.361111E+1,2.508993E+5
8.364583E+1,2.510292E+5
8.368056E+1,2.511591E+5
8.371528E+1,2.512890E+5
8.375000E+1,2.514189E+5
8.378472E+1,2.515489E+5
8.381944E+1,2.516788E+5
8.385417E+1,2.518087E+5
8.388889E+1,2.519386E+5
8.392361E+1,2.520685E+5
8.395833E+1,2.521984E+5
8.399306E+1,2.523283E+5
8.402778E+1,2.524583E+5
8.406250E+1,2.525882E+5
8.409722E+1,2.527181E+5
8.413194E+1,2.528480E+5
8.416667E+1,2.529779E+5
8.420139E+1,2.531078E+5
8.423611E+1,2.532377E+5
8.427083E+1,2.533676E+5
8.430556E+1,2.534976E+5
8.434028E+1,2.536275E+5
8.437500E+1,2.537574E+5
8.440972E+1,2.538873E+5
8.444444E+1,2.540172E+5
8.447917E+1,2.541471E+5
8.451389E+1,2.542770E+5
8.454861E+1,2.544069E+5
8.458333E+1,2.545369E+5
8.461806E+1,2.546668E+5
8.465278E+1,2.547967E+5
8.468750E+1,2.549266E+5
8.472222E+1,2.550565E+5
8.475694E+1,2.551864E+5
8.479167E+1,2.553163E+5
8.482639E+1,2.554462E+5
8.486111E+1,2.555762E+5
8.489583E+1,2.557061E+5
8.493056E+1,2.558360E+5
8.496528E+1,2.559659E+5
8.500000E+1,2.560958E+5
8.503472E+1,2.562257E+5
8.506944E+1,2.563556E+5
8.510417E+1,2.564855E+5
8.513889E+1,2.566155E+5
8.517361E+1,2.567454E+5
8.520833E+1,2.568753E+5
8.524306E+1,2.570052E+5
8.527778E+1,2.571351E+5
8.531250E+1,2.572650E+5
8.534722E+1,2.573949E+5
8.538194E+1,2.575248E+5
8.541667E+1,2.576548E+5
8.545139E+1,2.577847E+5
8.548611E+1,2.579146E+5
8.552083E+1,2.580445E+5
8.555556E+1,2.581744E+5
8.559028E+1,2.583043E+5
8.562500E+1,2.584342E+5
8.565972E+1,2.585641E+5
8.569444E+1,2.586941E+5
8.572917E+1,2.588240E+5
8.576389E+1,2.589539E+5
8.579861E+1,2.590838E+5
8.583333E+1,2.592137E+5
8.586806E+1,2.593436E+5
8.590278E+1,2.594735E+5
8.593750E+1,2.596035E+5
8.597222E+1,2.597334E+5
8.600694E+1,2.598633E+5
8.604167E+1,2.599932E+5
8.607639E+1,2.601231E+5
8.611111E+1,2.602530E+5
8.614583E+1,2.603829E+5
8.618056E+1,2.605128E+5
8.621528E+1,2.606428E+5
8.625000E+1,2.607727E+5
8.628472E+1,2.609026E+5
8.631944E+1,2.610325E+5
8.635417E+1,2.611624E+5
8.638889E+1,2.612923E+5
8.642361E+1,2.614222E+5
8.645833E+1,2.615521E+5
8.649306E+1,2.616821E+5
8.652778E+1,2.618120E+5
8.656250E+1,2.619419E+5
8.659722E+1,2.620718E+5
8.663194E+1,2.622017E+5
8.666667E+1,2.623316E+5
8.670139E+1,2.624615E+5
8.673611E+1,2.625914E+5
8.677083E+1,2.627214E+5
8.680556E+1,2.628513E+5
8.684028E+1,2.629812E+5
8.687500E+1,2.631111E+5
8.690972E+1,2.632410E+5
8.694444E+1,2.633709E+5
8.697917E+1,2.635008E+5
8.701389E+1,2.636307E+5
8.704861E+1,2.637607E+5
8.708333E+1,2.638906E+5
8.711806E+1,2.640205E+5
8.715278E+1,2.641504E+5
8.718750E+1,2.642803E+5
8.722222E+1,2.644102E+5
8.725694E+1,2.645401E+5
8.729167E+1,2.646700E+5
8.732639E+1,2.648000E+5
8.736111E+1,2.649299E+5
8.739583E+1,2.650598E+5
8.743056E+1,2.651897E+5
8.746528E+1,2.653196E+5
8.750000E+1,2.654495E+5
8.753472E+1,2.655794E+5
8.756944E+1,2.657093E+5
8.760417E+1,2.658393E+5
8.763889E+1,2.659692E+5
8.767361E+1,2.660991E+5
8.770833E+1,2.662290E+5
8.774306E+1,2.663589E+5
8.777778E+1,2.664888E+5
8.781250E+1,2.666187E+5
8.784722E+1,2.667487E+5
8.788194E+1,2.668786E+5
8.791667E+1,2.670085E+5
8.795139E+1,2.671384E+5
8.798611E+1,2.672683E+5
8.802083E+1,2.673982E+5
8.805556E+1,2.675281E+5
8.809028E+1,2.676580E+5
8.812500E+1,2.677880E+5
8.815972E+1,2.679179E+5
8.819444E+1,2.680478E+5
8.822917E+1,2.681777E+5
8.826389E+1,2.683076E+5
8.829861E+1,2.684375E+5
8.833333E+1,2.685674E+5
8.836806E+1,2.686973E+5
8.840278E+1,2.688273E+5
8.843750E+1,2.689572E+5
8.847222E+1,2.690871E+5
8.850694E+1,2.692170E+5
8.854167E+1,2.693469E+5
8.857639E+1,2.694768E+5
8.861111E+1,2.696067E+5
8.864583E+1,2.697366E+5
8.868056E+1,2.698666E+5
8.871528E+1,2.699965E+5
8.875000E+1,2.701264E+5
8.878472E+1,2.702563E+5
8.881944E+1,2.703862E+5
8.885417E+1,2.705161E+5
8.888889E+1,2.706460E+5
8.892361E+1,2.707759E+5
8.895833E+1,2.709059E+5
8.899306E+1,2.710358E+5
8.902778E+1,2.711657E+5
8.906250E+1,2.712956E+5
8.909722E+1,2.714255E+5
8.913194E+1,2.715554E+5
8.916667E+1,2.716853E+5
8.920139E+1,2.718152E+5
8.923611E+1,2.719452E+5
8.927083E+1,2.720751E+5
8.930556E+1,2.722050E+5
8.934028E+1,2.723349E+5
8.937500E+1,2.724648E+5
8.940972E+1,2.725947E+5
8.944444E+1,2.727246E+5
8.947917E+1,2.728546E+5
8.951389E+1,2.729845E+5
8.954861E+1,2.731144E+5
8.958333E+1,2.732443E+5
8.961806E+1,2.733742E+5
8.965278E+1,2.735041E+5
8.968750E+1,2.736340E+5
8.972222E+1,2.737639E+5
8.975694E+1,2.738939E+5
8.979167E+1,2.740238E+5
8.982639E+1,2.741537E+5
8.986111E+1,2.742836E+5
8.989583E+1,2.744135E+5
8.993056E+1,2.745434E+5
8.996528E+1,2.746733E+5
9.000000E+1,2.748032E+5
9.003472E+1,2.749332E+5
9.006944E+1,2.750631E+5
9.010417E+1,2.751930E+5
9.013889E+1,2.753229E+5
9.017361E+1,2.754528E+5
9.020833E+1,2.755827E+5
9.024306E+1,2.757126E+5
9.027778E+1,2.758425E+5
9.031250E+1,2.759725E+5
9.034722E+1,2.761024E+5
9.038194E+1,2.762323E+5
9.041667E+1,2.763622E+5
9.045139E+1,2.764921E+5
9.048611E+1,2.766220E+5
9.052083E+1,2.767519E+5
9.055556E+1,2.768818E+5
9.059028E+1,2.770118E+5
9.062500E+1,2.771417E+5
9.065972E+1,2.772716E+5
9.069444E+1,2.774015E+5
9.072917E+1,2.775314E+5
9.076389E+1,2.776613E+5
9.079861E+1,2.777912E+5
9.083333E+1,2.779211E+5
9.086806E+1,2.780511E+5
9.090278E+1,2.781810E+5
9.093750E+1,2.783109E+5
9.097222E+1,2.784408E+5
9.100694E+1,2.785707E+5
9.104167E+1,2.787006E+5
9.107639E+1,2.788305E+5
9.111111E+1,2.789605E+5
9.114583E+1,2.790904E+5
9.118056E+1,2.792203E+5
9.121528E+1,2.793502E+5
9.125000E+1,2.794801E+5
9.128472E+1,2.796100E+5
9.131944E+1,2.797399E+5
9.135417E+1,2.798698E+5
9.138889E+1,2.799998E+5
9.142361E+1,2.801297E+5
9.145833E+1,2.802596E+5
9.149306E+1,2.803895E+5
9.152778E+1,2.805194E+5
9.156250E+1,2.806493E+5
9.159722E+1,2.807792E+5
9.163194E+1,2.809091E+5
9.166667E+1,2.810391E+5
9.170139E+1,2.811690E+5
9.173611E+1,2.812989E+5
9.177083E+1,2.814288E+5
9.180556E+1,2.815587E+5
9.184028E+1,2.816886E+5
9.187500E+1,2.818185E+5
9.190972E+1,2.819484E+5
9.194444E+1,2.820784E+5
9.197917E+1,2.822083E+5
9.201389E+1,2.823382E+5
9.204861E+1,2.824681E+5
9.208333E+1,2.825980E+5
9.211806E+1,2.827279E+5
9.215278E+1,2.828578E+5
9.218750E+1,2.829877E+5
9.222222E+1,2.831177E+5
9.225694E+1,2.832476E+5
9.229167E+1,2.833775E+5
9.232639E+1,2.835074E+5
9.236111E+1,2.836373E+5
9.239583E+1,2.837672E+5
9.243056E+1,2.838971E+5
9.246528E+1,2.840270E+5
9.250000E+1,2.841570E+5
9.253472E+1,2.842869E+5
9.256944E+1,2.844168E+5
9.260417E+1,2.845467E+5
9.263889E+1,2.846766E+5
9.267361E+1,2.848065E+5
9.270833E+1,2.849364E+5
9.274306E+1,2.850664E+5
9.277778E+1,2.851963E+5
9.281250E+1,2.853262E+5
9.284722E+1,2.854561E+5
9.288194E+1,2.855860E+5
9.291667E+1,2.857159E+5
9.295139E+1,2.858458E+5
9.298611E+1,2.859757E+5
9.302083E+1,2.861057E+5
9.305556E+1,2.862356E+5
9.309028E+1,2.863655E+5
9.312500E+1,2.864954E+5
9.315972E+1,2.866253E+5
9.319444E+1,2.867552E+5
9.322917E+1,2.868851E+5
9.326389E+1,2.870150E+5
9.329861E+1,2.871450E+5
9.333333E+1,2.872749E+5
9.336806E+1,2.874048E+5
9.340278E+1,2.875347E+5
9.343750E+1,2.876646E+5
9.347222E+1,2.877945E+5
9.350694E+1,2.879244E+5
9.354167E+1,2.880543E+5
9.357639E+1,2.881843E+5
9.361111E+1,2.883142E+5
9.364583E+1,2.884441E+5
9.368056E+1,2.885740E+5
9.371528E+1,2.887039E+5
9.375000E+1,2.888338E+5
9.378472E+1,2.889637E+5
9.381944E+1,2.890936E+5
9.385417E+1,2.892236E+5
9.388889E+1,2.893535E+5
9.392361E+1,2.894834E+5
9.395833E+1,2.896133E+5
9.399306E+1,2.897432E+5
9.402778E+1,2.898731E+5
9.406250E+1,2.900030E+5
9.409722E+1,2.901329E+5
9.413194E+1,2.902629E+5
9.416667E+1,2.903928E+5
9.420139E+1,2.905227E+5
9.423611E+1,2.906526E+5
9.427083E+1,2.907825E+5
9.430556E+1,2.909124E+5
9.434028E+1,2.910423E+5
9.437500E+1,2.911722E+5
9.440972E+1,2.913022E+5
9.444444E+1,2.914321E+5
9.447917E+1,2.915620E+5
9.451389E+1,2.916919E+5
9.454861E+1,2.918218E+5
9.458333E+1,2.919517E+5
9.461806E+1,2.920816E+5
9.465278E+1,2.922116E+5
9.468750E+1,2.923415E+5
9.472222E+1,2.924714E+5
9.475694E+1,2.926013E+5
9.479167E+1,2.927312E+5
9.482639E+1,2.928611E+5
9.486111E+1,2.929910E+5
9.489583E+1,2.931209E+5
9.493056E+1,2.932509E+5
9.496528E+1,2.933808E+5
9.500000E+1,2.935107E+5
9.503472E+1,2.936406E+5
9.506944E+1,2.937705E+5
9.510417E+1,2.939004E+5
9.513889E+1,2.940303E+5
9.517361E+1,2.941602E+5
9.520833E+1,2.942902E+5
9.524306E+1,2.944201E+5
9.527778E+1,2.945500E+5
9.531250E+1,2.946799E+5
9.534722E+1,2.948098E+5
9.538194E+1,2.949397E+5
9.541667E+1,2.950696E+5
9.545139E+1,2.951995E+5
9.548611E+1,2.953295E+5
9.552083E+1,2.954594E+5
9.555556E+1,2.955893E+5
9.559028E+1,2.957192E+5
9.562500E+1,2.958491E+5
9.565972E+1,2.959790E+5
9.569444E+1,2.961089E+5
9.572917E+1,2.962388E+5
9.576389E+1,2.963688E+5
9.579861E+1,2.964987E+5
9.583333E+1,2.966286E+5
9.586806E+1,2.967585E+5
9.590278E+1,2.968884E+5
9.593750E+1,2.970183E+5
9.597222E+1,2.971482E+5
9.600694E+1,2.972781E+5
9.604167E+1,2.974081E+5
9.607639E+1,2.975380E+5
9.611111E+1,2.976679E+5
9.614583E+1,2.977978E+5
9.618056E+1,2.979277E+5
9.621528E+1,2.980576E+5
9.625000E+1,2.981875E+5
9.628472E+1,2.983174E+5
9.631944E+1,2.984474E+5
9.635417E+1,2.985773E+5
9.638889E+1,2.987072E+5
9.642361E+1,2.988371E+5
9.645833E+1,2.989670E+5
9.649306E+1,2.990969E+5
9.652778E+1,2.992268E+5
9.656250E+1,2.993568E+5
9.659722E+1,2.994867E+5
9.663194E+1,2.996166E+5
9.666667E+1,2.997465E+5
9.670139E+1,2.998764E+5
9.673611E+1,3.000063E+5
9.677083E+1,3.001362E+5
9.680556E+1,3.002661E+5
9.684028E+1,3.003961E+5
9.687500E+1,3.005260E+5
9.690972E+1,3.006559E+5
9.694444E+1,3.007858E+5
9.697917E+1,3.009157E+5
9.701389E+1,3.010456E+5
9.704861E+1,3.011755E+5
9.708333E+1,3.013054E+5
9.711806E+1,3.014354E+5
9.715278E+1,3.015653E+5
9.718750E+1,3.016952E+5
9.722222E+1,3.018251E+5
9.725694E+1,3.019550E+5
9.729167E+1,3.020849E+5
9.732639E+1,3.022148E+5
9.736111E+1,3.023447E+5
9.739583E+1,3.024747E+5
9.743056E+1,3.026046E+5
9.746528E+1,3.027345E+5
9.750000E+1,3.028644E+5
9.753472E+1,3.029943E+5
9.756944E+1,3.031242E+5
9.760417E+1,3.032541E+5
9.763889E+1,3.033840E+5
9.767361E+1,3.035140E+5
9.770833E+1,3.036439E+5
9.774306E+1,3.037738E+5
9.777778E+1,3.039037E+5
9.781250E+1,3.040336E+5
9.784722E+1,3.041635E+5
9.788194E+1,3.042934E+5
9.791667E+1,3.044234E+5
9.795139E+1,3.045533E+5
9.798611E+1,3.046832E+5
9.802083E+1,3.048131E+5
9.805556E+1,3.049430E+5
9.809028E+1,3.050729E+5
9.812500E+1,3.052028E+5
9.815972E+1,3.053327E+5
9.819444E+1,3.054627E+5
9.822917E+1,3.055926E+5
9.826389E+1,3.057225E+5
9.829861E+1,3.058524E+5
9.833333E+1,3.059823E+5
9.836806E+1,3.061122E+5
9.840278E+1,3.062421E+5
9.843750E+1,3.063720E+5
9.847222E+1,3.065020E+5
9.850694E+1,3.066319E+5
9.854167E+1,3.067618E+5
9.857639E+1,3.068917E+5
9.861111E+1,3.070216E+5
9.864583E+1,3.071515E+5
9.868056E+1,3.072814E+5
9.871528E+1,3.074113E+5
9.875000E+1,3.075413E+5
9.878472E+1,3.076712E+5
9.881944E+1,3.078011E+5
9.885417E+1,3.079310E+5
9.888889E+1,3.080609E+5
9.892361E+1,3.081908E+5
9.895833E+1,3.083207E+5
9.899306E+1,3.084506E+5
9.902778E+1,3.085806E+5
9.906250E+1,3.087105E+5
9.909722E+1,3.088404E+5
9.913194E+1,3.089703E+5
9.916667E+1,3.091002E+5
9.920139E+1,3.092301E+5
9.923611E+1,3.093600E+5
9.927083E+1,3.094899E+5
9.930556E+1,3.096199E+5
9.934028E+1,3.097498E+5
9.937500E+1,3.098797E+5
9.940972E+1,3.100096E+5
9.944444E+1,3.101395E+5
9.947917E+1,3.102694E+5
9.951389E+1,3.103993E+5
9.954861E+1,3.105292E+5
9.958333E+1,3.106592E+5
9.961806E+1,3.107891E+5
9.965278E+1,3.109190E+5
9.968750E+1,3.110489E+5
9.972222E+1,3.111788E+5
9.975694E+1,3.113087E+5
9.979167E+1,3.114386E+5
9.982639E+1,3.115686E+5
9.986111E+1,3.116985E+5
9.989583E+1,3.118284E+5
9.993056E+1,3.119583E+5
9.996528E+1,3.120882E+5
