7.139351E-14,1.140125E-2
3.472222E-4,1.139332E-2
6.944444E-4,1.138540E-2
1.041667E-3,1.137747E-2
1.388889E-3,1.136955E-2
1.736111E-3,1.136163E-2
2.083333E-3,1.135370E-2
2.430556E-3,1.134578E-2
2.777778E-3,1.133785E-2
3.125000E-3,1.132993E-2
3.472222E-3,1.132201E-2
3.819444E-3,1.131408E-2
4.166667E-3,1.130616E-2
4.513889E-3,1.129823E-2
4.861111E-3,1.129031E-2
5.208333E-3,1.128239E-2
5.555556E-3,1.127446E-2
5.902778E-3,1.126654E-2
6.250000E-3,1.125861E-2
6.597222E-3,1.125069E-2
6.944444E-3,1.124277E-2
7.291667E-3,1.123484E-2
7.638889E-3,1.122692E-2
7.986111E-3,1.121899E-2
8.333333E-3,1.121107E-2
8.680556E-3,1.120315E-2
9.027778E-3,1.119522E-2
9.375000E-3,1.118730E-2
9.722222E-3,1.117937E-2
1.006944E-2,1.117145E-2
1.041667E-2,1.116353E-2
1.076389E-2,1.115560E-2
1.111111E-2,1.114768E-2
1.145833E-2,1.113975E-2
1.180556E-2,1.113183E-2
1.215278E-2,1.112391E-2
1.250000E-2,1.111598E-2
1.284722E-2,1.110806E-2
1.319444E-2,1.110013E-2
1.354167E-2,1.109221E-2
1.388889E-2,1.108428E-2
1.423611E-2,1.107636E-2
1.458333E-2,1.106844E-2
1.493056E-2,1.106051E-2
1.527778E-2,1.105259E-2
1.562500E-2,1.104466E-2
1.597222E-2,1.103674E-2
1.631944E-2,1.102882E-2
1.666667E-2,1.102089E-2
1.701389E-2,1.101297E-2
1.736111E-2,1.100504E-2
1.770833E-2,1.099712E-2
1.805556E-2,1.098920E-2
1.840278E-2,1.098127E-2
1.875000E-2,1.097335E-2
1.909722E-2,1.096542E-2
1.944444E-2,1.095750E-2
1.979167E-2,1.094958E-2
2.013889E-2,1.094165E-2
2.048611E-2,1.093373E-2
2.083333E-2,1.092580E-2
2.118056E-2,1.091788E-2
2.152778E-2,1.090996E-2
2.187500E-2,1.090203E-2
2.222222E-2,1.089411E-2
2.256944E-2,1.088618E-2
2.291667E-2,1.087826E-2
2.326389E-2,1.087034E-2
2.361111E-2,1.086241E-2
2.395833E-2,1.085449E-2
2.430556E-2,1.084656E-2
2.465278E-2,1.083864E-2
2.500000E-2,1.083072E-2
2.534722E-2,1.082279E-2
2.569444E-2,1.081487E-2
2.604167E-2,1.080694E-2
2.638889E-2,1.079902E-2
2.673611E-2,1.079110E-2
2.708333E-2,1.078317E-2
2.743056E-2,1.077525E-2
2.777778E-2,1.076732E-2
2.812500E-2,1.075940E-2
2.847222E-2,1.075148E-2
2.881944E-2,1.074355E-2
2.916667E-2,1.073563E-2
2.951389E-2,1.072770E-2
2.986111E-2,1.071978E-2
3.020833E-2,1.071186E-2
3.055556E-2,1.070393E-2
3.090278E-2,1.069601E-2
3.125000E-2,1.068808E-2
3.159722E-2,1.068016E-2
3.194444E-2,1.067223E-2
3.229167E-2,1.066431E-2
3.263889E-2,1.065639E-2
3.298611E-2,1.064846E-2
3.333333E-2,1.064054E-2
3.368056E-2,1.063261E-2
3.402778E-2,1.062469E-2
3.437500E-2,1.061677E-2
3.472222E-2,1.060884E-2
3.506944E-2,1.060092E-2
3.541667E-2,1.059299E-2
3.576389E-2,1.058507E-2
3.611111E-2,1.057715E-2
3.645833E-2,1.056922E-2
3.680556E-2,1.056130E-2
3.715278E-2,1.055337E-2
3.750000E-2,1.054545E-2
3.784722E-2,1.053753E-2
3.819444E-2,1.052960E-2
3.854167E-2,1.052168E-2
3.888889E-2,1.051375E-2
3.923611E-2,1.050583E-2
3.958333E-2,1.049791E-2
3.993056E-2,1.048998E-2
4.027778E-2,1.048206E-2
4.062500E-2,1.047413E-2
4.097222E-2,1.046621E-2
4.131944E-2,1.045829E-2
4.166667E-2,1.045036E-2
4.201389E-2,1.044244E-2
4.236111E-2,1.043451E-2
4.270833E-2,1.042659E-2
4.305556E-2,1.041867E-2
4.340278E-2,1.041074E-2
4.375000E-2,1.040282E-2
4.409722E-2,1.039489E-2
4.444444E-2,1.038697E-2
4.479167E-2,1.037905E-2
4.513889E-2,1.037112E-2
4.548611E-2,1.036320E-2
4.583333E-2,1.035527E-2
4.618056E-2,1.034735E-2
4.652778E-2,1.033943E-2
4.687500E-2,1.033150E-2
4.722222E-2,1.032358E-2
4.756944E-2,1.031565E-2
4.791667E-2,1.030773E-2
4.826389E-2,1.029981E-2
4.861111E-2,1.029188E-2
4.895833E-2,1.028396E-2
4.930556E-2,1.027603E-2
4.965278E-2,1.026811E-2
5.000000E-2,1.026018E-2
5.034722E-2,1.025226E-2
5.069444E-2,1.024434E-2
5.104167E-2,1.023641E-2
5.138889E-2,1.022849E-2
5.173611E-2,1.022056E-2
5.208333E-2,1.021264E-2
5.243056E-2,1.020472E-2
5.277778E-2,1.019679E-2
5.312500E-2,1.018887E-2
5.347222E-2,1.018094E-2
5.381944E-2,1.017302E-2
5.416667E-2,1.016510E-2
5.451389E-2,1.015717E-2
5.486111E-2,1.014925E-2
5.520833E-2,1.014132E-2
5.555556E-2,1.013340E-2
5.590278E-2,1.012548E-2
5.625000E-2,1.011755E-2
5.659722E-2,1.010963E-2
5.694444E-2,1.010170E-2
5.729167E-2,1.009378E-2
5.763889E-2,1.008586E-2
5.798611E-2,1.007793E-2
5.833333E-2,1.007001E-2
5.868056E-2,1.006208E-2
5.902778E-2,1.005416E-2
5.937500E-2,1.004624E-2
5.972222E-2,1.003831E-2
6.006944E-2,1.003039E-2
6.041667E-2,1.002246E-2
6.076389E-2,1.001454E-2
6.111111E-2,1.000662E-2
6.145833E-2,9.998692E-3
6.180556E-2,9.990768E-3
6.215278E-2,9.982844E-3
6.250000E-2,9.974920E-3
6.284722E-2,9.966996E-3
6.319444E-2,9.959072E-3
6.354167E-2,9.951147E-3
6.388889E-2,9.943223E-3
6.423611E-2,9.935299E-3
6.458333E-2,9.927375E-3
6.493056E-2,9.919451E-3
6.527778E-2,9.911527E-3
6.562500E-2,9.903603E-3
6.597222E-2,9.895679E-3
6.631944E-2,9.887755E-3
6.666667E-2,9.879831E-3
6.701389E-2,9.871907E-3
6.736111E-2,9.863983E-3
6.770833E-2,9.856059E-3
6.805556E-2,9.848135E-3
6.840278E-2,9.840211E-3
6.875000E-2,9.832287E-3
6.909722E-2,9.824363E-3
6.944444E-2,9.816439E-3
6.979167E-2,9.808515E-3
7.013889E-2,9.800591E-3
7.048611E-2,9.792667E-3
7.083333E-2,9.784743E-3
7.118056E-2,9.776819E-3
7.152778E-2,9.768895E-3
7.187500E-2,9.760971E-3
7.222222E-2,9.753047E-3
7.256944E-2,9.745122E-3
7.291667E-2,9.737198E-3
7.326389E-2,9.729274E-3
7.361111E-2,9.721350E-3
7.395833E-2,9.713426E-3
7.430556E-2,9.705502E-3
7.465278E-2,9.697578E-3
7.500000E-2,9.689654E-3
7.534722E-2,9.681730E-3
7.569444E-2,9.673806E-3
7.604167E-2,9.665882E-3
7.638889E-2,9.657958E-3
7.673611E-2,9.650034E-3
7.708333E-2,9.642110E-3
7.743056E-2,9.634186E-3
7.777778E-2,9.626262E-3
7.812500E-2,9.618338E-3
7.847222E-2,9.610414E-3
7.881944E-2,9.602490E-3
7.916667E-2,9.594566E-3
7.951389E-2,9.586642E-3
7.986111E-2,9.578718E-3
8.020833E-2,9.570794E-3
8.055556E-2,9.562870E-3
8.090278E-2,9.554946E-3
8.125000E-2,9.547022E-3
8.159722E-2,9.539098E-3
8.194444E-2,9.531173E-3
8.229167E-2,9.523249E-3
8.263889E-2,9.515325E-3
8.298611E-2,9.507401E-3
8.333333E-2,9.499477E-3
8.368056E-2,9.491553E-3
8.402778E-2,9.483629E-3
8.437500E-2,9.475705E-3
8.472222E-2,9.467781E-3
8.506944E-2,9.459857E-3
8.541667E-2,9.451933E-3
8.576389E-2,9.444009E-3
8.611111E-2,9.436085E-3
8.645833E-2,9.428161E-3
8.680556E-2,9.420237E-3
8.715278E-2,9.412313E-3
8.750000E-2,9.404389E-3
8.784722E-2,9.396465E-3
8.819444E-2,9.388541E-3
8.854167E-2,9.380617E-3
8.888889E-2,9.372693E-3
8.923611E-2,9.364769E-3
8.958333E-2,9.356845E-3
8.993056E-2,9.348921E-3
9.027778E-2,9.340997E-3
9.062500E-2,9.333073E-3
9.097222E-2,9.325148E-3
9.131944E-2,9.317224E-3
9.166667E-2,9.309300E-3
9.201389E-2,9.301376E-3
9.236111E-2,9.293452E-3
9.270833E-2,9.285528E-3
9.305556E-2,9.277604E-3
9.340278E-2,9.269680E-3
9.375000E-2,9.261756E-3
9.409722E-2,9.253832E-3
9.444444E-2,9.245908E-3
9.479167E-2,9.237984E-3
9.513889E-2,9.230060E-3
9.548611E-2,9.222136E-3
9.583333E-2,9.214212E-3
9.618056E-2,9.206288E-3
9.652778E-2,9.198364E-3
9.687500E-2,9.190440E-3
9.722222E-2,9.182516E-3
9.756944E-2,9.174592E-3
9.791667E-2,9.166668E-3
9.826389E-2,9.158744E-3
9.861111E-2,9.150820E-3
9.895833E-2,9.142896E-3
9.930556E-2,9.134972E-3
9.965278E-2,9.127048E-3
1.000000E-1,9.119123E-3
1.003472E-1,9.111200E-3
1.006944E-1,9.103276E-3
1.010417E-1,9.095351E-3
1.013889E-1,9.087427E-3
1.017361E-1,9.079503E-3
1.020833E-1,9.071579E-3
1.024306E-1,9.063655E-3
1.027778E-1,9.055731E-3
1.031250E-1,9.047807E-3
1.034722E-1,9.039883E-3
1.038194E-1,9.031959E-3
1.041667E-1,9.024035E-3
1.045139E-1,9.016111E-3
1.048611E-1,9.008187E-3
1.052083E-1,9.000263E-3
1.055556E-1,8.992339E-3
1.059028E-1,8.984415E-3
1.062500E-1,8.976491E-3
1.065972E-1,8.968567E-3
1.069444E-1,8.960643E-3
1.072917E-1,8.952719E-3
1.076389E-1,8.944795E-3
1.079861E-1,8.936871E-3
1.083333E-1,8.928947E-3
1.086806E-1,8.921022E-3
1.090278E-1,8.913098E-3
1.093750E-1,8.905174E-3
1.097222E-1,8.897250E-3
1.100694E-1,8.889326E-3
1.104167E-1,8.881402E-3
1.107639E-1,8.873478E-3
1.111111E-1,8.865554E-3
1.114583E-1,8.857630E-3
1.118056E-1,8.849706E-3
1.121528E-1,8.841782E-3
1.125000E-1,8.833858E-3
1.128472E-1,8.825934E-3
1.131944E-1,8.818010E-3
1.135417E-1,8.810086E-3
1.138889E-1,8.802162E-3
1.142361E-1,8.794238E-3
1.145833E-1,8.786314E-3
1.149306E-1,8.778390E-3
1.152778E-1,8.770466E-3
1.156250E-1,8.762542E-3
1.159722E-1,8.754618E-3
1.163194E-1,8.746694E-3
1.166667E-1,8.738770E-3
1.170139E-1,8.730846E-3
1.173611E-1,8.722922E-3
1.177083E-1,8.714998E-3
1.180556E-1,8.707073E-3
1.184028E-1,8.699149E-3
1.187500E-1,8.691225E-3
1.190972E-1,8.683301E-3
1.194444E-1,8.675377E-3
1.197917E-1,8.667453E-3
1.201389E-1,8.659529E-3
1.204861E-1,8.651605E-3
1.208333E-1,8.643681E-3
1.211806E-1,8.635757E-3
1.215278E-1,8.627833E-3
1.218750E-1,8.619909E-3
1.222222E-1,8.611985E-3
1.225694E-1,8.604061E-3
1.229167E-1,8.596137E-3
1.232639E-1,8.588213E-3
1.236111E-1,8.580289E-3
1.239583E-1,8.572365E-3
1.243056E-1,8.564441E-3
1.246528E-1,8.556517E-3
1.250000E-1,8.548593E-3
1.253472E-1,8.540669E-3
1.256944E-1,8.532745E-3
1.260417E-1,8.524821E-3
1.263889E-1,8.516897E-3
1.267361E-1,8.508973E-3
1.270833E-1,8.501049E-3
1.274306E-1,8.493124E-3
1.277778E-1,8.485200E-3
1.281250E-1,8.477276E-3
1.284722E-1,8.469352E-3
1.288194E-1,8.461428E-3
1.291667E-1,8.453504E-3
1.295139E-1,8.445580E-3
1.298611E-1,8.437656E-3
1.302083E-1,8.429732E-3
1.305556E-1,8.421808E-3
1.309028E-1,8.413884E-3
1.312500E-1,8.405960E-3
1.315972E-1,8.398036E-3
1.319444E-1,8.390112E-3
1.322917E-1,8.382188E-3
1.326389E-1,8.374264E-3
1.329861E-1,8.366340E-3
1.333333E-1,8.358416E-3
1.336806E-1,8.350492E-3
1.340278E-1,8.342568E-3
1.343750E-1,8.334644E-3
1.347222E-1,8.326720E-3
1.350694E-1,8.318796E-3
1.354167E-1,8.310872E-3
1.357639E-1,8.302948E-3
1.361111E-1,8.295024E-3
1.364583E-1,8.287100E-3
1.368056E-1,8.279175E-3
1.371528E-1,8.271251E-3
1.375000E-1,8.263327E-3
1.378472E-1,8.255403E-3
1.381944E-1,8.247479E-3
1.385417E-1,8.239555E-3
1.388889E-1,8.231631E-3
1.392361E-1,8.223707E-3
1.395833E-1,8.215783E-3
1.399306E-1,8.207859E-3
1.402778E-1,8.199935E-3
1.406250E-1,8.192011E-3
1.409722E-1,8.184087E-3
1.413194E-1,8.176163E-3
1.416667E-1,8.168239E-3
1.420139E-1,8.160315E-3
1.423611E-1,8.152391E-3
1.427083E-1,8.144467E-3
1.430556E-1,8.136543E-3
1.434028E-1,8.128619E-3
1.437500E-1,8.120695E-3
1.440972E-1,8.112771E-3
1.444444E-1,8.104847E-3
1.447917E-1,8.096923E-3
1.451389E-1,8.088999E-3
1.454861E-1,8.081075E-3
1.458333E-1,8.073151E-3
1.461806E-1,8.065226E-3
1.465278E-1,8.057302E-3
1.468750E-1,8.049378E-3
1.472222E-1,8.041454E-3
1.475694E-1,8.033530E-3
1.479167E-1,8.025606E-3
1.482639E-1,8.017682E-3
1.486111E-1,8.009758E-3
1.489583E-1,8.001834E-3
1.493056E-1,7.993910E-3
1.496528E-1,7.985986E-3
1.500000E-1,7.978062E-3
1.503472E-1,7.970138E-3
1.506944E-1,7.962214E-3
1.510417E-1,7.954290E-3
1.513889E-1,7.946366E-3
1.517361E-1,7.938442E-3
1.520833E-1,7.930518E-3
1.524306E-1,7.922594E-3
1.527778E-1,7.914670E-3
1.531250E-1,7.906746E-3
1.534722E-1,7.898822E-3
1.538194E-1,7.890898E-3
1.541667E-1,7.882974E-3
1.545139E-1,7.875050E-3
1.548611E-1,7.867126E-3
1.552083E-1,7.859202E-3
1.555556E-1,7.851277E-3
1.559028E-1,7.843353E-3
1.562500E-1,7.835429E-3
1.565972E-1,7.827505E-3
1.569444E-1,7.819581E-3
1.572917E-1,7.811657E-3
1.576389E-1,7.803733E-3
1.579861E-1,7.795809E-3
1.583333E-1,7.787885E-3
1.586806E-1,7.779961E-3
1.590278E-1,7.772037E-3
1.593750E-1,7.764113E-3
1.597222E-1,7.756189E-3
1.600694E-1,7.748265E-3
1.604167E-1,7.740341E-3
1.607639E-1,7.732417E-3
1.611111E-1,7.724493E-3
1.614583E-1,7.716569E-3
1.618056E-1,7.708645E-3
1.621528E-1,7.700721E-3
1.625000E-1,7.692797E-3
1.628472E-1,7.684873E-3
1.631944E-1,7.676949E-3
1.635417E-1,7.669024E-3
1.638889E-1,7.661100E-3
1.642361E-1,7.653177E-3
1.645833E-1,7.645253E-3
1.649306E-1,7.637328E-3
1.652778E-1,7.629404E-3
1.656250E-1,7.621480E-3
1.659722E-1,7.613556E-3
1.663194E-1,7.605632E-3
1.666667E-1,7.597708E-3
1.670139E-1,7.589784E-3
1.673611E-1,7.581860E-3
1.677083E-1,7.573936E-3
1.680556E-1,7.566012E-3
1.684028E-1,7.558088E-3
1.687500E-1,7.550164E-3
1.690972E-1,7.542240E-3
1.694444E-1,7.534316E-3
1.697917E-1,7.526392E-3
1.701389E-1,7.518468E-3
1.704861E-1,7.510544E-3
1.708333E-1,7.502620E-3
1.711806E-1,7.494696E-3
1.715278E-1,7.486772E-3
1.718750E-1,7.478848E-3
1.722222E-1,7.470924E-3
1.725694E-1,7.463000E-3
1.729167E-1,7.455075E-3
1.732639E-1,7.447151E-3
1.736111E-1,7.439227E-3
1.739583E-1,7.431304E-3
1.743056E-1,7.423379E-3
1.746528E-1,7.415455E-3
1.750000E-1,7.407531E-3
1.753472E-1,7.399607E-3
1.756944E-1,7.391683E-3
1.760417E-1,7.383759E-3
1.763889E-1,7.375835E-3
1.767361E-1,7.367911E-3
1.770833E-1,7.359987E-3
1.774306E-1,7.352063E-3
1.777778E-1,7.344139E-3
1.781250E-1,7.336215E-3
1.784722E-1,7.328291E-3
1.788194E-1,7.320367E-3
1.791667E-1,7.312443E-3
1.795139E-1,7.304519E-3
1.798611E-1,7.296595E-3
1.802083E-1,7.288671E-3
1.805556E-1,7.280747E-3
1.809028E-1,7.272823E-3
1.812500E-1,7.264899E-3
1.815972E-1,7.256975E-3
1.819444E-1,7.249051E-3
1.822917E-1,7.241126E-3
1.826389E-1,7.233202E-3
1.829861E-1,7.225278E-3
1.833333E-1,7.217354E-3
1.836806E-1,7.209430E-3
1.840278E-1,7.201506E-3
1.843750E-1,7.193582E-3
1.847222E-1,7.185658E-3
1.850694E-1,7.177734E-3
1.854167E-1,7.169810E-3
1.857639E-1,7.161886E-3
1.861111E-1,7.153962E-3
1.864583E-1,7.146038E-3
1.868056E-1,7.138114E-3
1.871528E-1,7.130190E-3
1.875000E-1,7.122266E-3
1.878472E-1,7.114342E-3
1.881944E-1,7.106418E-3
1.885417E-1,7.098494E-3
1.888889E-1,7.090570E-3
1.892361E-1,7.082646E-3
1.895833E-1,7.074722E-3
1.899306E-1,7.066798E-3
1.902778E-1,7.058874E-3
1.906250E-1,7.050950E-3
1.909722E-1,7.043026E-3
1.913194E-1,7.035102E-3
1.916667E-1,7.027177E-3
1.920139E-1,7.019253E-3
1.923611E-1,7.011329E-3
1.927083E-1,7.003405E-3
1.930556E-1,6.995481E-3
1.934028E-1,6.987557E-3
1.937500E-1,6.979633E-3
1.940972E-1,6.971709E-3
1.944444E-1,6.963785E-3
1.947917E-1,6.955861E-3
1.951389E-1,6.947937E-3
1.954861E-1,6.940013E-3
1.958333E-1,6.932089E-3
1.961806E-1,6.924165E-3
1.965278E-1,6.916241E-3
1.968750E-1,6.908317E-3
1.972222E-1,6.900393E-3
1.975694E-1,6.892469E-3
1.979167E-1,6.884545E-3
1.982639E-1,6.876621E-3
1.986111E-1,6.868697E-3
1.989583E-1,6.860773E-3
1.993056E-1,6.852849E-3
1.996528E-1,6.844925E-3
2.000000E-1,6.837001E-3
2.003472E-1,6.829077E-3
2.006944E-1,6.821153E-3
2.010417E-1,6.813228E-3
2.013889E-1,6.805304E-3
2.017361E-1,6.797380E-3
2.020833E-1,6.789456E-3
2.024306E-1,6.781532E-3
2.027778E-1,6.773608E-3
2.031250E-1,6.765684E-3
2.034722E-1,6.757760E-3
2.038194E-1,6.749836E-3
2.041667E-1,6.741912E-3
2.045139E-1,6.733988E-3
2.048611E-1,6.726064E-3
2.052083E-1,6.718140E-3
2.055556E-1,6.710216E-3
2.059028E-1,6.702292E-3
2.062500E-1,6.694368E-3
2.065972E-1,6.686444E-3
2.069444E-1,6.678520E-3
2.072917E-1,6.670596E-3
2.076389E-1,6.662672E-3
2.079861E-1,6.654748E-3
2.083333E-1,6.646824E-3
2.086806E-1,6.638900E-3
2.090278E-1,6.630976E-3
2.093750E-1,6.623052E-3
2.097222E-1,6.615128E-3
2.100694E-1,6.607204E-3
2.104167E-1,6.599279E-3
2.107639E-1,6.591355E-3
2.111111E-1,6.583431E-3
2.114583E-1,6.575507E-3
2.118056E-1,6.567583E-3
2.121528E-1,6.559659E-3
2.125000E-1,6.551735E-3
2.128472E-1,6.543811E-3
2.131944E-1,6.535887E-3
2.135417E-1,6.527963E-3
2.138889E-1,6.520039E-3
2.142361E-1,6.512115E-3
2.145833E-1,6.504191E-3
2.149306E-1,6.496267E-3
2.152778E-1,6.488343E-3
2.156250E-1,6.480419E-3
2.159722E-1,6.472495E-3
2.163194E-1,6.464571E-3
2.166667E-1,6.456647E-3
2.170139E-1,6.448723E-3
2.173611E-1,6.440799E-3
2.177083E-1,6.432875E-3
2.180556E-1,6.424951E-3
2.184028E-1,6.417027E-3
2.187500E-1,6.409103E-3
2.190972E-1,6.401179E-3
2.194444E-1,6.393255E-3
2.197917E-1,6.385330E-3
2.201389E-1,6.377406E-3
2.204861E-1,6.369482E-3
2.208333E-1,6.361558E-3
2.211806E-1,6.353634E-3
2.215278E-1,6.345710E-3
2.218750E-1,6.337786E-3
2.222222E-1,6.329862E-3
2.225694E-1,6.321938E-3
2.229167E-1,6.314014E-3
2.232639E-1,6.306090E-3
2.236111E-1,6.298166E-3
2.239583E-1,6.290242E-3
2.243056E-1,6.282318E-3
2.246528E-1,6.274394E-3
2.250000E-1,6.266470E-3
2.253472E-1,6.258546E-3
2.256944E-1,6.250622E-3
2.260417E-1,6.242698E-3
2.263889E-1,6.234774E-3
2.267361E-1,6.226850E-3
2.270833E-1,6.218926E-3
2.274306E-1,6.211001E-3
2.277778E-1,6.203078E-3
2.281250E-1,6.195154E-3
2.284722E-1,6.187230E-3
2.288194E-1,6.179306E-3
2.291667E-1,6.171381E-3
2.295139E-1,6.163457E-3
2.298611E-1,6.155533E-3
2.302083E-1,6.147609E-3
2.305556E-1,6.139685E-3
2.309028E-1,6.131761E-3
2.312500E-1,6.123837E-3
2.315972E-1,6.115913E-3
2.319444E-1,6.107989E-3
2.322917E-1,6.100065E-3
2.326389E-1,6.092141E-3
2.329861E-1,6.084217E-3
2.333333E-1,6.076293E-3
2.336806E-1,6.068369E-3
2.340278E-1,6.060445E-3
2.343750E-1,6.052521E-3
2.347222E-1,6.044597E-3
2.350694E-1,6.036673E-3
2.354167E-1,6.028749E-3
2.357639E-1,6.020825E-3
2.361111E-1,6.013838E-3
2.364583E-1,6.007478E-3
2.368056E-1,6.001118E-3
2.371528E-1,5.994758E-3
2.375000E-1,5.988398E-3
2.378472E-1,5.982038E-3
2.381944E-1,5.975678E-3
2.385417E-1,5.969317E-3
2.388889E-1,5.962957E-3
2.392361E-1,5.956597E-3
2.395833E-1,5.950237E-3
2.399306E-1,5.943877E-3
2.402778E-1,5.937517E-3
2.406250E-1,5.931157E-3
2.409722E-1,5.924797E-3
2.413194E-1,5.918437E-3
2.416667E-1,5.912077E-3
2.420139E-1,5.905717E-3
2.423611E-1,5.899357E-3
2.427083E-1,5.892997E-3
2.430556E-1,5.886636E-3
2.434028E-1,5.880276E-3
2.437500E-1,5.873916E-3
2.440972E-1,5.867556E-3
2.444444E-1,5.861196E-3
2.447917E-1,5.854836E-3
2.451389E-1,5.848476E-3
2.454861E-1,5.842116E-3
2.458333E-1,5.835756E-3
2.461806E-1,5.829396E-3
2.465278E-1,5.823035E-3
2.468750E-1,5.816675E-3
2.472222E-1,5.810315E-3
2.475694E-1,5.803955E-3
2.479167E-1,5.797595E-3
2.482639E-1,5.791235E-3
2.486111E-1,5.784875E-3
2.489583E-1,5.778515E-3
2.493056E-1,5.772155E-3
2.496528E-1,5.765795E-3
2.500000E-1,5.760767E-3
2.503472E-1,5.756013E-3
2.506944E-1,5.751259E-3
2.510417E-1,5.746505E-3
2.513889E-1,5.741751E-3
2.517361E-1,5.736997E-3
2.520833E-1,5.732243E-3
2.524306E-1,5.727489E-3
2.527778E-1,5.722735E-3
2.531250E-1,5.717981E-3
2.534722E-1,5.713227E-3
2.538194E-1,5.708473E-3
2.541667E-1,5.703719E-3
2.545139E-1,5.698965E-3
2.548611E-1,5.694211E-3
2.552083E-1,5.689457E-3
2.555556E-1,5.684703E-3
2.559028E-1,5.679949E-3
2.562500E-1,5.675195E-3
2.565972E-1,5.670441E-3
2.569444E-1,5.665687E-3
2.572917E-1,5.660933E-3
2.576389E-1,5.656179E-3
2.579861E-1,5.651425E-3
2.583333E-1,5.646671E-3
2.586806E-1,5.641917E-3
2.590278E-1,5.637163E-3
2.593750E-1,5.632409E-3
2.597222E-1,5.627655E-3
2.600694E-1,5.622901E-3
2.604167E-1,5.618147E-3
2.607639E-1,5.613393E-3
2.611111E-1,5.608639E-3
2.614583E-1,5.603885E-3
2.618056E-1,5.599131E-3
2.621528E-1,5.594377E-3
2.625000E-1,5.589623E-3
2.628472E-1,5.583363E-3
2.631944E-1,5.576485E-3
2.635417E-1,5.569606E-3
2.638889E-1,5.562728E-3
2.642361E-1,5.555850E-3
2.645833E-1,5.548972E-3
2.649306E-1,5.542094E-3
2.652778E-1,5.535216E-3
2.656250E-1,5.528338E-3
2.659722E-1,5.521460E-3
2.663194E-1,5.514582E-3
2.666667E-1,5.507704E-3
2.670139E-1,5.500826E-3
2.673611E-1,5.493948E-3
2.677083E-1,5.487070E-3
2.680556E-1,5.480192E-3
2.684028E-1,5.473314E-3
2.687500E-1,5.466436E-3
2.690972E-1,5.459558E-3
2.694444E-1,5.452680E-3
2.697917E-1,5.445801E-3
2.701389E-1,5.438923E-3
2.704861E-1,5.432045E-3
2.708333E-1,5.425167E-3
2.711806E-1,5.418289E-3
2.715278E-1,5.411411E-3
2.718750E-1,5.404949E-3
2.722222E-1,5.400195E-3
2.725694E-1,5.395440E-3
2.729167E-1,5.390686E-3
2.732639E-1,5.385931E-3
2.736111E-1,5.381177E-3
2.739583E-1,5.376423E-3
2.743056E-1,5.371668E-3
2.746528E-1,5.366914E-3
2.750000E-1,5.362160E-3
2.753472E-1,5.357405E-3
2.756944E-1,5.352651E-3
2.760417E-1,5.347896E-3
2.763889E-1,5.343142E-3
2.767361E-1,5.338388E-3
2.770833E-1,5.333633E-3
2.774306E-1,5.328879E-3
2.777778E-1,5.324125E-3
2.781250E-1,5.319370E-3
2.784722E-1,5.314616E-3
2.788194E-1,5.309862E-3
2.791667E-1,5.305107E-3
2.795139E-1,5.300353E-3
2.798611E-1,5.295598E-3
2.802083E-1,5.290844E-3
2.805556E-1,5.286090E-3
2.809028E-1,5.281335E-3
2.812500E-1,5.276581E-3
2.815972E-1,5.271827E-3
2.819444E-1,5.267072E-3
2.822917E-1,5.262318E-3
2.826389E-1,5.257563E-3
2.829861E-1,5.252809E-3
2.833333E-1,5.248055E-3
2.836806E-1,5.243300E-3
2.840278E-1,5.238546E-3
2.843750E-1,5.233792E-3
2.847222E-1,5.229081E-3
2.850694E-1,5.224891E-3
2.854167E-1,5.220700E-3
2.857639E-1,5.216509E-3
2.861111E-1,5.212319E-3
2.864583E-1,5.208128E-3
2.868056E-1,5.203937E-3
2.871528E-1,5.199746E-3
2.875000E-1,5.195556E-3
2.878472E-1,5.191365E-3
2.881944E-1,5.187174E-3
2.885417E-1,5.182983E-3
2.888889E-1,5.178793E-3
2.892361E-1,5.174602E-3
2.895833E-1,5.170411E-3
2.899306E-1,5.166221E-3
2.902778E-1,5.162030E-3
2.906250E-1,5.157839E-3
2.909722E-1,5.153648E-3
2.913194E-1,5.149458E-3
2.916667E-1,5.145267E-3
2.920139E-1,5.141076E-3
2.923611E-1,5.136886E-3
2.927083E-1,5.132695E-3
2.930556E-1,5.128504E-3
2.934028E-1,5.124313E-3
2.937500E-1,5.120123E-3
2.940972E-1,5.115932E-3
2.944444E-1,5.111741E-3
2.947917E-1,5.107550E-3
2.951389E-1,5.103360E-3
2.954861E-1,5.099169E-3
2.958333E-1,5.094978E-3
2.961806E-1,5.090788E-3
2.965278E-1,5.086597E-3
2.968750E-1,5.082406E-3
2.972222E-1,5.078216E-3
2.975694E-1,5.074025E-3
2.979167E-1,5.069834E-3
2.982639E-1,5.065643E-3
2.986111E-1,5.061453E-3
2.989583E-1,5.057262E-3
2.993056E-1,5.053071E-3
2.996528E-1,5.048880E-3
3.000000E-1,5.044690E-3
3.003472E-1,5.040499E-3
3.006944E-1,5.036308E-3
3.010417E-1,5.032118E-3
3.013889E-1,5.028276E-3
3.017361E-1,5.025071E-3
3.020833E-1,5.021866E-3
3.024306E-1,5.018661E-3
3.027778E-1,5.015456E-3
3.031250E-1,5.012252E-3
3.034722E-1,5.009047E-3
3.038194E-1,5.005842E-3
3.041667E-1,5.002637E-3
3.045139E-1,4.999432E-3
3.048611E-1,4.996227E-3
3.052083E-1,4.993023E-3
3.055556E-1,4.989818E-3
3.059028E-1,4.986613E-3
3.062500E-1,4.983408E-3
3.065972E-1,4.980203E-3
3.069444E-1,4.976998E-3
3.072917E-1,4.973793E-3
3.076389E-1,4.970589E-3
3.079861E-1,4.967384E-3
3.083333E-1,4.964179E-3
3.086806E-1,4.960974E-3
3.090278E-1,4.957769E-3
3.093750E-1,4.954564E-3
3.097222E-1,4.951299E-3
3.100694E-1,4.947971E-3
3.104167E-1,4.944643E-3
3.107639E-1,4.941315E-3
3.111111E-1,4.937987E-3
3.114583E-1,4.934659E-3
3.118056E-1,4.931331E-3
3.121528E-1,4.928003E-3
3.125000E-1,4.924675E-3
3.128472E-1,4.921347E-3
3.131944E-1,4.918019E-3
3.135417E-1,4.914691E-3
3.138889E-1,4.911363E-3
3.142361E-1,4.908035E-3
3.145833E-1,4.904708E-3
3.149306E-1,4.901379E-3
3.152778E-1,4.898052E-3
3.156250E-1,4.894724E-3
3.159722E-1,4.891396E-3
3.163194E-1,4.888068E-3
3.166667E-1,4.884740E-3
3.170139E-1,4.881412E-3
3.173611E-1,4.878084E-3
3.177083E-1,4.874756E-3
3.180556E-1,4.871428E-3
3.184028E-1,4.868100E-3
3.187500E-1,4.864772E-3
3.190972E-1,4.861444E-3
3.194444E-1,4.858116E-3
3.197917E-1,4.854788E-3
3.201389E-1,4.851460E-3
3.204861E-1,4.848132E-3
3.208333E-1,4.844804E-3
3.211806E-1,4.841476E-3
3.215278E-1,4.838148E-3
3.218750E-1,4.834820E-3
3.222222E-1,4.831492E-3
3.225694E-1,4.828164E-3
3.229167E-1,4.824836E-3
3.232639E-1,4.821509E-3
3.236111E-1,4.818181E-3
3.239583E-1,4.814853E-3
3.243056E-1,4.811543E-3
3.246528E-1,4.808471E-3
3.250000E-1,4.805399E-3
3.253472E-1,4.802327E-3
3.256944E-1,4.799255E-3
3.260417E-1,4.796183E-3
3.263889E-1,4.793112E-3
3.267361E-1,4.790040E-3
3.270833E-1,4.786968E-3
3.274306E-1,4.783896E-3
3.277778E-1,4.780824E-3
3.281250E-1,4.777752E-3
3.284722E-1,4.774681E-3
3.288194E-1,4.771609E-3
3.291667E-1,4.768537E-3
3.295139E-1,4.765465E-3
3.298611E-1,4.762393E-3
3.302083E-1,4.759321E-3
3.305556E-1,4.756249E-3
3.309028E-1,4.753178E-3
3.312500E-1,4.750106E-3
3.315972E-1,4.747034E-3
3.319444E-1,4.743962E-3
3.322917E-1,4.740890E-3
3.326389E-1,4.737818E-3
3.329861E-1,4.734747E-3
3.333333E-1,4.731675E-3
3.336806E-1,4.728603E-3
3.340278E-1,4.725531E-3
3.343750E-1,4.722459E-3
3.347222E-1,4.719387E-3
3.350694E-1,4.716315E-3
3.354167E-1,4.713244E-3
3.357639E-1,4.710172E-3
3.361111E-1,4.707100E-3
3.364583E-1,4.704810E-3
3.368056E-1,4.703035E-3
3.371528E-1,4.701260E-3
3.375000E-1,4.699485E-3
3.378472E-1,4.697710E-3
3.381944E-1,4.695935E-3
3.385417E-1,4.694160E-3
3.388889E-1,4.692385E-3
3.392361E-1,4.690610E-3
3.395833E-1,4.688835E-3
3.399306E-1,4.687060E-3
3.402778E-1,4.685285E-3
3.406250E-1,4.683510E-3
3.409722E-1,4.681735E-3
3.413194E-1,4.679961E-3
3.416667E-1,4.678186E-3
3.420139E-1,4.676411E-3
3.423611E-1,4.674636E-3
3.427083E-1,4.672861E-3
3.430556E-1,4.671086E-3
3.434028E-1,4.669311E-3
3.437500E-1,4.667536E-3
3.440972E-1,4.665761E-3
3.444444E-1,4.663986E-3
3.447917E-1,4.662211E-3
3.451389E-1,4.660436E-3
3.454861E-1,4.658661E-3
3.458333E-1,4.656886E-3
3.461806E-1,4.655111E-3
3.465278E-1,4.653336E-3
3.468750E-1,4.651561E-3
3.472222E-1,4.649786E-3
3.475694E-1,4.648011E-3
3.479167E-1,4.646236E-3
3.482639E-1,4.644461E-3
3.486111E-1,4.642686E-3
3.489583E-1,4.640911E-3
3.493056E-1,4.639136E-3
3.496528E-1,4.637361E-3
3.500000E-1,4.635586E-3
3.503472E-1,4.633116E-3
3.506944E-1,4.630506E-3
3.510417E-1,4.627896E-3
3.513889E-1,4.625286E-3
3.517361E-1,4.622676E-3
3.520833E-1,4.620066E-3
3.524306E-1,4.617456E-3
3.527778E-1,4.614846E-3
3.531250E-1,4.612236E-3
3.534722E-1,4.609626E-3
3.538194E-1,4.607016E-3
3.541667E-1,4.604405E-3
3.545139E-1,4.601795E-3
3.548611E-1,4.599185E-3
3.552083E-1,4.596575E-3
3.555556E-1,4.593965E-3
3.559028E-1,4.591355E-3
3.562500E-1,4.588745E-3
3.565972E-1,4.586135E-3
3.569444E-1,4.583525E-3
3.572917E-1,4.580915E-3
3.576389E-1,4.578305E-3
3.579861E-1,4.575695E-3
3.583333E-1,4.573085E-3
3.586806E-1,4.570475E-3
3.590278E-1,4.567865E-3
3.593750E-1,4.565255E-3
3.597222E-1,4.562645E-3
3.600694E-1,4.560035E-3
3.604167E-1,4.557425E-3
3.607639E-1,4.554815E-3
3.611111E-1,4.552205E-3
3.614583E-1,4.549594E-3
3.618056E-1,4.546984E-3
3.621528E-1,4.544374E-3
3.625000E-1,4.541764E-3
3.628472E-1,4.539154E-3
3.631944E-1,4.536544E-3
3.635417E-1,4.533934E-3
3.638889E-1,4.531324E-3
3.642361E-1,4.528714E-3
3.645833E-1,4.526104E-3
3.649306E-1,4.523494E-3
3.652778E-1,4.520884E-3
3.656250E-1,4.518274E-3
3.659722E-1,4.516475E-3
3.663194E-1,4.514932E-3
3.666667E-1,4.513388E-3
3.670139E-1,4.511845E-3
3.673611E-1,4.510301E-3
3.677083E-1,4.508758E-3
3.680556E-1,4.507214E-3
3.684028E-1,4.505671E-3
3.687500E-1,4.504127E-3
3.690972E-1,4.502584E-3
3.694444E-1,4.501040E-3
3.697917E-1,4.499497E-3
3.701389E-1,4.497953E-3
3.704861E-1,4.496410E-3
3.708333E-1,4.494866E-3
3.711806E-1,4.493323E-3
3.715278E-1,4.491779E-3
3.718750E-1,4.490236E-3
3.722222E-1,4.488692E-3
3.725694E-1,4.487149E-3
3.729167E-1,4.485605E-3
3.732639E-1,4.484062E-3
3.736111E-1,4.482518E-3
3.739583E-1,4.480975E-3
3.743056E-1,4.479431E-3
3.746528E-1,4.477888E-3
3.750000E-1,4.476344E-3
3.753472E-1,4.474801E-3
3.756944E-1,4.473257E-3
3.760417E-1,4.471714E-3
3.763889E-1,4.470170E-3
3.767361E-1,4.468627E-3
3.770833E-1,4.467083E-3
3.774306E-1,4.465540E-3
3.777778E-1,4.463996E-3
3.781250E-1,4.462453E-3
3.784722E-1,4.460909E-3
3.788194E-1,4.459366E-3
3.791667E-1,4.457822E-3
3.795139E-1,4.456279E-3
3.798611E-1,4.454735E-3
3.802083E-1,4.453192E-3
3.805556E-1,4.451648E-3
3.809028E-1,4.450105E-3
3.812500E-1,4.448561E-3
3.815972E-1,4.447018E-3
3.819444E-1,4.445474E-3
3.822917E-1,4.443931E-3
3.826389E-1,4.442387E-3
3.829861E-1,4.440844E-3
3.833333E-1,4.439300E-3
3.836806E-1,4.437757E-3
3.840278E-1,4.436213E-3
3.843750E-1,4.434670E-3
3.847222E-1,4.433126E-3
3.850694E-1,4.431583E-3
3.854167E-1,4.430039E-3
3.857639E-1,4.428496E-3
3.861111E-1,4.426952E-3
3.864583E-1,4.425409E-3
3.868056E-1,4.423865E-3
3.871528E-1,4.422558E-3
3.875000E-1,4.421315E-3
3.878472E-1,4.420073E-3
3.881944E-1,4.418830E-3
3.885417E-1,4.417588E-3
3.888889E-1,4.416346E-3
3.892361E-1,4.415103E-3
3.895833E-1,4.413861E-3
3.899306E-1,4.412618E-3
3.902778E-1,4.411376E-3
3.906250E-1,4.410134E-3
3.909722E-1,4.408891E-3
3.913194E-1,4.407649E-3
3.916667E-1,4.406406E-3
3.920139E-1,4.405164E-3
3.923611E-1,4.403922E-3
3.927083E-1,4.402679E-3
3.930556E-1,4.401437E-3
3.934028E-1,4.400194E-3
3.937500E-1,4.398952E-3
3.940972E-1,4.397710E-3
3.944444E-1,4.396467E-3
3.947917E-1,4.395225E-3
3.951389E-1,4.393982E-3
3.954861E-1,4.392740E-3
3.958333E-1,4.391498E-3
3.961806E-1,4.390255E-3
3.965278E-1,4.389013E-3
3.968750E-1,4.387770E-3
3.972222E-1,4.386528E-3
3.975694E-1,4.385286E-3
3.979167E-1,4.384043E-3
3.982639E-1,4.382801E-3
3.986111E-1,4.381558E-3
3.989583E-1,4.380316E-3
3.993056E-1,4.379074E-3
3.996528E-1,4.377831E-3
4.000000E-1,4.376589E-3
4.003472E-1,4.375347E-3
4.006944E-1,4.374104E-3
4.010417E-1,4.372862E-3
4.013889E-1,4.371619E-3
4.017361E-1,4.370377E-3
4.020833E-1,4.369135E-3
4.024306E-1,4.367892E-3
4.027778E-1,4.366650E-3
4.031250E-1,4.365407E-3
4.034722E-1,4.364165E-3
4.038194E-1,4.362923E-3
4.041667E-1,4.361680E-3
4.045139E-1,4.360438E-3
4.048611E-1,4.359195E-3
4.052083E-1,4.357953E-3
4.055556E-1,4.356711E-3
4.059028E-1,4.355468E-3
4.062500E-1,4.354226E-3
4.065972E-1,4.352983E-3
4.069444E-1,4.351741E-3
4.072917E-1,4.350499E-3
4.076389E-1,4.349256E-3
4.079861E-1,4.348014E-3
4.083333E-1,4.346771E-3
4.086806E-1,4.345529E-3
4.090278E-1,4.344287E-3
4.093750E-1,4.343044E-3
4.097222E-1,4.341802E-3
4.100694E-1,4.340626E-3
4.104167E-1,4.339517E-3
4.107639E-1,4.338407E-3
4.111111E-1,4.337298E-3
4.114583E-1,4.336189E-3
4.118056E-1,4.335079E-3
4.121528E-1,4.333970E-3
4.125000E-1,4.332861E-3
4.128472E-1,4.331752E-3
4.131944E-1,4.330642E-3
4.135417E-1,4.329533E-3
4.138889E-1,4.328424E-3
4.142361E-1,4.327314E-3
4.145833E-1,4.326205E-3
4.149306E-1,4.325096E-3
4.152778E-1,4.323986E-3
4.156250E-1,4.322877E-3
4.159722E-1,4.321768E-3
4.163194E-1,4.320659E-3
4.166667E-1,4.319549E-3
4.170139E-1,4.318440E-3
4.173611E-1,4.317331E-3
4.177083E-1,4.316221E-3
4.180556E-1,4.315112E-3
4.184028E-1,4.314003E-3
4.187500E-1,4.312894E-3
4.190972E-1,4.311784E-3
4.194444E-1,4.310675E-3
4.197917E-1,4.309566E-3
4.201389E-1,4.308456E-3
4.204861E-1,4.307347E-3
4.208333E-1,4.306238E-3
4.211806E-1,4.305128E-3
4.215278E-1,4.304019E-3
4.218750E-1,4.302910E-3
4.222222E-1,4.301801E-3
4.225694E-1,4.300691E-3
4.229167E-1,4.299582E-3
4.232639E-1,4.298473E-3
4.236111E-1,4.297363E-3
4.239583E-1,4.296254E-3
4.243056E-1,4.295145E-3
4.246528E-1,4.294035E-3
4.250000E-1,4.292926E-3
4.253472E-1,4.291817E-3
4.256944E-1,4.290708E-3
4.260417E-1,4.289598E-3
4.263889E-1,4.288489E-3
4.267361E-1,4.287380E-3
4.270833E-1,4.286270E-3
4.274306E-1,4.285161E-3
4.277778E-1,4.284052E-3
4.281250E-1,4.282943E-3
4.284722E-1,4.281833E-3
4.288194E-1,4.280724E-3
4.291667E-1,4.279615E-3
4.295139E-1,4.278505E-3
4.298611E-1,4.277396E-3
4.302083E-1,4.276287E-3
4.305556E-1,4.275177E-3
4.309028E-1,4.274068E-3
4.312500E-1,4.272959E-3
4.315972E-1,4.271850E-3
4.319444E-1,4.270740E-3
4.322917E-1,4.269631E-3
4.326389E-1,4.268522E-3
4.329861E-1,4.267412E-3
4.333333E-1,4.266303E-3
4.336806E-1,4.265194E-3
4.340278E-1,4.264085E-3
4.343750E-1,4.262975E-3
4.347222E-1,4.261866E-3
4.350694E-1,4.260757E-3
4.354167E-1,4.259647E-3
4.357639E-1,4.258538E-3
4.361111E-1,4.257429E-3
4.364583E-1,4.256319E-3
4.368056E-1,4.255210E-3
4.371528E-1,4.254101E-3
4.375000E-1,4.252992E-3
4.378472E-1,4.251882E-3
4.381944E-1,4.250773E-3
4.385417E-1,4.249664E-3
4.388889E-1,4.248554E-3
4.392361E-1,4.247445E-3
4.395833E-1,4.246336E-3
4.399306E-1,4.245227E-3
4.402778E-1,4.244117E-3
4.406250E-1,4.243008E-3
4.409722E-1,4.241899E-3
4.413194E-1,4.240789E-3
4.416667E-1,4.239680E-3
4.420139E-1,4.238571E-3
4.423611E-1,4.237461E-3
4.427083E-1,4.236352E-3
4.430556E-1,4.235243E-3
4.434028E-1,4.234134E-3
4.437500E-1,4.233024E-3
4.440972E-1,4.231915E-3
4.444444E-1,4.230806E-3
4.447917E-1,4.229696E-3
4.451389E-1,4.228587E-3
4.454861E-1,4.227478E-3
4.458333E-1,4.226369E-3
4.461806E-1,4.225259E-3
4.465278E-1,4.224150E-3
4.468750E-1,4.223041E-3
4.472222E-1,4.221931E-3
4.475694E-1,4.220822E-3
4.479167E-1,4.219713E-3
4.482639E-1,4.218603E-3
4.486111E-1,4.217494E-3
4.489583E-1,4.216385E-3
4.493056E-1,4.215276E-3
4.496528E-1,4.214166E-3
4.500000E-1,4.213057E-3
4.503472E-1,4.211948E-3
4.506944E-1,4.210838E-3
4.510417E-1,4.209729E-3
4.513889E-1,4.208620E-3
4.517361E-1,4.207510E-3
4.520833E-1,4.206401E-3
4.524306E-1,4.205292E-3
4.527778E-1,4.204183E-3
4.531250E-1,4.203073E-3
4.534722E-1,4.201964E-3
4.538194E-1,4.200855E-3
4.541667E-1,4.199745E-3
4.545139E-1,4.198636E-3
4.548611E-1,4.197527E-3
4.552083E-1,4.196418E-3
4.555556E-1,4.195308E-3
4.559028E-1,4.194199E-3
4.562500E-1,4.193090E-3
4.565972E-1,4.191980E-3
4.569444E-1,4.190871E-3
4.572917E-1,4.189762E-3
4.576389E-1,4.188652E-3
4.579861E-1,4.187748E-3
4.583333E-1,4.186965E-3
4.586806E-1,4.186182E-3
4.590278E-1,4.185399E-3
4.593750E-1,4.184616E-3
4.597222E-1,4.183833E-3
4.600694E-1,4.183050E-3
4.604167E-1,4.182267E-3
4.607639E-1,4.181483E-3
4.611111E-1,4.180700E-3
4.614583E-1,4.179917E-3
4.618056E-1,4.179134E-3
4.621528E-1,4.178351E-3
4.625000E-1,4.177568E-3
4.628472E-1,4.176785E-3
4.631944E-1,4.176002E-3
4.635417E-1,4.175219E-3
4.638889E-1,4.174436E-3
4.642361E-1,4.173653E-3
4.645833E-1,4.172870E-3
4.649306E-1,4.172086E-3
4.652778E-1,4.171303E-3
4.656250E-1,4.170520E-3
4.659722E-1,4.169737E-3
4.663194E-1,4.168954E-3
4.666667E-1,4.168171E-3
4.670139E-1,4.167388E-3
4.673611E-1,4.166605E-3
4.677083E-1,4.165822E-3
4.680556E-1,4.165039E-3
4.684028E-1,4.164256E-3
4.687500E-1,4.163473E-3
4.690972E-1,4.162690E-3
4.694444E-1,4.161906E-3
4.697917E-1,4.161123E-3
4.701389E-1,4.160340E-3
4.704861E-1,4.159557E-3
4.708333E-1,4.158774E-3
4.711806E-1,4.157991E-3
4.715278E-1,4.157208E-3
4.718750E-1,4.156425E-3
4.722222E-1,4.155642E-3
4.725694E-1,4.154859E-3
4.729167E-1,4.154076E-3
4.732639E-1,4.153293E-3
4.736111E-1,4.152509E-3
4.739583E-1,4.151726E-3
4.743056E-1,4.150943E-3
4.746528E-1,4.150160E-3
4.750000E-1,4.149377E-3
4.753472E-1,4.148594E-3
4.756944E-1,4.147811E-3
4.760417E-1,4.147028E-3
4.763889E-1,4.146245E-3
4.767361E-1,4.145462E-3
4.770833E-1,4.144679E-3
4.774306E-1,4.143896E-3
4.777778E-1,4.143113E-3
4.781250E-1,4.142329E-3
4.784722E-1,4.141546E-3
4.788194E-1,4.140763E-3
4.791667E-1,4.139980E-3
4.795139E-1,4.139197E-3
4.798611E-1,4.138414E-3
4.802083E-1,4.137631E-3
4.805556E-1,4.136848E-3
4.809028E-1,4.136065E-3
4.812500E-1,4.135282E-3
4.815972E-1,4.134499E-3
4.819444E-1,4.133716E-3
4.822917E-1,4.132932E-3
4.826389E-1,4.132149E-3
4.829861E-1,4.131366E-3
4.833333E-1,4.130583E-3
4.836806E-1,4.129800E-3
4.840278E-1,4.129017E-3
4.843750E-1,4.128234E-3
4.847222E-1,4.127451E-3
4.850694E-1,4.126668E-3
4.854167E-1,4.125885E-3
4.857639E-1,4.125102E-3
4.861111E-1,4.124319E-3
4.864583E-1,4.123536E-3
4.868056E-1,4.122752E-3
4.871528E-1,4.121969E-3
4.875000E-1,4.121186E-3
4.878472E-1,4.120403E-3
4.881944E-1,4.119620E-3
4.885417E-1,4.118837E-3
4.888889E-1,4.118054E-3
4.892361E-1,4.117319E-3
4.895833E-1,4.116637E-3
4.899306E-1,4.115954E-3
4.902778E-1,4.115271E-3
4.906250E-1,4.114589E-3
4.909722E-1,4.113906E-3
4.913194E-1,4.113223E-3
4.916667E-1,4.112541E-3
4.920139E-1,4.111858E-3
4.923611E-1,4.111175E-3
4.927083E-1,4.110493E-3
4.930556E-1,4.109810E-3
4.934028E-1,4.109127E-3
4.937500E-1,4.108444E-3
4.940972E-1,4.107762E-3
4.944444E-1,4.107079E-3
4.947917E-1,4.106396E-3
4.951389E-1,4.105714E-3
4.954861E-1,4.105031E-3
4.958333E-1,4.104348E-3
4.961806E-1,4.103666E-3
4.965278E-1,4.102983E-3
4.968750E-1,4.102300E-3
4.972222E-1,4.101618E-3
4.975694E-1,4.100935E-3
4.979167E-1,4.100252E-3
4.982639E-1,4.099569E-3
4.986111E-1,4.098887E-3
4.989583E-1,4.098204E-3
4.993056E-1,4.097521E-3
4.996528E-1,4.096839E-3
5.000000E-1,4.096156E-3
5.003472E-1,4.095473E-3
5.006944E-1,4.094791E-3
5.010417E-1,4.094108E-3
5.013889E-1,4.093425E-3
5.017361E-1,4.092742E-3
5.020833E-1,4.092060E-3
5.024306E-1,4.091377E-3
5.027778E-1,4.090694E-3
5.031250E-1,4.090012E-3
5.034722E-1,4.089329E-3
5.038194E-1,4.088646E-3
5.041667E-1,4.087964E-3
5.045139E-1,4.087281E-3
5.048611E-1,4.086598E-3
5.052083E-1,4.085916E-3
5.055556E-1,4.085233E-3
5.059028E-1,4.084550E-3
5.062500E-1,4.083867E-3
5.065972E-1,4.083185E-3
5.069444E-1,4.082502E-3
5.072917E-1,4.081819E-3
5.076389E-1,4.081137E-3
5.079861E-1,4.080454E-3
5.083333E-1,4.079771E-3
5.086806E-1,4.079089E-3
5.090278E-1,4.078406E-3
5.093750E-1,4.077723E-3
5.097222E-1,4.077041E-3
5.100694E-1,4.076358E-3
5.104167E-1,4.075675E-3
5.107639E-1,4.074992E-3
5.111111E-1,4.074310E-3
5.114583E-1,4.073627E-3
5.118056E-1,4.072944E-3
5.121528E-1,4.072262E-3
5.125000E-1,4.071579E-3
5.128472E-1,4.070896E-3
5.131944E-1,4.070275E-3
5.135417E-1,4.069705E-3
5.138889E-1,4.069134E-3
5.142361E-1,4.068564E-3
5.145833E-1,4.067993E-3
5.149306E-1,4.067423E-3
5.152778E-1,4.066852E-3
5.156250E-1,4.066282E-3
5.159722E-1,4.065711E-3
5.163194E-1,4.065141E-3
5.166667E-1,4.064570E-3
5.170139E-1,4.064000E-3
5.173611E-1,4.063430E-3
5.177083E-1,4.062859E-3
5.180556E-1,4.062289E-3
5.184028E-1,4.061718E-3
5.187500E-1,4.061148E-3
5.190972E-1,4.060577E-3
5.194444E-1,4.060007E-3
5.197917E-1,4.059436E-3
5.201389E-1,4.058866E-3
5.204861E-1,4.058295E-3
5.208333E-1,4.057725E-3
5.211806E-1,4.057154E-3
5.215278E-1,4.056584E-3
5.218750E-1,4.056013E-3
5.222222E-1,4.055443E-3
5.225694E-1,4.054872E-3
5.229167E-1,4.054302E-3
5.232639E-1,4.053731E-3
5.236111E-1,4.053161E-3
5.239583E-1,4.052590E-3
5.243056E-1,4.052020E-3
5.246528E-1,4.051449E-3
5.250000E-1,4.050879E-3
5.253472E-1,4.050308E-3
5.256944E-1,4.049738E-3
5.260417E-1,4.049167E-3
5.263889E-1,4.048597E-3
5.267361E-1,4.048026E-3
5.270833E-1,4.047456E-3
5.274306E-1,4.046885E-3
5.277778E-1,4.046315E-3
5.281250E-1,4.045744E-3
5.284722E-1,4.045174E-3
5.288194E-1,4.044603E-3
5.291667E-1,4.044033E-3
5.295139E-1,4.043462E-3
5.298611E-1,4.042892E-3
5.302083E-1,4.042321E-3
5.305556E-1,4.041751E-3
5.309028E-1,4.041180E-3
5.312500E-1,4.040610E-3
5.315972E-1,4.040039E-3
5.319444E-1,4.039469E-3
5.322917E-1,4.038898E-3
5.326389E-1,4.038328E-3
5.329861E-1,4.037757E-3
5.333333E-1,4.037187E-3
5.336806E-1,4.036616E-3
5.340278E-1,4.036046E-3
5.343750E-1,4.035475E-3
5.347222E-1,4.034905E-3
5.350694E-1,4.034334E-3
5.354167E-1,4.033764E-3
5.357639E-1,4.033193E-3
5.361111E-1,4.032623E-3
5.364583E-1,4.032052E-3
5.368056E-1,4.031482E-3
5.371528E-1,4.030911E-3
5.375000E-1,4.030341E-3
5.378472E-1,4.029770E-3
5.381944E-1,4.029200E-3
5.385417E-1,4.028629E-3
5.388889E-1,4.028059E-3
5.392361E-1,4.027488E-3
5.395833E-1,4.026918E-3
5.399306E-1,4.026347E-3
5.402778E-1,4.025777E-3
5.406250E-1,4.025206E-3
5.409722E-1,4.024636E-3
5.413194E-1,4.024065E-3
5.416667E-1,4.023495E-3
5.420139E-1,4.022924E-3
5.423611E-1,4.022354E-3
5.427083E-1,4.021783E-3
5.430556E-1,4.021213E-3
5.434028E-1,4.020642E-3
5.437500E-1,4.020072E-3
5.440972E-1,4.019501E-3
5.444444E-1,4.018931E-3
5.447917E-1,4.018360E-3
5.451389E-1,4.017790E-3
5.454861E-1,4.017114E-3
5.458333E-1,4.016404E-3
5.461806E-1,4.015694E-3
5.465278E-1,4.014984E-3
5.468750E-1,4.014274E-3
5.472222E-1,4.013564E-3
5.475694E-1,4.012854E-3
5.479167E-1,4.012144E-3
5.482639E-1,4.011434E-3
5.486111E-1,4.010724E-3
5.489583E-1,4.010014E-3
5.493056E-1,4.009304E-3
5.496528E-1,4.008594E-3
5.500000E-1,4.007884E-3
5.503472E-1,4.007174E-3
5.506944E-1,4.006464E-3
5.510417E-1,4.005754E-3
5.513889E-1,4.005044E-3
5.517361E-1,4.004334E-3
5.520833E-1,4.003624E-3
5.524306E-1,4.002914E-3
5.527778E-1,4.002204E-3
5.531250E-1,4.001494E-3
5.534722E-1,4.000784E-3
5.538194E-1,4.000074E-3
5.541667E-1,3.999364E-3
5.545139E-1,3.998654E-3
5.548611E-1,3.997944E-3
5.552083E-1,3.997235E-3
5.555556E-1,3.996525E-3
5.559028E-1,3.995815E-3
5.562500E-1,3.995105E-3
5.565972E-1,3.994395E-3
5.569444E-1,3.993685E-3
5.572917E-1,3.992975E-3
5.576389E-1,3.992265E-3
5.579861E-1,3.991555E-3
5.583333E-1,3.990845E-3
5.586806E-1,3.990135E-3
5.590278E-1,3.989425E-3
5.593750E-1,3.988715E-3
5.597222E-1,3.988005E-3
5.600694E-1,3.987295E-3
5.604167E-1,3.986585E-3
5.607639E-1,3.985875E-3
5.611111E-1,3.985165E-3
5.614583E-1,3.984455E-3
5.618056E-1,3.983745E-3
5.621528E-1,3.983035E-3
5.625000E-1,3.982325E-3
5.628472E-1,3.981615E-3
5.631944E-1,3.980905E-3
5.635417E-1,3.980195E-3
5.638889E-1,3.979485E-3
5.642361E-1,3.978775E-3
5.645833E-1,3.978065E-3
5.649306E-1,3.977355E-3
5.652778E-1,3.976645E-3
5.656250E-1,3.975935E-3
5.659722E-1,3.975225E-3
5.663194E-1,3.974515E-3
5.666667E-1,3.973805E-3
5.670139E-1,3.973095E-3
5.673611E-1,3.972385E-3
5.677083E-1,3.971675E-3
5.680556E-1,3.970965E-3
5.684028E-1,3.970381E-3
5.687500E-1,3.969937E-3
5.690972E-1,3.969493E-3
5.694444E-1,3.969050E-3
5.697917E-1,3.968606E-3
5.701389E-1,3.968162E-3
5.704861E-1,3.967719E-3
5.708333E-1,3.967275E-3
5.711806E-1,3.966831E-3
5.715278E-1,3.966387E-3
5.718750E-1,3.965944E-3
5.722222E-1,3.965500E-3
5.725694E-1,3.965056E-3
5.729167E-1,3.964613E-3
5.732639E-1,3.964169E-3
5.736111E-1,3.963725E-3
5.739583E-1,3.963281E-3
5.743056E-1,3.962838E-3
5.746528E-1,3.962394E-3
5.750000E-1,3.961950E-3
5.753472E-1,3.961507E-3
5.756944E-1,3.961063E-3
5.760417E-1,3.960619E-3
5.763889E-1,3.960176E-3
5.767361E-1,3.959732E-3
5.770833E-1,3.959288E-3
5.774306E-1,3.958844E-3
5.777778E-1,3.958401E-3
5.781250E-1,3.957957E-3
5.784722E-1,3.957513E-3
5.788194E-1,3.957070E-3
5.791667E-1,3.956626E-3
5.795139E-1,3.956182E-3
5.798611E-1,3.955739E-3
5.802083E-1,3.955295E-3
5.805556E-1,3.954851E-3
5.809028E-1,3.954407E-3
5.812500E-1,3.953964E-3
5.815972E-1,3.953520E-3
5.819444E-1,3.953076E-3
5.822917E-1,3.952633E-3
5.826389E-1,3.952189E-3
5.829861E-1,3.951745E-3
5.833333E-1,3.951302E-3
5.836806E-1,3.950858E-3
5.840278E-1,3.950414E-3
5.843750E-1,3.949970E-3
5.847222E-1,3.949527E-3
5.850694E-1,3.949083E-3
5.854167E-1,3.948639E-3
5.857639E-1,3.948196E-3
5.861111E-1,3.947752E-3
5.864583E-1,3.947308E-3
5.868056E-1,3.946864E-3
5.871528E-1,3.946421E-3
5.875000E-1,3.945977E-3
5.878472E-1,3.945533E-3
5.881944E-1,3.945090E-3
5.885417E-1,3.944646E-3
5.888889E-1,3.944202E-3
5.892361E-1,3.943759E-3
5.895833E-1,3.943315E-3
5.899306E-1,3.942871E-3
5.902778E-1,3.942427E-3
5.906250E-1,3.941984E-3
5.909722E-1,3.941540E-3
5.913194E-1,3.941093E-3
5.916667E-1,3.940634E-3
5.920139E-1,3.940175E-3
5.923611E-1,3.939716E-3
5.927083E-1,3.939257E-3
5.930556E-1,3.938798E-3
5.934028E-1,3.938339E-3
5.937500E-1,3.937880E-3
5.940972E-1,3.937421E-3
5.944444E-1,3.936962E-3
5.947917E-1,3.936503E-3
5.951389E-1,3.936043E-3
5.954861E-1,3.935584E-3
5.958333E-1,3.935125E-3
5.961806E-1,3.934666E-3
5.965278E-1,3.934207E-3
5.968750E-1,3.933748E-3
5.972222E-1,3.933289E-3
5.975694E-1,3.932830E-3
5.979167E-1,3.932371E-3
5.982639E-1,3.931912E-3
5.986111E-1,3.931452E-3
5.989583E-1,3.930993E-3
5.993056E-1,3.930534E-3
5.996528E-1,3.930075E-3
6.000000E-1,3.929616E-3
6.003472E-1,3.929157E-3
6.006944E-1,3.928698E-3
6.010417E-1,3.928239E-3
6.013889E-1,3.927780E-3
6.017361E-1,3.927321E-3
6.020833E-1,3.926861E-3
6.024306E-1,3.926402E-3
6.027778E-1,3.925943E-3
6.031250E-1,3.925484E-3
6.034722E-1,3.925025E-3
6.038194E-1,3.924566E-3
6.041667E-1,3.924107E-3
6.045139E-1,3.923648E-3
6.048611E-1,3.923189E-3
6.052083E-1,3.922730E-3
6.055556E-1,3.922271E-3
6.059028E-1,3.921811E-3
6.062500E-1,3.921352E-3
6.065972E-1,3.920893E-3
6.069444E-1,3.920434E-3
6.072917E-1,3.919975E-3
6.076389E-1,3.919516E-3
6.079861E-1,3.919057E-3
6.083333E-1,3.918598E-3
6.086806E-1,3.918139E-3
6.090278E-1,3.917680E-3
6.093750E-1,3.917220E-3
6.097222E-1,3.916761E-3
6.100694E-1,3.916302E-3
6.104167E-1,3.915843E-3
6.107639E-1,3.915384E-3
6.111111E-1,3.914925E-3
6.114583E-1,3.914466E-3
6.118056E-1,3.914007E-3
6.121528E-1,3.913548E-3
6.125000E-1,3.913089E-3
6.128472E-1,3.912630E-3
6.131944E-1,3.912170E-3
6.135417E-1,3.911711E-3
6.138889E-1,3.911252E-3
6.142361E-1,3.910793E-3
6.145833E-1,3.910334E-3
6.149306E-1,3.909875E-3
6.152778E-1,3.909416E-3
6.156250E-1,3.908957E-3
6.159722E-1,3.908498E-3
6.163194E-1,3.908039E-3
6.166667E-1,3.907579E-3
6.170139E-1,3.907120E-3
6.173611E-1,3.906661E-3
6.177083E-1,3.906202E-3
6.180556E-1,3.905736E-3
6.184028E-1,3.905254E-3
6.187500E-1,3.904772E-3
6.190972E-1,3.904289E-3
6.194444E-1,3.903807E-3
6.197917E-1,3.903325E-3
6.201389E-1,3.902842E-3
6.204861E-1,3.902360E-3
6.208333E-1,3.901878E-3
6.211806E-1,3.901395E-3
6.215278E-1,3.900913E-3
6.218750E-1,3.900431E-3
6.222222E-1,3.899949E-3
6.225694E-1,3.899466E-3
6.229167E-1,3.898984E-3
6.232639E-1,3.898502E-3
6.236111E-1,3.898019E-3
6.239583E-1,3.897537E-3
6.243056E-1,3.897055E-3
6.246528E-1,3.896572E-3
6.250000E-1,3.896090E-3
6.253472E-1,3.895608E-3
6.256944E-1,3.895125E-3
6.260417E-1,3.894643E-3
6.263889E-1,3.894161E-3
6.267361E-1,3.893679E-3
6.270833E-1,3.893196E-3
6.274306E-1,3.892714E-3
6.277778E-1,3.892232E-3
6.281250E-1,3.891749E-3
6.284722E-1,3.891267E-3
6.288194E-1,3.890785E-3
6.291667E-1,3.890302E-3
6.295139E-1,3.889820E-3
6.298611E-1,3.889338E-3
6.302083E-1,3.888856E-3
6.305556E-1,3.888373E-3
6.309028E-1,3.887891E-3
6.312500E-1,3.887409E-3
6.315972E-1,3.886926E-3
6.319444E-1,3.886444E-3
6.322917E-1,3.885962E-3
6.326389E-1,3.885479E-3
6.329861E-1,3.884997E-3
6.333333E-1,3.884515E-3
6.336806E-1,3.884033E-3
6.340278E-1,3.883550E-3
6.343750E-1,3.883068E-3
6.347222E-1,3.882586E-3
6.350694E-1,3.882103E-3
6.354167E-1,3.881621E-3
6.357639E-1,3.881139E-3
6.361111E-1,3.880656E-3
6.364583E-1,3.880174E-3
6.368056E-1,3.879692E-3
6.371528E-1,3.879209E-3
6.375000E-1,3.878727E-3
6.378472E-1,3.878245E-3
6.381944E-1,3.877763E-3
6.385417E-1,3.877280E-3
6.388889E-1,3.876798E-3
6.392361E-1,3.876347E-3
6.395833E-1,3.875961E-3
6.399306E-1,3.875575E-3
6.402778E-1,3.875189E-3
6.406250E-1,3.874803E-3
6.409722E-1,3.874417E-3
6.413194E-1,3.874031E-3
6.416667E-1,3.873646E-3
6.420139E-1,3.873260E-3
6.423611E-1,3.872874E-3
6.427083E-1,3.872488E-3
6.430556E-1,3.872102E-3
6.434028E-1,3.871716E-3
6.437500E-1,3.871330E-3
6.440972E-1,3.870945E-3
6.444444E-1,3.870559E-3
6.447917E-1,3.870173E-3
6.451389E-1,3.869787E-3
6.454861E-1,3.869401E-3
6.458333E-1,3.869015E-3
6.461806E-1,3.868629E-3
6.465278E-1,3.868244E-3
6.468750E-1,3.867858E-3
6.472222E-1,3.867472E-3
6.475694E-1,3.867086E-3
6.479167E-1,3.866700E-3
6.482639E-1,3.866314E-3
6.486111E-1,3.865928E-3
6.489583E-1,3.865543E-3
6.493056E-1,3.865157E-3
6.496528E-1,3.864771E-3
6.500000E-1,3.864385E-3
6.503472E-1,3.863999E-3
6.506944E-1,3.863613E-3
6.510417E-1,3.863227E-3
6.513889E-1,3.862842E-3
6.517361E-1,3.862456E-3
6.520833E-1,3.862070E-3
6.524306E-1,3.861684E-3
6.527778E-1,3.861298E-3
6.531250E-1,3.860912E-3
6.534722E-1,3.860526E-3
6.538194E-1,3.860141E-3
6.541667E-1,3.859755E-3
6.545139E-1,3.859369E-3
6.548611E-1,3.858983E-3
6.552083E-1,3.858597E-3
6.555556E-1,3.858211E-3
6.559028E-1,3.857825E-3
6.562500E-1,3.857440E-3
6.565972E-1,3.857054E-3
6.569444E-1,3.856668E-3
6.572917E-1,3.856282E-3
6.576389E-1,3.855896E-3
6.579861E-1,3.855510E-3
6.583333E-1,3.855124E-3
6.586806E-1,3.854739E-3
6.590278E-1,3.854353E-3
6.593750E-1,3.853967E-3
6.597222E-1,3.853581E-3
6.600694E-1,3.853195E-3
6.604167E-1,3.852790E-3
6.607639E-1,3.852346E-3
6.611111E-1,3.851902E-3
6.614583E-1,3.851459E-3
6.618056E-1,3.851015E-3
6.621528E-1,3.850571E-3
6.625000E-1,3.850127E-3
6.628472E-1,3.849684E-3
6.631944E-1,3.849240E-3
6.635417E-1,3.848796E-3
6.638889E-1,3.848353E-3
6.642361E-1,3.847909E-3
6.645833E-1,3.847465E-3
6.649306E-1,3.847022E-3
6.652778E-1,3.846578E-3
6.656250E-1,3.846134E-3
6.659722E-1,3.845690E-3
6.663194E-1,3.845247E-3
6.666667E-1,3.844803E-3
6.670139E-1,3.844359E-3
6.673611E-1,3.843916E-3
6.677083E-1,3.843472E-3
6.680556E-1,3.843028E-3
6.684028E-1,3.842584E-3
6.687500E-1,3.842141E-3
6.690972E-1,3.841697E-3
6.694444E-1,3.841253E-3
6.697917E-1,3.840810E-3
6.701389E-1,3.840366E-3
6.704861E-1,3.839922E-3
6.708333E-1,3.839479E-3
6.711806E-1,3.839035E-3
6.715278E-1,3.838591E-3
6.718750E-1,3.838147E-3
6.722222E-1,3.837704E-3
6.725694E-1,3.837260E-3
6.729167E-1,3.836816E-3
6.732639E-1,3.836373E-3
6.736111E-1,3.835929E-3
6.739583E-1,3.835485E-3
6.743056E-1,3.835042E-3
6.746528E-1,3.834598E-3
6.750000E-1,3.834154E-3
6.753472E-1,3.833710E-3
6.756944E-1,3.833267E-3
6.760417E-1,3.832823E-3
6.763889E-1,3.832379E-3
6.767361E-1,3.831936E-3
6.770833E-1,3.831492E-3
6.774306E-1,3.831048E-3
6.777778E-1,3.830605E-3
6.781250E-1,3.830161E-3
6.784722E-1,3.829717E-3
6.788194E-1,3.829273E-3
6.791667E-1,3.828830E-3
6.795139E-1,3.828386E-3
6.798611E-1,3.827942E-3
6.802083E-1,3.827499E-3
6.805556E-1,3.827055E-3
6.809028E-1,3.826611E-3
6.812500E-1,3.826168E-3
6.815972E-1,3.825724E-3
6.819444E-1,3.825280E-3
6.822917E-1,3.824836E-3
6.826389E-1,3.824393E-3
6.829861E-1,3.823949E-3
6.833333E-1,3.823520E-3
6.836806E-1,3.823343E-3
6.840278E-1,3.823165E-3
6.843750E-1,3.822987E-3
6.847222E-1,3.822810E-3
6.850694E-1,3.822632E-3
6.854167E-1,3.822455E-3
6.857639E-1,3.822277E-3
6.861111E-1,3.822100E-3
6.864583E-1,3.821922E-3
6.868056E-1,3.821744E-3
6.871528E-1,3.821567E-3
6.875000E-1,3.821389E-3
6.878472E-1,3.821212E-3
6.881944E-1,3.821034E-3
6.885417E-1,3.820857E-3
6.888889E-1,3.820679E-3
6.892361E-1,3.820501E-3
6.895833E-1,3.820324E-3
6.899306E-1,3.820146E-3
6.902778E-1,3.819969E-3
6.906250E-1,3.819791E-3
6.909722E-1,3.819614E-3
6.913194E-1,3.819436E-3
6.916667E-1,3.819258E-3
6.920139E-1,3.819081E-3
6.923611E-1,3.818903E-3
6.927083E-1,3.818726E-3
6.930556E-1,3.818548E-3
6.934028E-1,3.818371E-3
6.937500E-1,3.818193E-3
6.940972E-1,3.818015E-3
6.944444E-1,3.817838E-3
6.947917E-1,3.817660E-3
6.951389E-1,3.817483E-3
6.954861E-1,3.817305E-3
6.958333E-1,3.817128E-3
6.961806E-1,3.816950E-3
6.965278E-1,3.816772E-3
6.968750E-1,3.816595E-3
6.972222E-1,3.816417E-3
6.975694E-1,3.816240E-3
6.979167E-1,3.816062E-3
6.982639E-1,3.815885E-3
6.986111E-1,3.815707E-3
6.989583E-1,3.815529E-3
6.993056E-1,3.815352E-3
6.996528E-1,3.815174E-3
7.000000E-1,3.814997E-3
7.003472E-1,3.814819E-3
7.006944E-1,3.814642E-3
7.010417E-1,3.814464E-3
7.013889E-1,3.814286E-3
7.017361E-1,3.814109E-3
7.020833E-1,3.813931E-3
7.024306E-1,3.813754E-3
7.027778E-1,3.813576E-3
7.031250E-1,3.813399E-3
7.034722E-1,3.813221E-3
7.038194E-1,3.813043E-3
7.041667E-1,3.812866E-3
7.045139E-1,3.812688E-3
7.048611E-1,3.812511E-3
7.052083E-1,3.812333E-3
7.055556E-1,3.812156E-3
7.059028E-1,3.811978E-3
7.062500E-1,3.811800E-3
7.065972E-1,3.811503E-3
7.069444E-1,3.811170E-3
7.072917E-1,3.810838E-3
7.076389E-1,3.810505E-3
7.079861E-1,3.810172E-3
7.083333E-1,3.809840E-3
7.086806E-1,3.809507E-3
7.090278E-1,3.809174E-3
7.093750E-1,3.808842E-3
7.097222E-1,3.808509E-3
7.100694E-1,3.808176E-3
7.104167E-1,3.807844E-3
7.107639E-1,3.807511E-3
7.111111E-1,3.807178E-3
7.114583E-1,3.806846E-3
7.118056E-1,3.806513E-3
7.121528E-1,3.806180E-3
7.125000E-1,3.805848E-3
7.128472E-1,3.805515E-3
7.131944E-1,3.805182E-3
7.135417E-1,3.804850E-3
7.138889E-1,3.804517E-3
7.142361E-1,3.804184E-3
7.145833E-1,3.803852E-3
7.149306E-1,3.803519E-3
7.152778E-1,3.803186E-3
7.156250E-1,3.802854E-3
7.159722E-1,3.802521E-3
7.163194E-1,3.802188E-3
7.166667E-1,3.801856E-3
7.170139E-1,3.801523E-3
7.173611E-1,3.801190E-3
7.177083E-1,3.800858E-3
7.180556E-1,3.800525E-3
7.184028E-1,3.800192E-3
7.187500E-1,3.799860E-3
7.190972E-1,3.799527E-3
7.194444E-1,3.799194E-3
7.197917E-1,3.798862E-3
7.201389E-1,3.798529E-3
7.204861E-1,3.798196E-3
7.208333E-1,3.797864E-3
7.211806E-1,3.797531E-3
7.215278E-1,3.797198E-3
7.218750E-1,3.796866E-3
7.222222E-1,3.796533E-3
7.225694E-1,3.796201E-3
7.229167E-1,3.795868E-3
7.232639E-1,3.795535E-3
7.236111E-1,3.795203E-3
7.239583E-1,3.794870E-3
7.243056E-1,3.794537E-3
7.246528E-1,3.794205E-3
7.250000E-1,3.794120E-3
7.253472E-1,3.794120E-3
7.256944E-1,3.794120E-3
7.260417E-1,3.794120E-3
7.263889E-1,3.794120E-3
7.267361E-1,3.794120E-3
7.270833E-1,3.794120E-3
7.274306E-1,3.794120E-3
7.277778E-1,3.794120E-3
7.281250E-1,3.794120E-3
7.284722E-1,3.794120E-3
7.288194E-1,3.794120E-3
7.291667E-1,3.794120E-3
7.295139E-1,3.794120E-3
7.298611E-1,3.794120E-3
7.302083E-1,3.794120E-3
7.305556E-1,3.794120E-3
7.309028E-1,3.794120E-3
7.312500E-1,3.794120E-3
7.315972E-1,3.794120E-3
7.319444E-1,3.794120E-3
7.322917E-1,3.794120E-3
7.326389E-1,3.794120E-3
7.329861E-1,3.794120E-3
7.333333E-1,3.794120E-3
7.336806E-1,3.794120E-3
7.340278E-1,3.794120E-3
7.343750E-1,3.794120E-3
7.347222E-1,3.794120E-3
7.350694E-1,3.794120E-3
7.354167E-1,3.794120E-3
7.357639E-1,3.794120E-3
7.361111E-1,3.794120E-3
7.364583E-1,3.794120E-3
7.368056E-1,3.794120E-3
7.371528E-1,3.794120E-3
7.375000E-1,3.794120E-3
7.378472E-1,3.794120E-3
7.381944E-1,3.794120E-3
7.385417E-1,3.794120E-3
7.388889E-1,3.794120E-3
7.392361E-1,3.794120E-3
7.395833E-1,3.794120E-3
7.399306E-1,3.794120E-3
7.402778E-1,3.794120E-3
7.406250E-1,3.794120E-3
7.409722E-1,3.794120E-3
7.413194E-1,3.794120E-3
7.416667E-1,3.794120E-3
7.420139E-1,3.794120E-3
7.423611E-1,3.794120E-3
7.427083E-1,3.794120E-3
7.430556E-1,3.794120E-3
7.434028E-1,3.794120E-3
7.437500E-1,3.794120E-3
7.440972E-1,3.794120E-3
7.444444E-1,3.794120E-3
7.447917E-1,3.794120E-3
7.451389E-1,3.794120E-3
7.454861E-1,3.794120E-3
7.458333E-1,3.794120E-3
7.461806E-1,3.794120E-3
7.465278E-1,3.794120E-3
7.468750E-1,3.794120E-3
7.472222E-1,3.794120E-3
7.475694E-1,3.794120E-3
7.479167E-1,3.794120E-3
7.482639E-1,3.794120E-3
7.486111E-1,3.794120E-3
7.489583E-1,3.794120E-3
7.493056E-1,3.794120E-3
7.496528E-1,3.794120E-3
7.500000E-1,3.794120E-3
7.503472E-1,3.794120E-3
7.506944E-1,3.794120E-3
7.510417E-1,3.794120E-3
7.513889E-1,3.794120E-3
7.517361E-1,3.794047E-3
7.520833E-1,3.793961E-3
7.524306E-1,3.793876E-3
7.527778E-1,3.793791E-3
7.531250E-1,3.793706E-3
7.534722E-1,3.793620E-3
7.538194E-1,3.793535E-3
7.541667E-1,3.793450E-3
7.545139E-1,3.793364E-3
7.548611E-1,3.793279E-3
7.552083E-1,3.793194E-3
7.555556E-1,3.793109E-3
7.559028E-1,3.793023E-3
7.562500E-1,3.792938E-3
7.565972E-1,3.792853E-3
7.569444E-1,3.792767E-3
7.572917E-1,3.792682E-3
7.576389E-1,3.792597E-3
7.579861E-1,3.792511E-3
7.583333E-1,3.792426E-3
7.586806E-1,3.792341E-3
7.590278E-1,3.792256E-3
7.593750E-1,3.792170E-3
7.597222E-1,3.792085E-3
7.600694E-1,3.792000E-3
7.604167E-1,3.791914E-3
7.607639E-1,3.791829E-3
7.611111E-1,3.791744E-3
7.614583E-1,3.791658E-3
7.618056E-1,3.791573E-3
7.621528E-1,3.791488E-3
7.625000E-1,3.791403E-3
7.628472E-1,3.791317E-3
7.631944E-1,3.791232E-3
7.635417E-1,3.791147E-3
7.638889E-1,3.791061E-3
7.642361E-1,3.790976E-3
7.645833E-1,3.790891E-3
7.649306E-1,3.790805E-3
7.652778E-1,3.790720E-3
7.656250E-1,3.790635E-3
7.659722E-1,3.790550E-3
7.663194E-1,3.790464E-3
7.666667E-1,3.790379E-3
7.670139E-1,3.790294E-3
7.673611E-1,3.790208E-3
7.677083E-1,3.790123E-3
7.680556E-1,3.790038E-3
7.684028E-1,3.789953E-3
7.687500E-1,3.789867E-3
7.690972E-1,3.789782E-3
7.694444E-1,3.789697E-3
7.697917E-1,3.789611E-3
7.701389E-1,3.789526E-3
7.704861E-1,3.789441E-3
7.708333E-1,3.789355E-3
7.711806E-1,3.789270E-3
7.715278E-1,3.789185E-3
7.718750E-1,3.789100E-3
7.722222E-1,3.789014E-3
7.725694E-1,3.788929E-3
7.729167E-1,3.788844E-3
7.732639E-1,3.788758E-3
7.736111E-1,3.788673E-3
7.739583E-1,3.788588E-3
7.743056E-1,3.788502E-3
7.746528E-1,3.788417E-3
7.750000E-1,3.788332E-3
7.753472E-1,3.788247E-3
7.756944E-1,3.788240E-3
7.760417E-1,3.788240E-3
7.763889E-1,3.788240E-3
7.767361E-1,3.788240E-3
7.770833E-1,3.788240E-3
7.774306E-1,3.788240E-3
7.777778E-1,3.788240E-3
7.781250E-1,3.788240E-3
7.784722E-1,3.788240E-3
7.788194E-1,3.788240E-3
7.791667E-1,3.788240E-3
7.795139E-1,3.788240E-3
7.798611E-1,3.788240E-3
7.802083E-1,3.788240E-3
7.805556E-1,3.788240E-3
7.809028E-1,3.788240E-3
7.812500E-1,3.788240E-3
7.815972E-1,3.788240E-3
7.819444E-1,3.788240E-3
7.822917E-1,3.788240E-3
7.826389E-1,3.788240E-3
7.829861E-1,3.788240E-3
7.833333E-1,3.788240E-3
7.836806E-1,3.788240E-3
7.840278E-1,3.788240E-3
7.843750E-1,3.788240E-3
7.847222E-1,3.788240E-3
7.850694E-1,3.788240E-3
7.854167E-1,3.788240E-3
7.857639E-1,3.788240E-3
7.861111E-1,3.788240E-3
7.864583E-1,3.788240E-3
7.868056E-1,3.788240E-3
7.871528E-1,3.788240E-3
7.875000E-1,3.788240E-3
7.878472E-1,3.788240E-3
7.881944E-1,3.788240E-3
7.885417E-1,3.788240E-3
7.888889E-1,3.788240E-3
7.892361E-1,3.788240E-3
7.895833E-1,3.788240E-3
7.899306E-1,3.788240E-3
7.902778E-1,3.788240E-3
7.906250E-1,3.788240E-3
7.909722E-1,3.788240E-3
7.913194E-1,3.788240E-3
7.916667E-1,3.788240E-3
7.920139E-1,3.788240E-3
7.923611E-1,3.788240E-3
7.927083E-1,3.788240E-3
7.930556E-1,3.788240E-3
7.934028E-1,3.788240E-3
7.937500E-1,3.788240E-3
7.940972E-1,3.788240E-3
7.944444E-1,3.788240E-3
7.947917E-1,3.788240E-3
7.951389E-1,3.788240E-3
7.954861E-1,3.788240E-3
7.958333E-1,3.788240E-3
7.961806E-1,3.788240E-3
7.965278E-1,3.788240E-3
7.968750E-1,3.788240E-3
7.972222E-1,3.788240E-3
7.975694E-1,3.788240E-3
7.979167E-1,3.788240E-3
7.982639E-1,3.788240E-3
7.986111E-1,3.788240E-3
7.989583E-1,3.788240E-3
7.993056E-1,3.788240E-3
7.996528E-1,3.788240E-3
8.000000E-1,3.788240E-3
8.003472E-1,3.788240E-3
8.006944E-1,3.788240E-3
8.010417E-1,3.788240E-3
8.013889E-1,3.788240E-3
8.017361E-1,3.788240E-3
8.020833E-1,3.788240E-3
8.024306E-1,3.788240E-3
8.027778E-1,3.788240E-3
8.031250E-1,3.788274E-3
8.034722E-1,3.788363E-3
8.038194E-1,3.788451E-3
8.041667E-1,3.788540E-3
8.045139E-1,3.788629E-3
8.048611E-1,3.788718E-3
8.052083E-1,3.788806E-3
8.055556E-1,3.788895E-3
8.059028E-1,3.788984E-3
8.062500E-1,3.789072E-3
8.065972E-1,3.789161E-3
8.069444E-1,3.789250E-3
8.072917E-1,3.789339E-3
8.076389E-1,3.789427E-3
8.079861E-1,3.789516E-3
8.083333E-1,3.789605E-3
8.086806E-1,3.789693E-3
8.090278E-1,3.789782E-3
8.093750E-1,3.789871E-3
8.097222E-1,3.789959E-3
8.100694E-1,3.790048E-3
8.104167E-1,3.790137E-3
8.107639E-1,3.790226E-3
8.111111E-1,3.790314E-3
8.114583E-1,3.790403E-3
8.118056E-1,3.790492E-3
8.121528E-1,3.790580E-3
8.125000E-1,3.790669E-3
8.128472E-1,3.790758E-3
8.131944E-1,3.790847E-3
8.135417E-1,3.790935E-3
8.138889E-1,3.791024E-3
8.142361E-1,3.791113E-3
8.145833E-1,3.791201E-3
8.149306E-1,3.791290E-3
8.152778E-1,3.791379E-3
8.156250E-1,3.791468E-3
8.159722E-1,3.791556E-3
8.163194E-1,3.791645E-3
8.166667E-1,3.791734E-3
8.170139E-1,3.791822E-3
8.173611E-1,3.791911E-3
8.177083E-1,3.792000E-3
8.180556E-1,3.792089E-3
8.184028E-1,3.792177E-3
8.187500E-1,3.792266E-3
8.190972E-1,3.792355E-3
8.194444E-1,3.792443E-3
8.197917E-1,3.792532E-3
8.201389E-1,3.792621E-3
8.204861E-1,3.792709E-3
8.208333E-1,3.792798E-3
8.211806E-1,3.792887E-3
8.215278E-1,3.792976E-3
8.218750E-1,3.793064E-3
8.222222E-1,3.793153E-3
8.225694E-1,3.793242E-3
8.229167E-1,3.793330E-3
8.232639E-1,3.793419E-3
8.236111E-1,3.793508E-3
8.239583E-1,3.793597E-3
8.243056E-1,3.793685E-3
8.246528E-1,3.793774E-3
8.250000E-1,3.793863E-3
8.253472E-1,3.793951E-3
8.256944E-1,3.794040E-3
8.260417E-1,3.794143E-3
8.263889E-1,3.794377E-3
8.267361E-1,3.794610E-3
8.270833E-1,3.794844E-3
8.274306E-1,3.795077E-3
8.277778E-1,3.795311E-3
8.281250E-1,3.795544E-3
8.284722E-1,3.795777E-3
8.288194E-1,3.796011E-3
8.291667E-1,3.796244E-3
8.295139E-1,3.796478E-3
8.298611E-1,3.796711E-3
8.302083E-1,3.796945E-3
8.305556E-1,3.797178E-3
8.309028E-1,3.797412E-3
8.312500E-1,3.797645E-3
8.315972E-1,3.797879E-3
8.319444E-1,3.798112E-3
8.322917E-1,3.798345E-3
8.326389E-1,3.798579E-3
8.329861E-1,3.798812E-3
8.333333E-1,3.799046E-3
8.336806E-1,3.799279E-3
8.340278E-1,3.799513E-3
8.343750E-1,3.799746E-3
8.347222E-1,3.799980E-3
8.350694E-1,3.800213E-3
8.354167E-1,3.800447E-3
8.357639E-1,3.800680E-3
8.361111E-1,3.800913E-3
8.364583E-1,3.801147E-3
8.368056E-1,3.801380E-3
8.371528E-1,3.801614E-3
8.375000E-1,3.801847E-3
8.378472E-1,3.802081E-3
8.381944E-1,3.802314E-3
8.385417E-1,3.802548E-3
8.388889E-1,3.802781E-3
8.392361E-1,3.803015E-3
8.395833E-1,3.803248E-3
8.399306E-1,3.803481E-3
8.402778E-1,3.803715E-3
8.406250E-1,3.803948E-3
8.409722E-1,3.804182E-3
8.413194E-1,3.804415E-3
8.416667E-1,3.804649E-3
8.420139E-1,3.804882E-3
8.423611E-1,3.805116E-3
8.427083E-1,3.805349E-3
8.430556E-1,3.805583E-3
8.434028E-1,3.805816E-3
8.437500E-1,3.806363E-3
8.440972E-1,3.807029E-3
8.444444E-1,3.807695E-3
8.447917E-1,3.808360E-3
8.451389E-1,3.809026E-3
8.454861E-1,3.809692E-3
8.458333E-1,3.810357E-3
8.461806E-1,3.811023E-3
8.465278E-1,3.811689E-3
8.468750E-1,3.812354E-3
8.472222E-1,3.813020E-3
8.475694E-1,3.813686E-3
8.479167E-1,3.814352E-3
8.482639E-1,3.815017E-3
8.486111E-1,3.815683E-3
8.489583E-1,3.816349E-3
8.493056E-1,3.817014E-3
8.496528E-1,3.817680E-3
8.500000E-1,3.818346E-3
8.503472E-1,3.819012E-3
8.506944E-1,3.819677E-3
8.510417E-1,3.820343E-3
8.513889E-1,3.821009E-3
8.517361E-1,3.821674E-3
8.520833E-1,3.822340E-3
8.524306E-1,3.823006E-3
8.527778E-1,3.823671E-3
8.531250E-1,3.824337E-3
8.534722E-1,3.825003E-3
8.538194E-1,3.825669E-3
8.541667E-1,3.826334E-3
8.545139E-1,3.827000E-3
8.548611E-1,3.827666E-3
8.552083E-1,3.828331E-3
8.555556E-1,3.828997E-3
8.559028E-1,3.829663E-3
8.562500E-1,3.830328E-3
8.565972E-1,3.830994E-3
8.569444E-1,3.831660E-3
8.572917E-1,3.832326E-3
8.576389E-1,3.832991E-3
8.579861E-1,3.833657E-3
8.583333E-1,3.834323E-3
8.586806E-1,3.834988E-3
8.590278E-1,3.835654E-3
8.593750E-1,3.836320E-3
8.597222E-1,3.836986E-3
8.600694E-1,3.837651E-3
8.604167E-1,3.838317E-3
8.607639E-1,3.838983E-3
8.611111E-1,3.839648E-3
8.614583E-1,3.840314E-3
8.618056E-1,3.840980E-3
8.621528E-1,3.841235E-3
8.625000E-1,3.841315E-3
8.628472E-1,3.841394E-3
8.631944E-1,3.841473E-3
8.635417E-1,3.841552E-3
8.638889E-1,3.841631E-3
8.642361E-1,3.841711E-3
8.645833E-1,3.841790E-3
8.649306E-1,3.841869E-3
8.652778E-1,3.841948E-3
8.656250E-1,3.842027E-3
8.659722E-1,3.842107E-3
8.663194E-1,3.842186E-3
8.666667E-1,3.842265E-3
8.670139E-1,3.842344E-3
8.673611E-1,3.842423E-3
8.677083E-1,3.842503E-3
8.680556E-1,3.842582E-3
8.684028E-1,3.842661E-3
8.687500E-1,3.842740E-3
8.690972E-1,3.842819E-3
8.694444E-1,3.842899E-3
8.697917E-1,3.842978E-3
8.701389E-1,3.843057E-3
8.704861E-1,3.843136E-3
8.708333E-1,3.843216E-3
8.711806E-1,3.843295E-3
8.715278E-1,3.843374E-3
8.718750E-1,3.843453E-3
8.722222E-1,3.843532E-3
8.725694E-1,3.843612E-3
8.729167E-1,3.843691E-3
8.732639E-1,3.843770E-3
8.736111E-1,3.843849E-3
8.739583E-1,3.843928E-3
8.743056E-1,3.844008E-3
8.746528E-1,3.844087E-3
8.750000E-1,3.844166E-3
8.753472E-1,3.844245E-3
8.756944E-1,3.844324E-3
8.760417E-1,3.844404E-3
8.763889E-1,3.844483E-3
8.767361E-1,3.844562E-3
8.770833E-1,3.844641E-3
8.774306E-1,3.844720E-3
8.777778E-1,3.844800E-3
8.781250E-1,3.844879E-3
8.784722E-1,3.844958E-3
8.788194E-1,3.845037E-3
8.791667E-1,3.845116E-3
8.795139E-1,3.845196E-3
8.798611E-1,3.845275E-3
8.802083E-1,3.845354E-3
8.805556E-1,3.845433E-3
8.809028E-1,3.845512E-3
8.812500E-1,3.845592E-3
8.815972E-1,3.845671E-3
8.819444E-1,3.845750E-3
8.822917E-1,3.845829E-3
8.826389E-1,3.845908E-3
8.829861E-1,3.845988E-3
8.833333E-1,3.846067E-3
8.836806E-1,3.846146E-3
8.840278E-1,3.846225E-3
8.843750E-1,3.846304E-3
8.847222E-1,3.846384E-3
8.850694E-1,3.846463E-3
8.854167E-1,3.846542E-3
8.857639E-1,3.846621E-3
8.861111E-1,3.846701E-3
8.864583E-1,3.846780E-3
8.868056E-1,3.846859E-3
8.871528E-1,3.846938E-3
8.875000E-1,3.847017E-3
8.878472E-1,3.847306E-3
8.881944E-1,3.847838E-3
8.885417E-1,3.848371E-3
8.888889E-1,3.848903E-3
8.892361E-1,3.849435E-3
8.895833E-1,3.849968E-3
8.899306E-1,3.850500E-3
8.902778E-1,3.851033E-3
8.906250E-1,3.851565E-3
8.909722E-1,3.852097E-3
8.913194E-1,3.852630E-3
8.916667E-1,3.853162E-3
8.920139E-1,3.853695E-3
8.923611E-1,3.854227E-3
8.927083E-1,3.854759E-3
8.930556E-1,3.855292E-3
8.934028E-1,3.855824E-3
8.937500E-1,3.856357E-3
8.940972E-1,3.856889E-3
8.944444E-1,3.857422E-3
8.947917E-1,3.857954E-3
8.951389E-1,3.858486E-3
8.954861E-1,3.859019E-3
8.958333E-1,3.859551E-3
8.961806E-1,3.860084E-3
8.965278E-1,3.860616E-3
8.968750E-1,3.861148E-3
8.972222E-1,3.861681E-3
8.975694E-1,3.862213E-3
8.979167E-1,3.862746E-3
8.982639E-1,3.863278E-3
8.986111E-1,3.863810E-3
8.989583E-1,3.864343E-3
8.993056E-1,3.864875E-3
8.996528E-1,3.865408E-3
9.000000E-1,3.865940E-3
9.003472E-1,3.866473E-3
9.006944E-1,3.867005E-3
9.010417E-1,3.867537E-3
9.013889E-1,3.868070E-3
9.017361E-1,3.868602E-3
9.020833E-1,3.869135E-3
9.024306E-1,3.869667E-3
9.027778E-1,3.870199E-3
9.031250E-1,3.870732E-3
9.034722E-1,3.871264E-3
9.038194E-1,3.871797E-3
9.041667E-1,3.872329E-3
9.045139E-1,3.872861E-3
9.048611E-1,3.873394E-3
9.052083E-1,3.873926E-3
9.055556E-1,3.874459E-3
9.059028E-1,3.874991E-3
9.062500E-1,3.875524E-3
9.065972E-1,3.876056E-3
9.069444E-1,3.876588E-3
9.072917E-1,3.877121E-3
9.076389E-1,3.877653E-3
9.079861E-1,3.878186E-3
9.083333E-1,3.878718E-3
9.086806E-1,3.879250E-3
9.090278E-1,3.879783E-3
9.093750E-1,3.880315E-3
9.097222E-1,3.880848E-3
9.100694E-1,3.881380E-3
9.104167E-1,3.881912E-3
9.107639E-1,3.882482E-3
9.111111E-1,3.883221E-3
9.114583E-1,3.883961E-3
9.118056E-1,3.884701E-3
9.121528E-1,3.885440E-3
9.125000E-1,3.886180E-3
9.128472E-1,3.886920E-3
9.131944E-1,3.887659E-3
9.135417E-1,3.888399E-3
9.138889E-1,3.889138E-3
9.142361E-1,3.889878E-3
9.145833E-1,3.890618E-3
9.149306E-1,3.891357E-3
9.152778E-1,3.892097E-3
9.156250E-1,3.892837E-3
9.159722E-1,3.893576E-3
9.163194E-1,3.894316E-3
9.166667E-1,3.895056E-3
9.170139E-1,3.895795E-3
9.173611E-1,3.896535E-3
9.177083E-1,3.897274E-3
9.180556E-1,3.898014E-3
9.184028E-1,3.898754E-3
9.187500E-1,3.899493E-3
9.190972E-1,3.900233E-3
9.194444E-1,3.900973E-3
9.197917E-1,3.901712E-3
9.201389E-1,3.902452E-3
9.204861E-1,3.903191E-3
9.208333E-1,3.903931E-3
9.211806E-1,3.904671E-3
9.215278E-1,3.905410E-3
9.218750E-1,3.906150E-3
9.222222E-1,3.906890E-3
9.225694E-1,3.907629E-3
9.229167E-1,3.908369E-3
9.232639E-1,3.909108E-3
9.236111E-1,3.909848E-3
9.239583E-1,3.910588E-3
9.243056E-1,3.911327E-3
9.246528E-1,3.912067E-3
9.250000E-1,3.912807E-3
9.253472E-1,3.913546E-3
9.256944E-1,3.914286E-3
9.260417E-1,3.915026E-3
9.263889E-1,3.915765E-3
9.267361E-1,3.916505E-3
9.270833E-1,3.917244E-3
9.274306E-1,3.917984E-3
9.277778E-1,3.918724E-3
9.281250E-1,3.919463E-3
9.284722E-1,3.920203E-3
9.288194E-1,3.920943E-3
9.291667E-1,3.921682E-3
9.295139E-1,3.922422E-3
9.298611E-1,3.923161E-3
9.302083E-1,3.923901E-3
9.305556E-1,3.924641E-3
9.309028E-1,3.925380E-3
9.312500E-1,3.926120E-3
9.315972E-1,3.926860E-3
9.319444E-1,3.927599E-3
9.322917E-1,3.928339E-3
9.326389E-1,3.929078E-3
9.329861E-1,3.929818E-3
9.333333E-1,3.930558E-3
9.336806E-1,3.931297E-3
9.340278E-1,3.932037E-3
9.343750E-1,3.932777E-3
9.347222E-1,3.933516E-3
9.350694E-1,3.934256E-3
9.354167E-1,3.934996E-3
9.357639E-1,3.935735E-3
9.361111E-1,3.936475E-3
9.364583E-1,3.937214E-3
9.368056E-1,3.937954E-3
9.371528E-1,3.938694E-3
9.375000E-1,3.939433E-3
9.378472E-1,3.940173E-3
9.381944E-1,3.940913E-3
9.385417E-1,3.942017E-3
9.388889E-1,3.943328E-3
9.392361E-1,3.944639E-3
9.395833E-1,3.945950E-3
9.399306E-1,3.947261E-3
9.402778E-1,3.948572E-3
9.406250E-1,3.949883E-3
9.409722E-1,3.951194E-3
9.413194E-1,3.952505E-3
9.416667E-1,3.953816E-3
9.420139E-1,3.955127E-3
9.423611E-1,3.956438E-3
9.427083E-1,3.957749E-3
9.430556E-1,3.959060E-3
9.434028E-1,3.960371E-3
9.437500E-1,3.961682E-3
9.440972E-1,3.962993E-3
9.444444E-1,3.964304E-3
9.447917E-1,3.965615E-3
9.451389E-1,3.966926E-3
9.454861E-1,3.968237E-3
9.458333E-1,3.969548E-3
9.461806E-1,3.970859E-3
9.465278E-1,3.972170E-3
9.468750E-1,3.973481E-3
9.472222E-1,3.974792E-3
9.475694E-1,3.976103E-3
9.479167E-1,3.977415E-3
9.482639E-1,3.978726E-3
9.486111E-1,3.980037E-3
9.489583E-1,3.981348E-3
9.493056E-1,3.982659E-3
9.496528E-1,3.983970E-3
9.500000E-1,3.985281E-3
9.503472E-1,3.986592E-3
9.506944E-1,3.987903E-3
9.510417E-1,3.989214E-3
9.513889E-1,3.990525E-3
9.517361E-1,3.991836E-3
9.520833E-1,3.993147E-3
9.524306E-1,3.994458E-3
9.527778E-1,3.995769E-3
9.531250E-1,3.997080E-3
9.534722E-1,3.998391E-3
9.538194E-1,3.999702E-3
9.541667E-1,4.001013E-3
9.545139E-1,4.002324E-3
9.548611E-1,4.003635E-3
9.552083E-1,4.004946E-3
9.555556E-1,4.006257E-3
9.559028E-1,4.007568E-3
9.562500E-1,4.008879E-3
9.565972E-1,4.010190E-3
9.569444E-1,4.011501E-3
9.572917E-1,4.012812E-3
9.576389E-1,4.014123E-3
9.579861E-1,4.015434E-3
9.583333E-1,4.016745E-3
9.586806E-1,4.018043E-3
9.590278E-1,4.019311E-3
9.593750E-1,4.020578E-3
9.597222E-1,4.021846E-3
9.600694E-1,4.023114E-3
9.604167E-1,4.024382E-3
9.607639E-1,4.025650E-3
9.611111E-1,4.026917E-3
9.614583E-1,4.028185E-3
9.618056E-1,4.029453E-3
9.621528E-1,4.030721E-3
9.625000E-1,4.031989E-3
9.628472E-1,4.033256E-3
9.631944E-1,4.034524E-3
9.635417E-1,4.035792E-3
9.638889E-1,4.037060E-3
9.642361E-1,4.038328E-3
9.645833E-1,4.039595E-3
9.649306E-1,4.040863E-3
9.652778E-1,4.042131E-3
9.656250E-1,4.043399E-3
9.659722E-1,4.044667E-3
9.663194E-1,4.045934E-3
9.666667E-1,4.047202E-3
9.670139E-1,4.048470E-3
9.673611E-1,4.049738E-3
9.677083E-1,4.051006E-3
9.680556E-1,4.052273E-3
9.684028E-1,4.053541E-3
9.687500E-1,4.054809E-3
9.690972E-1,4.056077E-3
9.694444E-1,4.057345E-3
9.697917E-1,4.058612E-3
9.701389E-1,4.059880E-3
9.704861E-1,4.061148E-3
9.708333E-1,4.062416E-3
9.711806E-1,4.063684E-3
9.715278E-1,4.064951E-3
9.718750E-1,4.066219E-3
9.722222E-1,4.067487E-3
9.725694E-1,4.068755E-3
9.729167E-1,4.070023E-3
9.732639E-1,4.071290E-3
9.736111E-1,4.072558E-3
9.739583E-1,4.073826E-3
9.743056E-1,4.075094E-3
9.746528E-1,4.076362E-3
9.750000E-1,4.077629E-3
9.753472E-1,4.078897E-3
9.756944E-1,4.080165E-3
9.760417E-1,4.081433E-3
9.763889E-1,4.082701E-3
9.767361E-1,4.083968E-3
9.770833E-1,4.085236E-3
9.774306E-1,4.086504E-3
9.777778E-1,4.087772E-3
9.781250E-1,4.089194E-3
9.784722E-1,4.090707E-3
9.788194E-1,4.092219E-3
9.791667E-1,4.093732E-3
9.795139E-1,4.095245E-3
9.798611E-1,4.096757E-3
9.802083E-1,4.098270E-3
9.805556E-1,4.099783E-3
9.809028E-1,4.101295E-3
9.812500E-1,4.102808E-3
9.815972E-1,4.104320E-3
9.819444E-1,4.105833E-3
9.822917E-1,4.107346E-3
9.826389E-1,4.108858E-3
9.829861E-1,4.110371E-3
9.833333E-1,4.111884E-3
9.836806E-1,4.113396E-3
9.840278E-1,4.114909E-3
9.843750E-1,4.116421E-3
9.847222E-1,4.117934E-3
9.850694E-1,4.119447E-3
9.854167E-1,4.120959E-3
9.857639E-1,4.122472E-3
9.861111E-1,4.123985E-3
9.864583E-1,4.125497E-3
9.868056E-1,4.127010E-3
9.871528E-1,4.128523E-3
9.875000E-1,4.130035E-3
9.878472E-1,4.131548E-3
9.881944E-1,4.133060E-3
9.885417E-1,4.134573E-3
9.888889E-1,4.136086E-3
9.892361E-1,4.137598E-3
9.895833E-1,4.139111E-3
9.899306E-1,4.140624E-3
9.902778E-1,4.142136E-3
9.906250E-1,4.143649E-3
9.909722E-1,4.145162E-3
9.913194E-1,4.146674E-3
9.916667E-1,4.148187E-3
9.920139E-1,4.149699E-3
9.923611E-1,4.151212E-3
9.927083E-1,4.152725E-3
9.930556E-1,4.154237E-3
9.934028E-1,4.155750E-3
9.937500E-1,4.157263E-3
9.940972E-1,4.158775E-3
9.944444E-1,4.160288E-3
9.947917E-1,4.161801E-3
9.951389E-1,4.163313E-3
9.954861E-1,4.164826E-3
9.958333E-1,4.166338E-3
9.961806E-1,4.167851E-3
9.965278E-1,4.169364E-3
9.968750E-1,4.170876E-3
9.972222E-1,4.172389E-3
9.975694E-1,4.173902E-3
9.979167E-1,4.175414E-3
9.982639E-1,4.176927E-3
9.986111E-1,4.178440E-3
9.989583E-1,4.179952E-3
9.993056E-1,4.181465E-3
9.996528E-1,4.182977E-3
