7.139351E-12,1.851677E+5
3.472222E-2,1.855661E+5
6.944444E-2,1.859645E+5
1.041667E-1,1.863628E+5
1.388889E-1,1.867612E+5
1.736111E-1,1.871596E+5
2.083333E-1,1.875580E+5
2.430556E-1,1.879564E+5
2.777778E-1,1.883548E+5
3.125000E-1,1.887532E+5
3.472222E-1,1.891516E+5
3.819444E-1,1.895500E+5
4.166667E-1,1.899484E+5
4.513889E-1,1.903468E+5
4.861111E-1,1.907452E+5
5.208333E-1,1.911436E+5
5.555556E-1,1.915420E+5
5.902778E-1,1.919404E+5
6.250000E-1,1.923388E+5
6.597222E-1,1.927372E+5
6.944444E-1,1.931356E+5
7.291667E-1,1.935339E+5
7.638889E-1,1.939323E+5
7.986111E-1,1.943307E+5
8.333333E-1,1.947291E+5
8.680556E-1,1.951275E+5
9.027778E-1,1.955259E+5
9.375000E-1,1.959243E+5
9.722222E-1,1.963227E+5
1.006944E+0,1.967211E+5
1.041667E+0,1.971195E+5
1.076389E+0,1.975179E+5
1.111111E+0,1.979163E+5
1.145833E+0,1.983147E+5
1.180556E+0,1.987131E+5
1.215278E+0,1.991115E+5
1.250000E+0,1.995099E+5
1.284722E+0,1.999083E+5
1.319444E+0,2.003066E+5
1.354167E+0,2.007050E+5
1.388889E+0,2.011034E+5
1.423611E+0,2.015018E+5
1.458333E+0,2.019002E+5
1.493056E+0,2.022986E+5
1.527778E+0,2.026970E+5
1.562500E+0,2.030954E+5
1.597222E+0,2.034938E+5
1.631944E+0,2.038922E+5
1.666667E+0,2.042906E+5
1.701389E+0,2.046890E+5
1.736111E+0,2.050874E+5
1.770833E+0,2.054858E+5
1.805556E+0,2.058842E+5
1.840278E+0,2.062826E+5
1.875000E+0,2.066810E+5
1.909722E+0,2.070794E+5
1.944444E+0,2.074777E+5
1.979167E+0,2.078761E+5
2.013889E+0,2.082745E+5
2.048611E+0,2.086729E+5
2.083333E+0,2.090713E+5
2.118056E+0,2.094697E+5
2.152778E+0,2.098681E+5
2.187500E+0,2.102665E+5
2.222222E+0,2.106649E+5
2.256944E+0,2.110633E+5
2.291667E+0,2.114617E+5
2.326389E+0,2.118601E+5
2.361111E+0,2.122585E+5
2.395833E+0,2.126569E+5
2.430556E+0,2.130553E+5
2.465278E+0,2.134537E+5
2.500000E+0,2.138521E+5
2.534722E+0,2.142504E+5
2.569444E+0,2.146488E+5
2.604167E+0,2.150472E+5
2.638889E+0,2.154456E+5
2.673611E+0,2.158440E+5
2.708333E+0,2.162424E+5
2.743056E+0,2.166408E+5
2.777778E+0,2.170392E+5
2.812500E+0,2.174376E+5
2.847222E+0,2.178360E+5
2.881944E+0,2.182344E+5
2.916667E+0,2.186328E+5
2.951389E+0,2.190312E+5
2.986111E+0,2.194296E+5
3.020833E+0,2.198280E+5
3.055556E+0,2.202264E+5
3.090278E+0,2.206248E+5
3.125000E+0,2.210232E+5
3.159722E+0,2.214215E+5
3.194444E+0,2.218199E+5
3.229167E+0,2.222183E+5
3.263889E+0,2.226167E+5
3.298611E+0,2.230151E+5
3.333333E+0,2.234135E+5
3.368056E+0,2.238119E+5
3.402778E+0,2.242103E+5
3.437500E+0,2.246087E+5
3.472222E+0,2.250071E+5
3.506944E+0,2.254055E+5
3.541667E+0,2.258039E+5
3.576389E+0,2.262023E+5
3.611111E+0,2.266007E+5
3.645833E+0,2.269991E+5
3.680556E+0,2.273975E+5
3.715278E+0,2.277959E+5
3.750000E+0,2.281943E+5
3.784722E+0,2.285926E+5
3.819444E+0,2.289910E+5
3.854167E+0,2.293894E+5
3.888889E+0,2.297878E+5
3.923611E+0,2.301862E+5
3.958333E+0,2.305846E+5
3.993056E+0,2.309830E+5
4.027778E+0,2.313814E+5
4.062500E+0,2.317798E+5
4.097222E+0,2.321782E+5
4.131944E+0,2.325766E+5
4.166667E+0,2.329750E+5
4.201389E+0,2.333734E+5
4.236111E+0,2.337718E+5
4.270833E+0,2.341702E+5
4.305556E+0,2.345686E+5
4.340278E+0,2.349670E+5
4.375000E+0,2.353653E+5
4.409722E+0,2.357637E+5
4.444444E+0,2.361621E+5
4.479167E+0,2.365605E+5
4.513889E+0,2.369589E+5
4.548611E+0,2.373573E+5
4.583333E+0,2.377557E+5
4.618056E+0,2.381541E+5
4.652778E+0,2.385525E+5
4.687500E+0,2.389509E+5
4.722222E+0,2.393493E+5
4.756944E+0,2.397477E+5
4.791667E+0,2.401461E+5
4.826389E+0,2.405445E+5
4.861111E+0,2.409429E+5
4.895833E+0,2.413413E+5
4.930556E+0,2.417397E+5
4.965278E+0,2.421381E+5
5.000000E+0,2.425364E+5
5.034722E+0,2.429348E+5
5.069444E+0,2.433332E+5
5.104167E+0,2.437316E+5
5.138889E+0,2.441300E+5
5.173611E+0,2.445284E+5
5.208333E+0,2.449268E+5
5.243056E+0,2.453252E+5
5.277778E+0,2.457236E+5
5.312500E+0,2.461220E+5
5.347222E+0,2.465204E+5
5.381944E+0,2.469188E+5
5.416667E+0,2.473172E+5
5.451389E+0,2.477156E+5
5.486111E+0,2.481140E+5
5.520833E+0,2.485124E+5
5.555556E+0,2.489108E+5
5.590278E+0,2.493092E+5
5.625000E+0,2.497075E+5
5.659722E+0,2.501059E+5
5.694444E+0,2.505043E+5
5.729167E+0,2.509027E+5
5.763889E+0,2.513011E+5
5.798611E+0,2.516995E+5
5.833333E+0,2.520979E+5
5.868056E+0,2.524963E+5
5.902778E+0,2.528947E+5
5.937500E+0,2.532931E+5
5.972222E+0,2.536915E+5
6.006944E+0,2.540899E+5
6.041667E+0,2.544883E+5
6.076389E+0,2.548867E+5
6.111111E+0,2.552851E+5
6.145833E+0,2.556835E+5
6.180556E+0,2.560819E+5
6.215278E+0,2.564802E+5
6.250000E+0,2.568786E+5
6.284722E+0,2.572770E+5
6.319444E+0,2.576754E+5
6.354167E+0,2.580738E+5
6.388889E+0,2.584722E+5
6.423611E+0,2.588706E+5
6.458333E+0,2.592690E+5
6.493056E+0,2.596674E+5
6.527778E+0,2.600658E+5
6.562500E+0,2.604642E+5
6.597222E+0,2.608626E+5
6.631944E+0,2.612610E+5
6.666667E+0,2.616594E+5
6.701389E+0,2.620578E+5
6.736111E+0,2.624562E+5
6.770833E+0,2.628546E+5
6.805556E+0,2.632530E+5
6.840278E+0,2.636513E+5
6.875000E+0,2.640497E+5
6.909722E+0,2.645445E+5
6.944444E+0,2.651969E+5
6.979167E+0,2.658492E+5
7.013889E+0,2.665016E+5
7.048611E+0,2.671540E+5
7.083333E+0,2.678064E+5
7.118056E+0,2.684587E+5
7.152778E+0,2.691111E+5
7.187500E+0,2.697635E+5
7.222222E+0,2.704159E+5
7.256944E+0,2.710682E+5
7.291667E+0,2.717206E+5
7.326389E+0,2.723730E+5
7.361111E+0,2.730254E+5
7.395833E+0,2.736777E+5
7.430556E+0,2.743301E+5
7.465278E+0,2.749825E+5
7.500000E+0,2.756349E+5
7.534722E+0,2.762873E+5
7.569444E+0,2.769396E+5
7.604167E+0,2.775920E+5
7.638889E+0,2.782444E+5
7.673611E+0,2.788968E+5
7.708333E+0,2.795491E+5
7.743056E+0,2.802015E+5
7.777778E+0,2.808539E+5
7.812500E+0,2.815063E+5
7.847222E+0,2.821586E+5
7.881944E+0,2.828110E+5
7.916667E+0,2.834634E+5
7.951389E+0,2.841158E+5
7.986111E+0,2.847681E+5
8.020833E+0,2.854205E+5
8.055556E+0,2.860729E+5
8.090278E+0,2.867253E+5
8.125000E+0,2.873776E+5
8.159722E+0,2.880300E+5
8.194444E+0,2.886824E+5
8.229167E+0,2.893348E+5
8.263889E+0,2.899871E+5
8.298611E+0,2.906395E+5
8.333333E+0,2.912919E+5
8.368056E+0,2.919443E+5
8.402778E+0,2.925967E+5
8.437500E+0,2.932490E+5
8.472222E+0,2.939014E+5
8.506944E+0,2.945538E+5
8.541667E+0,2.952062E+5
8.576389E+0,2.958585E+5
8.611111E+0,2.965109E+5
8.645833E+0,2.971633E+5
8.680556E+0,2.978157E+5
8.715278E+0,2.984680E+5
8.750000E+0,2.991204E+5
8.784722E+0,2.997728E+5
8.819444E+0,3.004252E+5
8.854167E+0,3.010775E+5
8.888889E+0,3.017299E+5
8.923611E+0,3.023823E+5
8.958333E+0,3.030347E+5
8.993056E+0,3.036870E+5
9.027778E+0,3.043394E+5
9.062500E+0,3.049918E+5
9.097222E+0,3.056442E+5
9.131944E+0,3.062965E+5
9.166667E+0,3.069489E+5
9.201389E+0,3.076013E+5
9.236111E+0,3.082537E+5
9.270833E+0,3.089061E+5
9.305556E+0,3.095584E+5
9.340278E+0,3.102108E+5
9.375000E+0,3.108632E+5
9.409722E+0,3.115156E+5
9.444444E+0,3.121679E+5
9.479167E+0,3.128203E+5
9.513889E+0,3.134727E+5
9.548611E+0,3.141251E+5
9.583333E+0,3.147774E+5
9.618056E+0,3.154298E+5
9.652778E+0,3.160822E+5
9.687500E+0,3.167346E+5
9.722222E+0,3.173869E+5
9.756944E+0,3.180393E+5
9.791667E+0,3.186917E+5
9.826389E+0,3.193441E+5
9.861111E+0,3.199964E+5
9.895833E+0,3.206488E+5
9.930556E+0,3.213012E+5
9.965278E+0,3.219536E+5
1.000000E+1,3.226060E+5
1.003472E+1,3.232583E+5
1.006944E+1,3.239107E+5
1.010417E+1,3.245631E+5
1.013889E+1,3.252155E+5
1.017361E+1,3.258678E+5
1.020833E+1,3.265202E+5
1.024306E+1,3.271726E+5
1.027778E+1,3.278250E+5
1.031250E+1,3.284773E+5
1.034722E+1,3.291297E+5
1.038194E+1,3.297821E+5
1.041667E+1,3.304345E+5
1.045139E+1,3.310868E+5
1.048611E+1,3.317392E+5
1.052083E+1,3.323916E+5
1.055556E+1,3.330440E+5
1.059028E+1,3.336963E+5
1.062500E+1,3.343487E+5
1.065972E+1,3.350011E+5
1.069444E+1,3.356535E+5
1.072917E+1,3.363059E+5
1.076389E+1,3.369582E+5
1.079861E+1,3.376106E+5
1.083333E+1,3.382630E+5
1.086806E+1,3.389154E+5
1.090278E+1,3.395677E+5
1.093750E+1,3.402201E+5
1.097222E+1,3.408725E+5
1.100694E+1,3.415248E+5
1.104167E+1,3.421772E+5
1.107639E+1,3.428296E+5
1.111111E+1,3.434820E+5
1.114583E+1,3.441344E+5
1.118056E+1,3.447867E+5
1.121528E+1,3.454391E+5
1.125000E+1,3.460915E+5
1.128472E+1,3.467439E+5
1.131944E+1,3.473962E+5
1.135417E+1,3.480486E+5
1.138889E+1,3.487010E+5
1.142361E+1,3.493534E+5
1.145833E+1,3.498444E+5
1.149306E+1,3.503084E+5
1.152778E+1,3.507724E+5
1.156250E+1,3.512363E+5
1.159722E+1,3.517003E+5
1.163194E+1,3.521643E+5
1.166667E+1,3.526282E+5
1.170139E+1,3.530922E+5
1.173611E+1,3.535562E+5
1.177083E+1,3.540201E+5
1.180556E+1,3.544841E+5
1.184028E+1,3.549481E+5
1.187500E+1,3.554121E+5
1.190972E+1,3.558760E+5
1.194444E+1,3.563400E+5
1.197917E+1,3.568040E+5
1.201389E+1,3.572680E+5
1.204861E+1,3.577319E+5
1.208333E+1,3.581959E+5
1.211806E+1,3.586599E+5
1.215278E+1,3.591238E+5
1.218750E+1,3.595878E+5
1.222222E+1,3.600518E+5
1.225694E+1,3.605157E+5
1.229167E+1,3.609797E+5
1.232639E+1,3.614437E+5
1.236111E+1,3.619077E+5
1.239583E+1,3.623716E+5
1.243056E+1,3.628356E+5
1.246528E+1,3.632996E+5
1.250000E+1,3.637636E+5
1.253472E+1,3.642275E+5
1.256944E+1,3.646915E+5
1.260417E+1,3.651555E+5
1.263889E+1,3.656194E+5
1.267361E+1,3.660834E+5
1.270833E+1,3.665474E+5
1.274306E+1,3.670114E+5
1.277778E+1,3.674753E+5
1.281250E+1,3.679393E+5
1.284722E+1,3.684033E+5
1.288194E+1,3.688672E+5
1.291667E+1,3.693312E+5
1.295139E+1,3.697952E+5
1.298611E+1,3.702592E+5
1.302083E+1,3.707231E+5
1.305556E+1,3.711871E+5
1.309028E+1,3.716511E+5
1.312500E+1,3.721150E+5
1.315972E+1,3.725790E+5
1.319444E+1,3.730430E+5
1.322917E+1,3.735070E+5
1.326389E+1,3.739709E+5
1.329861E+1,3.744349E+5
1.333333E+1,3.748989E+5
1.336806E+1,3.753629E+5
1.340278E+1,3.758268E+5
1.343750E+1,3.762908E+5
1.347222E+1,3.767548E+5
1.350694E+1,3.772187E+5
1.354167E+1,3.776827E+5
1.357639E+1,3.781467E+5
1.361111E+1,3.786106E+5
1.364583E+1,3.790746E+5
1.368056E+1,3.795386E+5
1.371528E+1,3.800026E+5
1.375000E+1,3.804665E+5
1.378472E+1,3.809305E+5
1.381944E+1,3.813945E+5
1.385417E+1,3.818585E+5
1.388889E+1,3.823224E+5
1.392361E+1,3.827864E+5
1.395833E+1,3.832504E+5
1.399306E+1,3.837143E+5
1.402778E+1,3.841783E+5
1.406250E+1,3.846423E+5
1.409722E+1,3.851062E+5
1.413194E+1,3.855702E+5
1.416667E+1,3.860342E+5
1.420139E+1,3.864982E+5
1.423611E+1,3.869621E+5
1.427083E+1,3.874261E+5
1.430556E+1,3.878901E+5
1.434028E+1,3.883541E+5
1.437500E+1,3.888180E+5
1.440972E+1,3.892820E+5
1.444444E+1,3.897460E+5
1.447917E+1,3.902099E+5
1.451389E+1,3.906739E+5
1.454861E+1,3.911379E+5
1.458333E+1,3.916018E+5
1.461806E+1,3.920658E+5
1.465278E+1,3.925298E+5
1.468750E+1,3.929938E+5
1.472222E+1,3.934577E+5
1.475694E+1,3.939217E+5
1.479167E+1,3.943857E+5
1.482639E+1,3.948497E+5
1.486111E+1,3.953136E+5
1.489583E+1,3.957776E+5
1.493056E+1,3.962416E+5
1.496528E+1,3.967055E+5
1.500000E+1,3.971695E+5
1.503472E+1,3.976335E+5
1.506944E+1,3.980974E+5
1.510417E+1,3.985614E+5
1.513889E+1,3.990254E+5
1.517361E+1,3.994894E+5
1.520833E+1,3.999533E+5
1.524306E+1,4.004173E+5
1.527778E+1,4.008813E+5
1.531250E+1,4.013453E+5
1.534722E+1,4.018092E+5
1.538194E+1,4.022732E+5
1.541667E+1,4.027372E+5
1.545139E+1,4.032011E+5
1.548611E+1,4.036651E+5
1.552083E+1,4.041291E+5
1.555556E+1,4.045931E+5
1.559028E+1,4.046233E+5
1.562500E+1,4.044538E+5
1.565972E+1,4.042844E+5
1.569444E+1,4.041149E+5
1.572917E+1,4.039455E+5
1.576389E+1,4.037760E+5
1.579861E+1,4.036066E+5
1.583333E+1,4.034371E+5
1.586806E+1,4.032677E+5
1.590278E+1,4.030982E+5
1.593750E+1,4.029288E+5
1.597222E+1,4.027593E+5
1.600694E+1,4.025899E+5
1.604167E+1,4.024204E+5
1.607639E+1,4.022510E+5
1.611111E+1,4.020815E+5
1.614583E+1,4.019121E+5
1.618056E+1,4.017426E+5
1.621528E+1,4.015732E+5
1.625000E+1,4.014037E+5
1.628472E+1,4.012343E+5
1.631944E+1,4.010648E+5
1.635417E+1,4.008954E+5
1.638889E+1,4.007259E+5
1.642361E+1,4.005565E+5
1.645833E+1,4.003870E+5
1.649306E+1,4.002176E+5
1.652778E+1,4.000481E+5
1.656250E+1,3.998787E+5
1.659722E+1,3.997092E+5
1.663194E+1,3.995398E+5
1.666667E+1,3.993703E+5
1.670139E+1,3.992009E+5
1.673611E+1,3.990314E+5
1.677083E+1,3.988620E+5
1.680556E+1,3.986925E+5
1.684028E+1,3.985231E+5
1.687500E+1,3.983536E+5
1.690972E+1,3.981842E+5
1.694444E+1,3.980147E+5
1.697917E+1,3.978453E+5
1.701389E+1,3.976758E+5
1.704861E+1,3.975064E+5
1.708333E+1,3.973369E+5
1.711806E+1,3.971675E+5
1.715278E+1,3.969980E+5
1.718750E+1,3.968286E+5
1.722222E+1,3.966591E+5
1.725694E+1,3.964897E+5
1.729167E+1,3.963202E+5
1.732639E+1,3.961508E+5
1.736111E+1,3.959813E+5
1.739583E+1,3.958119E+5
1.743056E+1,3.956424E+5
1.746528E+1,3.954730E+5
1.750000E+1,3.953035E+5
1.753472E+1,3.951341E+5
1.756944E+1,3.949646E+5
1.760417E+1,3.947952E+5
1.763889E+1,3.946257E+5
1.767361E+1,3.944563E+5
1.770833E+1,3.942868E+5
1.774306E+1,3.941174E+5
1.777778E+1,3.939479E+5
1.781250E+1,3.937785E+5
1.784722E+1,3.936090E+5
1.788194E+1,3.934396E+5
1.791667E+1,3.932701E+5
1.795139E+1,3.931007E+5
1.798611E+1,3.929312E+5
1.802083E+1,3.927618E+5
1.805556E+1,3.925923E+5
1.809028E+1,3.924229E+5
1.812500E+1,3.922534E+5
1.815972E+1,3.920840E+5
1.819444E+1,3.919145E+5
1.822917E+1,3.917451E+5
1.826389E+1,3.915756E+5
1.829861E+1,3.914062E+5
1.833333E+1,3.912367E+5
1.836806E+1,3.910672E+5
1.840278E+1,3.908978E+5
1.843750E+1,3.907284E+5
1.847222E+1,3.905589E+5
1.850694E+1,3.903895E+5
1.854167E+1,3.902200E+5
1.857639E+1,3.900506E+5
1.861111E+1,3.898811E+5
1.864583E+1,3.897117E+5
1.868056E+1,3.895422E+5
1.871528E+1,3.893727E+5
1.875000E+1,3.892033E+5
1.878472E+1,3.890339E+5
1.881944E+1,3.888644E+5
1.885417E+1,3.886949E+5
1.888889E+1,3.885255E+5
1.892361E+1,3.883561E+5
1.895833E+1,3.881866E+5
1.899306E+1,3.880171E+5
1.902778E+1,3.878477E+5
1.906250E+1,3.876782E+5
1.909722E+1,3.875088E+5
1.913194E+1,3.873394E+5
1.916667E+1,3.871699E+5
1.920139E+1,3.870004E+5
1.923611E+1,3.868310E+5
1.927083E+1,3.866616E+5
1.930556E+1,3.864921E+5
1.934028E+1,3.863226E+5
1.937500E+1,3.861532E+5
1.940972E+1,3.859837E+5
1.944444E+1,3.858143E+5
1.947917E+1,3.856448E+5
1.951389E+1,3.854754E+5
1.954861E+1,3.853059E+5
1.958333E+1,3.851365E+5
1.961806E+1,3.849670E+5
1.965278E+1,3.847976E+5
1.968750E+1,3.846281E+5
1.972222E+1,3.844587E+5
1.975694E+1,3.842892E+5
1.979167E+1,3.841198E+5
1.982639E+1,3.839503E+5
1.986111E+1,3.837809E+5
1.989583E+1,3.836114E+5
1.993056E+1,3.834420E+5
1.996528E+1,3.832725E+5
2.000000E+1,3.831031E+5
2.003472E+1,3.829336E+5
2.006944E+1,3.827642E+5
2.010417E+1,3.822841E+5
2.013889E+1,3.802115E+5
2.017361E+1,3.781389E+5
2.020833E+1,3.760662E+5
2.024306E+1,3.739935E+5
2.027778E+1,3.719209E+5
2.031250E+1,3.698483E+5
2.034722E+1,3.677756E+5
2.038194E+1,3.657030E+5
2.041667E+1,3.636303E+5
2.045139E+1,3.615577E+5
2.048611E+1,3.594850E+5
2.052083E+1,3.574124E+5
2.055556E+1,3.553397E+5
2.059028E+1,3.532671E+5
2.062500E+1,3.511944E+5
2.065972E+1,3.491218E+5
2.069444E+1,3.470492E+5
2.072917E+1,3.449765E+5
2.076389E+1,3.429038E+5
2.079861E+1,3.408312E+5
2.083333E+1,3.387586E+5
2.086806E+1,3.366859E+5
2.090278E+1,3.346132E+5
2.093750E+1,3.325406E+5
2.097222E+1,3.304680E+5
2.100694E+1,3.283953E+5
2.104167E+1,3.263226E+5
2.107639E+1,3.242500E+5
2.111111E+1,3.221774E+5
2.114583E+1,3.201047E+5
2.118056E+1,3.180320E+5
2.121528E+1,3.159594E+5
2.125000E+1,3.138868E+5
2.128472E+1,3.118141E+5
2.131944E+1,3.097415E+5
2.135417E+1,3.076688E+5
2.138889E+1,3.055962E+5
2.142361E+1,3.035235E+5
2.145833E+1,3.014509E+5
2.149306E+1,2.993782E+5
2.152778E+1,2.973056E+5
2.156250E+1,2.952329E+5
2.159722E+1,2.931603E+5
2.163194E+1,2.910877E+5
2.166667E+1,2.890150E+5
2.170139E+1,2.869423E+5
2.173611E+1,2.848697E+5
2.177083E+1,2.827971E+5
2.180556E+1,2.807244E+5
2.184028E+1,2.786517E+5
2.187500E+1,2.765791E+5
2.190972E+1,2.745065E+5
2.194444E+1,2.724338E+5
2.197917E+1,2.703611E+5
2.201389E+1,2.682885E+5
2.204861E+1,2.662159E+5
2.208333E+1,2.641432E+5
2.211806E+1,2.620705E+5
2.215278E+1,2.599979E+5
2.218750E+1,2.579253E+5
2.222222E+1,2.558526E+5
2.225694E+1,2.537800E+5
2.229167E+1,2.517073E+5
2.232639E+1,2.496347E+5
2.236111E+1,2.475620E+5
2.239583E+1,2.454894E+5
2.243056E+1,2.434167E+5
2.246528E+1,2.413441E+5
2.250000E+1,2.392714E+5
2.253472E+1,2.371988E+5
2.256944E+1,2.351262E+5
2.260417E+1,2.330535E+5
2.263889E+1,2.309808E+5
2.267361E+1,2.289082E+5
2.270833E+1,2.268356E+5
2.274306E+1,2.247629E+5
2.277778E+1,2.226902E+5
2.281250E+1,2.206176E+5
2.284722E+1,2.185450E+5
2.288194E+1,2.164723E+5
2.291667E+1,2.143996E+5
2.295139E+1,2.123270E+5
2.298611E+1,2.102544E+5
2.302083E+1,2.081817E+5
2.305556E+1,2.061090E+5
2.309028E+1,2.040364E+5
2.312500E+1,2.019638E+5
2.315972E+1,1.998911E+5
2.319444E+1,1.978185E+5
2.322917E+1,1.957458E+5
2.326389E+1,1.936732E+5
2.329861E+1,1.916005E+5
2.333333E+1,1.895279E+5
2.336806E+1,1.874552E+5
2.340278E+1,1.853826E+5
2.343750E+1,1.833099E+5
2.347222E+1,1.812373E+5
2.350694E+1,1.791647E+5
2.354167E+1,1.770920E+5
2.357639E+1,1.750193E+5
2.361111E+1,1.729467E+5
2.364583E+1,1.708741E+5
2.368056E+1,1.688014E+5
2.371528E+1,1.667287E+5
2.375000E+1,1.646561E+5
2.378472E+1,1.625835E+5
2.381944E+1,1.605108E+5
2.385417E+1,1.584381E+5
2.388889E+1,1.587132E+5
2.392361E+1,1.596835E+5
2.395833E+1,1.606538E+5
2.399306E+1,1.616242E+5
2.402778E+1,1.625945E+5
2.406250E+1,1.635648E+5
2.409722E+1,1.645351E+5
2.413194E+1,1.655054E+5
2.416667E+1,1.664758E+5
2.420139E+1,1.674461E+5
2.423611E+1,1.684164E+5
2.427083E+1,1.693867E+5
2.430556E+1,1.703570E+5
2.434028E+1,1.713274E+5
2.437500E+1,1.722977E+5
2.440972E+1,1.732680E+5
2.444444E+1,1.742383E+5
2.447917E+1,1.752086E+5
2.451389E+1,1.761789E+5
2.454861E+1,1.771492E+5
2.458333E+1,1.781196E+5
2.461806E+1,1.790899E+5
2.465278E+1,1.800602E+5
2.468750E+1,1.810305E+5
2.472222E+1,1.820008E+5
2.475694E+1,1.829711E+5
2.479167E+1,1.839415E+5
2.482639E+1,1.849118E+5
2.486111E+1,1.858821E+5
2.489583E+1,1.868524E+5
2.493056E+1,1.878228E+5
2.496528E+1,1.887931E+5
2.500000E+1,1.897634E+5
2.503472E+1,1.907337E+5
2.506944E+1,1.917040E+5
2.510417E+1,1.926743E+5
2.513889E+1,1.936446E+5
2.517361E+1,1.946150E+5
2.520833E+1,1.955853E+5
2.524306E+1,1.965556E+5
2.527778E+1,1.975259E+5
2.531250E+1,1.984962E+5
2.534722E+1,1.994665E+5
2.538194E+1,2.004369E+5
2.541667E+1,2.014072E+5
2.545139E+1,2.023775E+5
2.548611E+1,2.033478E+5
2.552083E+1,2.043181E+5
2.555556E+1,2.052885E+5
2.559028E+1,2.062588E+5
2.562500E+1,2.072291E+5
2.565972E+1,2.081994E+5
2.569444E+1,2.091697E+5
2.572917E+1,2.101401E+5
2.576389E+1,2.111104E+5
2.579861E+1,2.120807E+5
2.583333E+1,2.130510E+5
2.586806E+1,2.140213E+5
2.590278E+1,2.149916E+5
2.593750E+1,2.159619E+5
2.597222E+1,2.169323E+5
2.600694E+1,2.179026E+5
2.604167E+1,2.188729E+5
2.607639E+1,2.198432E+5
2.611111E+1,2.208135E+5
2.614583E+1,2.217838E+5
2.618056E+1,2.227542E+5
2.621528E+1,2.237245E+5
2.625000E+1,2.246948E+5
2.628472E+1,2.256651E+5
2.631944E+1,2.266354E+5
2.635417E+1,2.276058E+5
2.638889E+1,2.285761E+5
2.642361E+1,2.295464E+5
2.645833E+1,2.305167E+5
2.649306E+1,2.314870E+5
2.652778E+1,2.324573E+5
2.656250E+1,2.334277E+5
2.659722E+1,2.343980E+5
2.663194E+1,2.353683E+5
2.666667E+1,2.363386E+5
2.670139E+1,2.373089E+5
2.673611E+1,2.382792E+5
2.677083E+1,2.392496E+5
2.680556E+1,2.402199E+5
2.684028E+1,2.411902E+5
2.687500E+1,2.421605E+5
2.690972E+1,2.431308E+5
2.694444E+1,2.441011E+5
2.697917E+1,2.450715E+5
2.701389E+1,2.460418E+5
2.704861E+1,2.470121E+5
2.708333E+1,2.479824E+5
2.711806E+1,2.489528E+5
2.715278E+1,2.499231E+5
2.718750E+1,2.508934E+5
2.722222E+1,2.518637E+5
2.725694E+1,2.528340E+5
2.729167E+1,2.538043E+5
2.732639E+1,2.547746E+5
2.736111E+1,2.557450E+5
2.739583E+1,2.567153E+5
2.743056E+1,2.576856E+5
2.746528E+1,2.586559E+5
2.750000E+1,2.596262E+5
2.753472E+1,2.605965E+5
2.756944E+1,2.615669E+5
2.760417E+1,2.625372E+5
2.763889E+1,2.635075E+5
2.767361E+1,2.644778E+5
2.770833E+1,2.654481E+5
2.774306E+1,2.664185E+5
2.777778E+1,2.673888E+5
2.781250E+1,2.683591E+5
2.784722E+1,2.693294E+5
2.788194E+1,2.702997E+5
2.791667E+1,2.712700E+5
2.795139E+1,2.722404E+5
2.798611E+1,2.732107E+5
2.802083E+1,2.738814E+5
2.805556E+1,2.743525E+5
2.809028E+1,2.748236E+5
2.812500E+1,2.752947E+5
2.815972E+1,2.757657E+5
2.819444E+1,2.762368E+5
2.822917E+1,2.767079E+5
2.826389E+1,2.771790E+5
2.829861E+1,2.776501E+5
2.833333E+1,2.781211E+5
2.836806E+1,2.785922E+5
2.840278E+1,2.790633E+5
2.843750E+1,2.795344E+5
2.847222E+1,2.800054E+5
2.850694E+1,2.804765E+5
2.854167E+1,2.809476E+5
2.857639E+1,2.814187E+5
2.861111E+1,2.818897E+5
2.864583E+1,2.823608E+5
2.868056E+1,2.828319E+5
2.871528E+1,2.833030E+5
2.875000E+1,2.837740E+5
2.878472E+1,2.842451E+5
2.881944E+1,2.847162E+5
2.885417E+1,2.851873E+5
2.888889E+1,2.856584E+5
2.892361E+1,2.861294E+5
2.895833E+1,2.866005E+5
2.899306E+1,2.870716E+5
2.902778E+1,2.875427E+5
2.906250E+1,2.880137E+5
2.909722E+1,2.884848E+5
2.913194E+1,2.889559E+5
2.916667E+1,2.894270E+5
2.920139E+1,2.898980E+5
2.923611E+1,2.903691E+5
2.927083E+1,2.908402E+5
2.930556E+1,2.913113E+5
2.934028E+1,2.917823E+5
2.937500E+1,2.922534E+5
2.940972E+1,2.927245E+5
2.944444E+1,2.931956E+5
2.947917E+1,2.936667E+5
2.951389E+1,2.941377E+5
2.954861E+1,2.946088E+5
2.958333E+1,2.950799E+5
2.961806E+1,2.955510E+5
2.965278E+1,2.960220E+5
2.968750E+1,2.964931E+5
2.972222E+1,2.969642E+5
2.975694E+1,2.974352E+5
2.979167E+1,2.979063E+5
2.982639E+1,2.983774E+5
2.986111E+1,2.988485E+5
2.989583E+1,2.993196E+5
2.993056E+1,2.997906E+5
2.996528E+1,3.002617E+5
3.000000E+1,3.007328E+5
3.003472E+1,3.012039E+5
3.006944E+1,3.016749E+5
3.010417E+1,3.021460E+5
3.013889E+1,3.026171E+5
3.017361E+1,3.030882E+5
3.020833E+1,3.035592E+5
3.024306E+1,3.040303E+5
3.027778E+1,3.045014E+5
3.031250E+1,3.049725E+5
3.034722E+1,3.054435E+5
3.038194E+1,3.059146E+5
3.041667E+1,3.063857E+5
3.045139E+1,3.068568E+5
3.048611E+1,3.073279E+5
3.052083E+1,3.077989E+5
3.055556E+1,3.082700E+5
3.059028E+1,3.087411E+5
3.062500E+1,3.092122E+5
3.065972E+1,3.096832E+5
3.069444E+1,3.101543E+5
3.072917E+1,3.106254E+5
3.076389E+1,3.110965E+5
3.079861E+1,3.115675E+5
3.083333E+1,3.120386E+5
3.086806E+1,3.125097E+5
3.090278E+1,3.129808E+5
3.093750E+1,3.134518E+5
3.097222E+1,3.139229E+5
3.100694E+1,3.143940E+5
3.104167E+1,3.148651E+5
3.107639E+1,3.153362E+5
3.111111E+1,3.158072E+5
3.114583E+1,3.162783E+5
3.118056E+1,3.167494E+5
3.121528E+1,3.172205E+5
3.125000E+1,3.176915E+5
3.128472E+1,3.181626E+5
3.131944E+1,3.186337E+5
3.135417E+1,3.191048E+5
3.138889E+1,3.195758E+5
3.142361E+1,3.200469E+5
3.145833E+1,3.205180E+5
3.149306E+1,3.209891E+5
3.152778E+1,3.214601E+5
3.156250E+1,3.219312E+5
3.159722E+1,3.224023E+5
3.163194E+1,3.228734E+5
3.166667E+1,3.233445E+5
3.170139E+1,3.238155E+5
3.173611E+1,3.242866E+5
3.177083E+1,3.247577E+5
3.180556E+1,3.252288E+5
3.184028E+1,3.256998E+5
3.187500E+1,3.261709E+5
3.190972E+1,3.266420E+5
3.194444E+1,3.271130E+5
3.197917E+1,3.275841E+5
3.201389E+1,3.280552E+5
3.204861E+1,3.285263E+5
3.208333E+1,3.289974E+5
3.211806E+1,3.294684E+5
3.215278E+1,3.299395E+5
3.218750E+1,3.304106E+5
3.222222E+1,3.308817E+5
3.225694E+1,3.313527E+5
3.229167E+1,3.318238E+5
3.232639E+1,3.322949E+5
3.236111E+1,3.327660E+5
3.239583E+1,3.332370E+5
3.243056E+1,3.335711E+5
3.246528E+1,3.337582E+5
3.250000E+1,3.339454E+5
3.253472E+1,3.341325E+5
3.256944E+1,3.343196E+5
3.260417E+1,3.345068E+5
3.263889E+1,3.346939E+5
3.267361E+1,3.348810E+5
3.270833E+1,3.350682E+5
3.274306E+1,3.352553E+5
3.277778E+1,3.354424E+5
3.281250E+1,3.356295E+5
3.284722E+1,3.358167E+5
3.288194E+1,3.360038E+5
3.291667E+1,3.361909E+5
3.295139E+1,3.363781E+5
3.298611E+1,3.365652E+5
3.302083E+1,3.367523E+5
3.305556E+1,3.369395E+5
3.309028E+1,3.371266E+5
3.312500E+1,3.373137E+5
3.315972E+1,3.375009E+5
3.319444E+1,3.376880E+5
3.322917E+1,3.378751E+5
3.326389E+1,3.380623E+5
3.329861E+1,3.382494E+5
3.333333E+1,3.384365E+5
3.336806E+1,3.386237E+5
3.340278E+1,3.388108E+5
3.343750E+1,3.389979E+5
3.347222E+1,3.391850E+5
3.350694E+1,3.393722E+5
3.354167E+1,3.395593E+5
3.357639E+1,3.397464E+5
3.361111E+1,3.399336E+5
3.364583E+1,3.401207E+5
3.368056E+1,3.403078E+5
3.371528E+1,3.404950E+5
3.375000E+1,3.406821E+5
3.378472E+1,3.408692E+5
3.381944E+1,3.410564E+5
3.385417E+1,3.412435E+5
3.388889E+1,3.414306E+5
3.392361E+1,3.416178E+5
3.395833E+1,3.418049E+5
3.399306E+1,3.419920E+5
3.402778E+1,3.421792E+5
3.406250E+1,3.423663E+5
3.409722E+1,3.425534E+5
3.413194E+1,3.427405E+5
3.416667E+1,3.429277E+5
3.420139E+1,3.431148E+5
3.423611E+1,3.433019E+5
3.427083E+1,3.434891E+5
3.430556E+1,3.436762E+5
3.434028E+1,3.438633E+5
3.437500E+1,3.440505E+5
3.440972E+1,3.442376E+5
3.444444E+1,3.444247E+5
3.447917E+1,3.446119E+5
3.451389E+1,3.447990E+5
3.454861E+1,3.449861E+5
3.458333E+1,3.451733E+5
3.461806E+1,3.453604E+5
3.465278E+1,3.455475E+5
3.468750E+1,3.457347E+5
3.472222E+1,3.459218E+5
3.475694E+1,3.461089E+5
3.479167E+1,3.462961E+5
3.482639E+1,3.464832E+5
3.486111E+1,3.466703E+5
3.489583E+1,3.468574E+5
3.493056E+1,3.470446E+5
3.496528E+1,3.472317E+5
3.500000E+1,3.474188E+5
3.503472E+1,3.476060E+5
3.506944E+1,3.477931E+5
3.510417E+1,3.479802E+5
3.513889E+1,3.481674E+5
3.517361E+1,3.483545E+5
3.520833E+1,3.485416E+5
3.524306E+1,3.487288E+5
3.527778E+1,3.489159E+5
3.531250E+1,3.491030E+5
3.534722E+1,3.492902E+5
3.538194E+1,3.494773E+5
3.541667E+1,3.496644E+5
3.545139E+1,3.498516E+5
3.548611E+1,3.500387E+5
3.552083E+1,3.502258E+5
3.555556E+1,3.504129E+5
3.559028E+1,3.506001E+5
3.562500E+1,3.507872E+5
3.565972E+1,3.509743E+5
3.569444E+1,3.511615E+5
3.572917E+1,3.513486E+5
3.576389E+1,3.515357E+5
3.579861E+1,3.517229E+5
3.583333E+1,3.519100E+5
3.586806E+1,3.520971E+5
3.590278E+1,3.522843E+5
3.593750E+1,3.524714E+5
3.597222E+1,3.526585E+5
3.600694E+1,3.528457E+5
3.604167E+1,3.530328E+5
3.607639E+1,3.532199E+5
3.611111E+1,3.534071E+5
3.614583E+1,3.535942E+5
3.618056E+1,3.537813E+5
3.621528E+1,3.539684E+5
3.625000E+1,3.541556E+5
3.628472E+1,3.543427E+5
3.631944E+1,3.545298E+5
3.635417E+1,3.547170E+5
3.638889E+1,3.549041E+5
3.642361E+1,3.550912E+5
3.645833E+1,3.552784E+5
3.649306E+1,3.554655E+5
3.652778E+1,3.556526E+5
3.656250E+1,3.558398E+5
3.659722E+1,3.560269E+5
3.663194E+1,3.562140E+5
3.666667E+1,3.564012E+5
3.670139E+1,3.565883E+5
3.673611E+1,3.567754E+5
3.677083E+1,3.569626E+5
3.680556E+1,3.571497E+5
3.684028E+1,3.573368E+5
3.687500E+1,3.575239E+5
3.690972E+1,3.577111E+5
3.694444E+1,3.578982E+5
3.697917E+1,3.580853E+5
3.701389E+1,3.582566E+5
3.704861E+1,3.582122E+5
3.708333E+1,3.581679E+5
3.711806E+1,3.581236E+5
3.715278E+1,3.580793E+5
3.718750E+1,3.580350E+5
3.722222E+1,3.579907E+5
3.725694E+1,3.579464E+5
3.729167E+1,3.579021E+5
3.732639E+1,3.578578E+5
3.736111E+1,3.578135E+5
3.739583E+1,3.577692E+5
3.743056E+1,3.577249E+5
3.746528E+1,3.576806E+5
3.750000E+1,3.576363E+5
3.753472E+1,3.575920E+5
3.756944E+1,3.575477E+5
3.760417E+1,3.575034E+5
3.763889E+1,3.574591E+5
3.767361E+1,3.574148E+5
3.770833E+1,3.573705E+5
3.774306E+1,3.573262E+5
3.777778E+1,3.572819E+5
3.781250E+1,3.572376E+5
3.784722E+1,3.571933E+5
3.788194E+1,3.571490E+5
3.791667E+1,3.571047E+5
3.795139E+1,3.570604E+5
3.798611E+1,3.570161E+5
3.802083E+1,3.569718E+5
3.805556E+1,3.569275E+5
3.809028E+1,3.568832E+5
3.812500E+1,3.568389E+5
3.815972E+1,3.567946E+5
3.819444E+1,3.567503E+5
3.822917E+1,3.567060E+5
3.826389E+1,3.566617E+5
3.829861E+1,3.566174E+5
3.833333E+1,3.565731E+5
3.836806E+1,3.565288E+5
3.840278E+1,3.564845E+5
3.843750E+1,3.564402E+5
3.847222E+1,3.563959E+5
3.850694E+1,3.563516E+5
3.854167E+1,3.563073E+5
3.857639E+1,3.562630E+5
3.861111E+1,3.562187E+5
3.864583E+1,3.561744E+5
3.868056E+1,3.561300E+5
3.871528E+1,3.560857E+5
3.875000E+1,3.560414E+5
3.878472E+1,3.559971E+5
3.881944E+1,3.559528E+5
3.885417E+1,3.559085E+5
3.888889E+1,3.558642E+5
3.892361E+1,3.558199E+5
3.895833E+1,3.557756E+5
3.899306E+1,3.557313E+5
3.902778E+1,3.556870E+5
3.906250E+1,3.556427E+5
3.909722E+1,3.555984E+5
3.913194E+1,3.555541E+5
3.916667E+1,3.555098E+5
3.920139E+1,3.554655E+5
3.923611E+1,3.554212E+5
3.927083E+1,3.553769E+5
3.930556E+1,3.553326E+5
3.934028E+1,3.552883E+5
3.937500E+1,3.552440E+5
3.940972E+1,3.551997E+5
3.944444E+1,3.551554E+5
3.947917E+1,3.551111E+5
3.951389E+1,3.550668E+5
3.954861E+1,3.550225E+5
3.958333E+1,3.549782E+5
3.961806E+1,3.549339E+5
3.965278E+1,3.548896E+5
3.968750E+1,3.548453E+5
3.972222E+1,3.548010E+5
3.975694E+1,3.547567E+5
3.979167E+1,3.547124E+5
3.982639E+1,3.546681E+5
3.986111E+1,3.546238E+5
3.989583E+1,3.545795E+5
3.993056E+1,3.545352E+5
3.996528E+1,3.544909E+5
4.000000E+1,3.544466E+5
4.003472E+1,3.544023E+5
4.006944E+1,3.543580E+5
4.010417E+1,3.543137E+5
4.013889E+1,3.542694E+5
4.017361E+1,3.542251E+5
4.020833E+1,3.541808E+5
4.024306E+1,3.541365E+5
4.027778E+1,3.540921E+5
4.031250E+1,3.540478E+5
4.034722E+1,3.540035E+5
4.038194E+1,3.539592E+5
4.041667E+1,3.539149E+5
4.045139E+1,3.538706E+5
4.048611E+1,3.538263E+5
4.052083E+1,3.537820E+5
4.055556E+1,3.537377E+5
4.059028E+1,3.536934E+5
4.062500E+1,3.536491E+5
4.065972E+1,3.536048E+5
4.069444E+1,3.535605E+5
4.072917E+1,3.535162E+5
4.076389E+1,3.534719E+5
4.079861E+1,3.534276E+5
4.083333E+1,3.533833E+5
4.086806E+1,3.533390E+5
4.090278E+1,3.532947E+5
4.093750E+1,3.532504E+5
4.097222E+1,3.532061E+5
4.100694E+1,3.531618E+5
4.104167E+1,3.531175E+5
4.107639E+1,3.531839E+5
4.111111E+1,3.533430E+5
4.114583E+1,3.535021E+5
4.118056E+1,3.536612E+5
4.121528E+1,3.538204E+5
4.125000E+1,3.539795E+5
4.128472E+1,3.541386E+5
4.131944E+1,3.542978E+5
4.135417E+1,3.544569E+5
4.138889E+1,3.546160E+5
4.142361E+1,3.547751E+5
4.145833E+1,3.549343E+5
4.149306E+1,3.550934E+5
4.152778E+1,3.552525E+5
4.156250E+1,3.554116E+5
4.159722E+1,3.555708E+5
4.163194E+1,3.557299E+5
4.166667E+1,3.558890E+5
4.170139E+1,3.560482E+5
4.173611E+1,3.562073E+5
4.177083E+1,3.563664E+5
4.180556E+1,3.565255E+5
4.184028E+1,3.566847E+5
4.187500E+1,3.568438E+5
4.190972E+1,3.570029E+5
4.194444E+1,3.571620E+5
4.197917E+1,3.573212E+5
4.201389E+1,3.574803E+5
4.204861E+1,3.576394E+5
4.208333E+1,3.577986E+5
4.211806E+1,3.579577E+5
4.215278E+1,3.581168E+5
4.218750E+1,3.582759E+5
4.222222E+1,3.584351E+5
4.225694E+1,3.585942E+5
4.229167E+1,3.587533E+5
4.232639E+1,3.589124E+5
4.236111E+1,3.590716E+5
4.239583E+1,3.592307E+5
4.243056E+1,3.593898E+5
4.246528E+1,3.595490E+5
4.250000E+1,3.597081E+5
4.253472E+1,3.598672E+5
4.256944E+1,3.600263E+5
4.260417E+1,3.601855E+5
4.263889E+1,3.603446E+5
4.267361E+1,3.605037E+5
4.270833E+1,3.606628E+5
4.274306E+1,3.608220E+5
4.277778E+1,3.609811E+5
4.281250E+1,3.611402E+5
4.284722E+1,3.612993E+5
4.288194E+1,3.614585E+5
4.291667E+1,3.616176E+5
4.295139E+1,3.617767E+5
4.298611E+1,3.619359E+5
4.302083E+1,3.620950E+5
4.305556E+1,3.622541E+5
4.309028E+1,3.624132E+5
4.312500E+1,3.625724E+5
4.315972E+1,3.627315E+5
4.319444E+1,3.628906E+5
4.322917E+1,3.630497E+5
4.326389E+1,3.632089E+5
4.329861E+1,3.633680E+5
4.333333E+1,3.635271E+5
4.336806E+1,3.636863E+5
4.340278E+1,3.638454E+5
4.343750E+1,3.640045E+5
4.347222E+1,3.641636E+5
4.350694E+1,3.643228E+5
4.354167E+1,3.644819E+5
4.357639E+1,3.646410E+5
4.361111E+1,3.648001E+5
4.364583E+1,3.649593E+5
4.368056E+1,3.651184E+5
4.371528E+1,3.652775E+5
4.375000E+1,3.654367E+5
4.378472E+1,3.655958E+5
4.381944E+1,3.657549E+5
4.385417E+1,3.659140E+5
4.388889E+1,3.660732E+5
4.392361E+1,3.662323E+5
4.395833E+1,3.663914E+5
4.399306E+1,3.665505E+5
4.402778E+1,3.667097E+5
4.406250E+1,3.668688E+5
4.409722E+1,3.670279E+5
4.413194E+1,3.671871E+5
4.416667E+1,3.673462E+5
4.420139E+1,3.675053E+5
4.423611E+1,3.676644E+5
4.427083E+1,3.678236E+5
4.430556E+1,3.679827E+5
4.434028E+1,3.681418E+5
4.437500E+1,3.683009E+5
4.440972E+1,3.684601E+5
4.444444E+1,3.686192E+5
4.447917E+1,3.687783E+5
4.451389E+1,3.689375E+5
4.454861E+1,3.690966E+5
4.458333E+1,3.692557E+5
4.461806E+1,3.694148E+5
4.465278E+1,3.695740E+5
4.468750E+1,3.697331E+5
4.472222E+1,3.698922E+5
4.475694E+1,3.700513E+5
4.479167E+1,3.702105E+5
4.482639E+1,3.703696E+5
4.486111E+1,3.705287E+5
4.489583E+1,3.706878E+5
4.493056E+1,3.708470E+5
4.496528E+1,3.710061E+5
4.500000E+1,3.711652E+5
4.503472E+1,3.713244E+5
4.506944E+1,3.714835E+5
4.510417E+1,3.716426E+5
4.513889E+1,3.718017E+5
4.517361E+1,3.719609E+5
4.520833E+1,3.721200E+5
4.524306E+1,3.722791E+5
4.527778E+1,3.724383E+5
4.531250E+1,3.725974E+5
4.534722E+1,3.727565E+5
4.538194E+1,3.729156E+5
4.541667E+1,3.730748E+5
4.545139E+1,3.732339E+5
4.548611E+1,3.733930E+5
4.552083E+1,3.735521E+5
4.555556E+1,3.737113E+5
4.559028E+1,3.734746E+5
4.562500E+1,3.731262E+5
4.565972E+1,3.727779E+5
4.569444E+1,3.724295E+5
4.572917E+1,3.720811E+5
4.576389E+1,3.717327E+5
4.579861E+1,3.713844E+5
4.583333E+1,3.710360E+5
4.586806E+1,3.706876E+5
4.590278E+1,3.703392E+5
4.593750E+1,3.699908E+5
4.597222E+1,3.696425E+5
4.600694E+1,3.692941E+5
4.604167E+1,3.689457E+5
4.607639E+1,3.685973E+5
4.611111E+1,3.682490E+5
4.614583E+1,3.679006E+5
4.618056E+1,3.675522E+5
4.621528E+1,3.672038E+5
4.625000E+1,3.668554E+5
4.628472E+1,3.665071E+5
4.631944E+1,3.661587E+5
4.635417E+1,3.658103E+5
4.638889E+1,3.654619E+5
4.642361E+1,3.651136E+5
4.645833E+1,3.647652E+5
4.649306E+1,3.644168E+5
4.652778E+1,3.640684E+5
4.656250E+1,3.637201E+5
4.659722E+1,3.633717E+5
4.663194E+1,3.630233E+5
4.666667E+1,3.626749E+5
4.670139E+1,3.623265E+5
4.673611E+1,3.619782E+5
4.677083E+1,3.616298E+5
4.680556E+1,3.612814E+5
4.684028E+1,3.609330E+5
4.687500E+1,3.605847E+5
4.690972E+1,3.602363E+5
4.694444E+1,3.598879E+5
4.697917E+1,3.595395E+5
4.701389E+1,3.591911E+5
4.704861E+1,3.588428E+5
4.708333E+1,3.584944E+5
4.711806E+1,3.581460E+5
4.715278E+1,3.577976E+5
4.718750E+1,3.574493E+5
4.722222E+1,3.571009E+5
4.725694E+1,3.567525E+5
4.729167E+1,3.564041E+5
4.732639E+1,3.560557E+5
4.736111E+1,3.557074E+5
4.739583E+1,3.553590E+5
4.743056E+1,3.550106E+5
4.746528E+1,3.546622E+5
4.750000E+1,3.543139E+5
4.753472E+1,3.539655E+5
4.756944E+1,3.536171E+5
4.760417E+1,3.532687E+5
4.763889E+1,3.529203E+5
4.767361E+1,3.525720E+5
4.770833E+1,3.522236E+5
4.774306E+1,3.518752E+5
4.777778E+1,3.515268E+5
4.781250E+1,3.511785E+5
4.784722E+1,3.508301E+5
4.788194E+1,3.504817E+5
4.791667E+1,3.501333E+5
4.795139E+1,3.497849E+5
4.798611E+1,3.494366E+5
4.802083E+1,3.490882E+5
4.805556E+1,3.487398E+5
4.809028E+1,3.483914E+5
4.812500E+1,3.480431E+5
4.815972E+1,3.476947E+5
4.819444E+1,3.473463E+5
4.822917E+1,3.469979E+5
4.826389E+1,3.466496E+5
4.829861E+1,3.463012E+5
4.833333E+1,3.459528E+5
4.836806E+1,3.456044E+5
4.840278E+1,3.452560E+5
4.843750E+1,3.449077E+5
4.847222E+1,3.445593E+5
4.850694E+1,3.442109E+5
4.854167E+1,3.438625E+5
4.857639E+1,3.435142E+5
4.861111E+1,3.431658E+5
4.864583E+1,3.428174E+5
4.868056E+1,3.424690E+5
4.871528E+1,3.421206E+5
4.875000E+1,3.417723E+5
4.878472E+1,3.414239E+5
4.881944E+1,3.410755E+5
4.885417E+1,3.407271E+5
4.888889E+1,3.403788E+5
4.892361E+1,3.400304E+5
4.895833E+1,3.396820E+5
4.899306E+1,3.393336E+5
4.902778E+1,3.389852E+5
4.906250E+1,3.386369E+5
4.909722E+1,3.382885E+5
4.913194E+1,3.379401E+5
4.916667E+1,3.375917E+5
4.920139E+1,3.372434E+5
4.923611E+1,3.368950E+5
4.927083E+1,3.365466E+5
4.930556E+1,3.361982E+5
4.934028E+1,3.358498E+5
4.937500E+1,3.355015E+5
4.940972E+1,3.351531E+5
4.944444E+1,3.348047E+5
4.947917E+1,3.344563E+5
4.951389E+1,3.341080E+5
4.954861E+1,3.337596E+5
4.958333E+1,3.334112E+5
4.961806E+1,3.330628E+5
4.965278E+1,3.327144E+5
4.968750E+1,3.323661E+5
4.972222E+1,3.320177E+5
4.975694E+1,3.316693E+5
4.979167E+1,3.313209E+5
4.982639E+1,3.309726E+5
4.986111E+1,3.306242E+5
4.989583E+1,3.305141E+5
4.993056E+1,3.309364E+5
4.996528E+1,3.313587E+5
5.000000E+1,3.317811E+5
5.003472E+1,3.322034E+5
5.006944E+1,3.326258E+5
5.010417E+1,3.330481E+5
5.013889E+1,3.334705E+5
5.017361E+1,3.338928E+5
5.020833E+1,3.343151E+5
5.024306E+1,3.347375E+5
5.027778E+1,3.351598E+5
5.031250E+1,3.355822E+5
5.034722E+1,3.360045E+5
5.038194E+1,3.364269E+5
5.041667E+1,3.368492E+5
5.045139E+1,3.372716E+5
5.048611E+1,3.376939E+5
5.052083E+1,3.381162E+5
5.055556E+1,3.385386E+5
5.059028E+1,3.389609E+5
5.062500E+1,3.393833E+5
5.065972E+1,3.398056E+5
5.069444E+1,3.402280E+5
5.072917E+1,3.406503E+5
5.076389E+1,3.410727E+5
5.079861E+1,3.414950E+5
5.083333E+1,3.419173E+5
5.086806E+1,3.423397E+5
5.090278E+1,3.427620E+5
5.093750E+1,3.431844E+5
5.097222E+1,3.436067E+5
5.100694E+1,3.440291E+5
5.104167E+1,3.444514E+5
5.107639E+1,3.448738E+5
5.111111E+1,3.452961E+5
5.114583E+1,3.457184E+5
5.118056E+1,3.461408E+5
5.121528E+1,3.465631E+5
5.125000E+1,3.469855E+5
5.128472E+1,3.474078E+5
5.131944E+1,3.478302E+5
5.135417E+1,3.482525E+5
5.138889E+1,3.486749E+5
5.142361E+1,3.490972E+5
5.145833E+1,3.495195E+5
5.149306E+1,3.499419E+5
5.152778E+1,3.503642E+5
5.156250E+1,3.507866E+5
5.159722E+1,3.512089E+5
5.163194E+1,3.516313E+5
5.166667E+1,3.520536E+5
5.170139E+1,3.524759E+5
5.173611E+1,3.528983E+5
5.177083E+1,3.533206E+5
5.180556E+1,3.537430E+5
5.184028E+1,3.541653E+5
5.187500E+1,3.545877E+5
5.190972E+1,3.550100E+5
5.194444E+1,3.554324E+5
5.197917E+1,3.558547E+5
5.201389E+1,3.562770E+5
5.204861E+1,3.566994E+5
5.208333E+1,3.571217E+5
5.211806E+1,3.575441E+5
5.215278E+1,3.579664E+5
5.218750E+1,3.583888E+5
5.222222E+1,3.588111E+5
5.225694E+1,3.592334E+5
5.229167E+1,3.596558E+5
5.232639E+1,3.600781E+5
5.236111E+1,3.605005E+5
5.239583E+1,3.609228E+5
5.243056E+1,3.613452E+5
5.246528E+1,3.617675E+5
5.250000E+1,3.621899E+5
5.253472E+1,3.626122E+5
5.256944E+1,3.630345E+5
5.260417E+1,3.634569E+5
5.263889E+1,3.638792E+5
5.267361E+1,3.643016E+5
5.270833E+1,3.647239E+5
5.274306E+1,3.651463E+5
5.277778E+1,3.655686E+5
5.281250E+1,3.659910E+5
5.284722E+1,3.664133E+5
5.288194E+1,3.668356E+5
5.291667E+1,3.672580E+5
5.295139E+1,3.676803E+5
5.298611E+1,3.681027E+5
5.302083E+1,3.685250E+5
5.305556E+1,3.689474E+5
5.309028E+1,3.693697E+5
5.312500E+1,3.697921E+5
5.315972E+1,3.702144E+5
5.319444E+1,3.706367E+5
5.322917E+1,3.710591E+5
5.326389E+1,3.714814E+5
5.329861E+1,3.719038E+5
5.333333E+1,3.723261E+5
5.336806E+1,3.727485E+5
5.340278E+1,3.731708E+5
5.343750E+1,3.735932E+5
5.347222E+1,3.740155E+5
5.350694E+1,3.744378E+5
5.354167E+1,3.748602E+5
5.357639E+1,3.752825E+5
5.361111E+1,3.757049E+5
5.364583E+1,3.761272E+5
5.368056E+1,3.765496E+5
5.371528E+1,3.769719E+5
5.375000E+1,3.773942E+5
5.378472E+1,3.778166E+5
5.381944E+1,3.782389E+5
5.385417E+1,3.786613E+5
5.388889E+1,3.790836E+5
5.392361E+1,3.795060E+5
5.395833E+1,3.799283E+5
5.399306E+1,3.803507E+5
5.402778E+1,3.807730E+5
5.406250E+1,3.811953E+5
5.409722E+1,3.816177E+5
5.413194E+1,3.820400E+5
5.416667E+1,3.824624E+5
5.420139E+1,3.828847E+5
5.423611E+1,3.833071E+5
5.427083E+1,3.837294E+5
5.430556E+1,3.842463E+5
5.434028E+1,3.851616E+5
5.437500E+1,3.860769E+5
5.440972E+1,3.869922E+5
5.444444E+1,3.879076E+5
5.447917E+1,3.888229E+5
5.451389E+1,3.897383E+5
5.454861E+1,3.906536E+5
5.458333E+1,3.915689E+5
5.461806E+1,3.924843E+5
5.465278E+1,3.933996E+5
5.468750E+1,3.943149E+5
5.472222E+1,3.952303E+5
5.475694E+1,3.961456E+5
5.479167E+1,3.970609E+5
5.482639E+1,3.979763E+5
5.486111E+1,3.988916E+5
5.489583E+1,3.998069E+5
5.493056E+1,4.007223E+5
5.496528E+1,4.016376E+5
5.500000E+1,4.025529E+5
5.503472E+1,4.034683E+5
5.506944E+1,4.043836E+5
5.510417E+1,4.052989E+5
5.513889E+1,4.062143E+5
5.517361E+1,4.071296E+5
5.520833E+1,4.080449E+5
5.524306E+1,4.089603E+5
5.527778E+1,4.098756E+5
5.531250E+1,4.107909E+5
5.534722E+1,4.117063E+5
5.538194E+1,4.126216E+5
5.541667E+1,4.135370E+5
5.545139E+1,4.144523E+5
5.548611E+1,4.153676E+5
5.552083E+1,4.162829E+5
5.555556E+1,4.171983E+5
5.559028E+1,4.181136E+5
5.562500E+1,4.190290E+5
5.565972E+1,4.199443E+5
5.569444E+1,4.208596E+5
5.572917E+1,4.217750E+5
5.576389E+1,4.226903E+5
5.579861E+1,4.236056E+5
5.583333E+1,4.245209E+5
5.586806E+1,4.254363E+5
5.590278E+1,4.263516E+5
5.593750E+1,4.272670E+5
5.597222E+1,4.281823E+5
5.600694E+1,4.290976E+5
5.604167E+1,4.300130E+5
5.607639E+1,4.309283E+5
5.611111E+1,4.318436E+5
5.614583E+1,4.327590E+5
5.618056E+1,4.336743E+5
5.621528E+1,4.345896E+5
5.625000E+1,4.355050E+5
5.628472E+1,4.364203E+5
5.631944E+1,4.373356E+5
5.635417E+1,4.382510E+5
5.638889E+1,4.391663E+5
5.642361E+1,4.400816E+5
5.645833E+1,4.409970E+5
5.649306E+1,4.419123E+5
5.652778E+1,4.428276E+5
5.656250E+1,4.437430E+5
5.659722E+1,4.446583E+5
5.663194E+1,4.455736E+5
5.666667E+1,4.464890E+5
5.670139E+1,4.474043E+5
5.673611E+1,4.483196E+5
5.677083E+1,4.492350E+5
5.680556E+1,4.501503E+5
5.684028E+1,4.510657E+5
5.687500E+1,4.519810E+5
5.690972E+1,4.528963E+5
5.694444E+1,4.538116E+5
5.697917E+1,4.547270E+5
5.701389E+1,4.556423E+5
5.704861E+1,4.565576E+5
5.708333E+1,4.574730E+5
5.711806E+1,4.583883E+5
5.715278E+1,4.593037E+5
5.718750E+1,4.602190E+5
5.722222E+1,4.611343E+5
5.725694E+1,4.620496E+5
5.729167E+1,4.629650E+5
5.732639E+1,4.638803E+5
5.736111E+1,4.647957E+5
5.739583E+1,4.657110E+5
5.743056E+1,4.666263E+5
5.746528E+1,4.675417E+5
5.750000E+1,4.684570E+5
5.753472E+1,4.693723E+5
5.756944E+1,4.702877E+5
5.760417E+1,4.712030E+5
5.763889E+1,4.721183E+5
5.767361E+1,4.730337E+5
5.770833E+1,4.739490E+5
5.774306E+1,4.748643E+5
5.777778E+1,4.757797E+5
5.781250E+1,4.766950E+5
5.784722E+1,4.776103E+5
5.788194E+1,4.785257E+5
5.791667E+1,4.794410E+5
5.795139E+1,4.803563E+5
5.798611E+1,4.812717E+5
5.802083E+1,4.821870E+5
5.805556E+1,4.831024E+5
5.809028E+1,4.840177E+5
5.812500E+1,4.849330E+5
5.815972E+1,4.858483E+5
5.819444E+1,4.867637E+5
5.822917E+1,4.876790E+5
5.826389E+1,4.885944E+5
5.829861E+1,4.895097E+5
5.833333E+1,4.904250E+5
5.836806E+1,4.913404E+5
5.840278E+1,4.922557E+5
5.843750E+1,4.931710E+5
5.847222E+1,4.940863E+5
5.850694E+1,4.950017E+5
5.854167E+1,4.959452E+5
5.857639E+1,4.969361E+5
5.861111E+1,4.979270E+5
5.864583E+1,4.989179E+5
5.868056E+1,4.999088E+5
5.871528E+1,5.008997E+5
5.875000E+1,5.018905E+5
5.878472E+1,5.028814E+5
5.881944E+1,5.038723E+5
5.885417E+1,5.048632E+5
5.888889E+1,5.058541E+5
5.892361E+1,5.068450E+5
5.895833E+1,5.078358E+5
5.899306E+1,5.088267E+5
5.902778E+1,5.098176E+5
5.906250E+1,5.108085E+5
5.909722E+1,5.117994E+5
5.913194E+1,5.127903E+5
5.916667E+1,5.137812E+5
5.920139E+1,5.147720E+5
5.923611E+1,5.157629E+5
5.927083E+1,5.167538E+5
5.930556E+1,5.177447E+5
5.934028E+1,5.187356E+5
5.937500E+1,5.197265E+5
5.940972E+1,5.207173E+5
5.944444E+1,5.217082E+5
5.947917E+1,5.226991E+5
5.951389E+1,5.236900E+5
5.954861E+1,5.246809E+5
5.958333E+1,5.256718E+5
5.961806E+1,5.266627E+5
5.965278E+1,5.276535E+5
5.968750E+1,5.286444E+5
5.972222E+1,5.296353E+5
5.975694E+1,5.306262E+5
5.979167E+1,5.316171E+5
5.982639E+1,5.326080E+5
5.986111E+1,5.335988E+5
5.989583E+1,5.345897E+5
5.993056E+1,5.355806E+5
5.996528E+1,5.365715E+5
6.000000E+1,5.375624E+5
6.003472E+1,5.385533E+5
6.006944E+1,5.395441E+5
6.010417E+1,5.405350E+5
6.013889E+1,5.415259E+5
6.017361E+1,5.425168E+5
6.020833E+1,5.435077E+5
6.024306E+1,5.444986E+5
6.027778E+1,5.454895E+5
6.031250E+1,5.464803E+5
6.034722E+1,5.474712E+5
6.038194E+1,5.484621E+5
6.041667E+1,5.494530E+5
6.045139E+1,5.504439E+5
6.048611E+1,5.514348E+5
6.052083E+1,5.524256E+5
6.055556E+1,5.534165E+5
6.059028E+1,5.544074E+5
6.062500E+1,5.553983E+5
6.065972E+1,5.563892E+5
6.069444E+1,5.573801E+5
6.072917E+1,5.583710E+5
6.076389E+1,5.593618E+5
6.079861E+1,5.603527E+5
6.083333E+1,5.613436E+5
6.086806E+1,5.623345E+5
6.090278E+1,5.633254E+5
6.093750E+1,5.643163E+5
6.097222E+1,5.653071E+5
6.100694E+1,5.662980E+5
6.104167E+1,5.672889E+5
6.107639E+1,5.682798E+5
6.111111E+1,5.692707E+5
6.114583E+1,5.702616E+5
6.118056E+1,5.712525E+5
6.121528E+1,5.722433E+5
6.125000E+1,5.732342E+5
6.128472E+1,5.742251E+5
6.131944E+1,5.752160E+5
6.135417E+1,5.762069E+5
6.138889E+1,5.771978E+5
6.142361E+1,5.781886E+5
6.145833E+1,5.791795E+5
6.149306E+1,5.801704E+5
6.152778E+1,5.811613E+5
6.156250E+1,5.821522E+5
6.159722E+1,5.831431E+5
6.163194E+1,5.841339E+5
6.166667E+1,5.851248E+5
6.170139E+1,5.861157E+5
6.173611E+1,5.871066E+5
6.177083E+1,5.880975E+5
6.180556E+1,5.890884E+5
6.184028E+1,5.900793E+5
6.187500E+1,5.910701E+5
6.190972E+1,5.920610E+5
6.194444E+1,5.930519E+5
6.197917E+1,5.940428E+5
6.201389E+1,5.950337E+5
6.204861E+1,5.960246E+5
6.208333E+1,5.970154E+5
6.211806E+1,5.980064E+5
6.215278E+1,5.989972E+5
6.218750E+1,5.999881E+5
6.222222E+1,6.009790E+5
6.225694E+1,6.019699E+5
6.229167E+1,6.029608E+5
6.232639E+1,6.039516E+5
6.236111E+1,6.049425E+5
6.239583E+1,6.059334E+5
6.243056E+1,6.069243E+5
6.246528E+1,6.079152E+5
6.250000E+1,6.089061E+5
6.253472E+1,6.098969E+5
6.256944E+1,6.108878E+5
6.260417E+1,6.118787E+5
6.263889E+1,6.128696E+5
6.267361E+1,6.138605E+5
6.270833E+1,6.148514E+5
6.274306E+1,6.158423E+5
6.277778E+1,6.168332E+5
6.281250E+1,6.178240E+5
6.284722E+1,6.188149E+5
6.288194E+1,6.198058E+5
6.291667E+1,6.207967E+5
6.295139E+1,6.214319E+5
6.298611E+1,6.210334E+5
6.302083E+1,6.206349E+5
6.305556E+1,6.202363E+5
6.309028E+1,6.198378E+5
6.312500E+1,6.194393E+5
6.315972E+1,6.190408E+5
6.319444E+1,6.186423E+5
6.322917E+1,6.182438E+5
6.326389E+1,6.178453E+5
6.329861E+1,6.174467E+5
6.333333E+1,6.170482E+5
6.336806E+1,6.166497E+5
6.340278E+1,6.162512E+5
6.343750E+1,6.158527E+5
6.347222E+1,6.154542E+5
6.350694E+1,6.150557E+5
6.354167E+1,6.146571E+5
6.357639E+1,6.142586E+5
6.361111E+1,6.138601E+5
6.364583E+1,6.134616E+5
6.368056E+1,6.130631E+5
6.371528E+1,6.126646E+5
6.375000E+1,6.122661E+5
6.378472E+1,6.118676E+5
6.381944E+1,6.114690E+5
6.385417E+1,6.110705E+5
6.388889E+1,6.106720E+5
6.392361E+1,6.102735E+5
6.395833E+1,6.098750E+5
6.399306E+1,6.094765E+5
6.402778E+1,6.090780E+5
6.406250E+1,6.086795E+5
6.409722E+1,6.082809E+5
6.413194E+1,6.078824E+5
6.416667E+1,6.074839E+5
6.420139E+1,6.070854E+5
6.423611E+1,6.066869E+5
6.427083E+1,6.062884E+5
6.430556E+1,6.058899E+5
6.434028E+1,6.054913E+5
6.437500E+1,6.050928E+5
6.440972E+1,6.046943E+5
6.444444E+1,6.042958E+5
6.447917E+1,6.038973E+5
6.451389E+1,6.034988E+5
6.454861E+1,6.031003E+5
6.458333E+1,6.027018E+5
6.461806E+1,6.023032E+5
6.465278E+1,6.019047E+5
6.468750E+1,6.015062E+5
6.472222E+1,6.011077E+5
6.475694E+1,6.007092E+5
6.479167E+1,6.003107E+5
6.482639E+1,5.999122E+5
6.486111E+1,5.995136E+5
6.489583E+1,5.991151E+5
6.493056E+1,5.987166E+5
6.496528E+1,5.983181E+5
6.500000E+1,5.979196E+5
6.503472E+1,5.975211E+5
6.506944E+1,5.971226E+5
6.510417E+1,5.967240E+5
6.513889E+1,5.963255E+5
6.517361E+1,5.959270E+5
6.520833E+1,5.955285E+5
6.524306E+1,5.951300E+5
6.527778E+1,5.947315E+5
6.531250E+1,5.943330E+5
6.534722E+1,5.939345E+5
6.538194E+1,5.935359E+5
6.541667E+1,5.931374E+5
6.545139E+1,5.927389E+5
6.548611E+1,5.923404E+5
6.552083E+1,5.919419E+5
6.555556E+1,5.915434E+5
6.559028E+1,5.911449E+5
6.562500E+1,5.907463E+5
6.565972E+1,5.903478E+5
6.569444E+1,5.899493E+5
6.572917E+1,5.895508E+5
6.576389E+1,5.891523E+5
6.579861E+1,5.887538E+5
6.583333E+1,5.883553E+5
6.586806E+1,5.879567E+5
6.590278E+1,5.875582E+5
6.593750E+1,5.871597E+5
6.597222E+1,5.867612E+5
6.600694E+1,5.863627E+5
6.604167E+1,5.859642E+5
6.607639E+1,5.855657E+5
6.611111E+1,5.851672E+5
6.614583E+1,5.847686E+5
6.618056E+1,5.843701E+5
6.621528E+1,5.839716E+5
6.625000E+1,5.835731E+5
6.628472E+1,5.831746E+5
6.631944E+1,5.827761E+5
6.635417E+1,5.823776E+5
6.638889E+1,5.819790E+5
6.642361E+1,5.815805E+5
6.645833E+1,5.811820E+5
6.649306E+1,5.807835E+5
6.652778E+1,5.803850E+5
6.656250E+1,5.799865E+5
6.659722E+1,5.795880E+5
6.663194E+1,5.791895E+5
6.666667E+1,5.787909E+5
6.670139E+1,5.783924E+5
6.673611E+1,5.779939E+5
6.677083E+1,5.775954E+5
6.680556E+1,5.771969E+5
6.684028E+1,5.767984E+5
6.687500E+1,5.763999E+5
6.690972E+1,5.760014E+5
6.694444E+1,5.756028E+5
6.697917E+1,5.752043E+5
6.701389E+1,5.748058E+5
6.704861E+1,5.744073E+5
6.708333E+1,5.739885E+5
6.711806E+1,5.733415E+5
6.715278E+1,5.726945E+5
6.718750E+1,5.720475E+5
6.722222E+1,5.714005E+5
6.725694E+1,5.707535E+5
6.729167E+1,5.701065E+5
6.732639E+1,5.694595E+5
6.736111E+1,5.688125E+5
6.739583E+1,5.681655E+5
6.743056E+1,5.675185E+5
6.746528E+1,5.668715E+5
6.750000E+1,5.662245E+5
6.753472E+1,5.655775E+5
6.756944E+1,5.649305E+5
6.760417E+1,5.642835E+5
6.763889E+1,5.636365E+5
6.767361E+1,5.629895E+5
6.770833E+1,5.623425E+5
6.774306E+1,5.616954E+5
6.777778E+1,5.610485E+5
6.781250E+1,5.604015E+5
6.784722E+1,5.597545E+5
6.788194E+1,5.591075E+5
6.791667E+1,5.584604E+5
6.795139E+1,5.578134E+5
6.798611E+1,5.571664E+5
6.802083E+1,5.565194E+5
6.805556E+1,5.558724E+5
6.809028E+1,5.552254E+5
6.812500E+1,5.545784E+5
6.815972E+1,5.539314E+5
6.819444E+1,5.532844E+5
6.822917E+1,5.526374E+5
6.826389E+1,5.519904E+5
6.829861E+1,5.513434E+5
6.833333E+1,5.506964E+5
6.836806E+1,5.500494E+5
6.840278E+1,5.494024E+5
6.843750E+1,5.487554E+5
6.847222E+1,5.481084E+5
6.850694E+1,5.474614E+5
6.854167E+1,5.468144E+5
6.857639E+1,5.461674E+5
6.861111E+1,5.455204E+5
6.864583E+1,5.448734E+5
6.868056E+1,5.442264E+5
6.871528E+1,5.435794E+5
6.875000E+1,5.429324E+5
6.878472E+1,5.422854E+5
6.881944E+1,5.416384E+5
6.885417E+1,5.409914E+5
6.888889E+1,5.403444E+5
6.892361E+1,5.396974E+5
6.895833E+1,5.390504E+5
6.899306E+1,5.384034E+5
6.902778E+1,5.377564E+5
6.906250E+1,5.371094E+5
6.909722E+1,5.364624E+5
6.913194E+1,5.358154E+5
6.916667E+1,5.351684E+5
6.920139E+1,5.345214E+5
6.923611E+1,5.338744E+5
6.927083E+1,5.332274E+5
6.930556E+1,5.325803E+5
6.934028E+1,5.319333E+5
6.937500E+1,5.312863E+5
6.940972E+1,5.306393E+5
6.944444E+1,5.299923E+5
6.947917E+1,5.293453E+5
6.951389E+1,5.286983E+5
6.954861E+1,5.280513E+5
6.958333E+1,5.274043E+5
6.961806E+1,5.267573E+5
6.965278E+1,5.261103E+5
6.968750E+1,5.254633E+5
6.972222E+1,5.248163E+5
6.975694E+1,5.241693E+5
6.979167E+1,5.235223E+5
6.982639E+1,5.228753E+5
6.986111E+1,5.222283E+5
6.989583E+1,5.215813E+5
6.993056E+1,5.209343E+5
6.996528E+1,5.202873E+5
7.000000E+1,5.196403E+5
7.003472E+1,5.189933E+5
7.006944E+1,5.183463E+5
7.010417E+1,5.176993E+5
7.013889E+1,5.170523E+5
7.017361E+1,5.164053E+5
7.020833E+1,5.157583E+5
7.024306E+1,5.151113E+5
7.027778E+1,5.144643E+5
7.031250E+1,5.138173E+5
7.034722E+1,5.131703E+5
7.038194E+1,5.125233E+5
7.041667E+1,5.118763E+5
7.045139E+1,5.112293E+5
7.048611E+1,5.105823E+5
7.052083E+1,5.099353E+5
7.055556E+1,5.092882E+5
7.059028E+1,5.086413E+5
7.062500E+1,5.079943E+5
7.065972E+1,5.073473E+5
7.069444E+1,5.067003E+5
7.072917E+1,5.060532E+5
7.076389E+1,5.054062E+5
7.079861E+1,5.047592E+5
7.083333E+1,5.041122E+5
7.086806E+1,5.034652E+5
7.090278E+1,5.028182E+5
7.093750E+1,5.021712E+5
7.097222E+1,5.015242E+5
7.100694E+1,5.008772E+5
7.104167E+1,5.002302E+5
7.107639E+1,4.995832E+5
7.111111E+1,4.989362E+5
7.114583E+1,4.982892E+5
7.118056E+1,4.976422E+5
7.121528E+1,4.969952E+5
7.125000E+1,4.963482E+5
7.128472E+1,4.957012E+5
7.131944E+1,4.950542E+5
7.135417E+1,4.944072E+5
7.138889E+1,4.937602E+5
7.142361E+1,4.931678E+5
7.145833E+1,4.926098E+5
7.149306E+1,4.920518E+5
7.152778E+1,4.914937E+5
7.156250E+1,4.909357E+5
7.159722E+1,4.903777E+5
7.163194E+1,4.898197E+5
7.166667E+1,4.892616E+5
7.170139E+1,4.887036E+5
7.173611E+1,4.881456E+5
7.177083E+1,4.875876E+5
7.180556E+1,4.870295E+5
7.184028E+1,4.864715E+5
7.187500E+1,4.859135E+5
7.190972E+1,4.853555E+5
7.194444E+1,4.847974E+5
7.197917E+1,4.842394E+5
7.201389E+1,4.836814E+5
7.204861E+1,4.831234E+5
7.208333E+1,4.825653E+5
7.211806E+1,4.820073E+5
7.215278E+1,4.814493E+5
7.218750E+1,4.808913E+5
7.222222E+1,4.803332E+5
7.225694E+1,4.797752E+5
7.229167E+1,4.792172E+5
7.232639E+1,4.786592E+5
7.236111E+1,4.781011E+5
7.239583E+1,4.775431E+5
7.243056E+1,4.769851E+5
7.246528E+1,4.764271E+5
7.250000E+1,4.758690E+5
7.253472E+1,4.753110E+5
7.256944E+1,4.747530E+5
7.260417E+1,4.741950E+5
7.263889E+1,4.736369E+5
7.267361E+1,4.730789E+5
7.270833E+1,4.725209E+5
7.274306E+1,4.719629E+5
7.277778E+1,4.714048E+5
7.281250E+1,4.708468E+5
7.284722E+1,4.702888E+5
7.288194E+1,4.697308E+5
7.291667E+1,4.691727E+5
7.295139E+1,4.686147E+5
7.298611E+1,4.680567E+5
7.302083E+1,4.674987E+5
7.305556E+1,4.669406E+5
7.309028E+1,4.663826E+5
7.312500E+1,4.658246E+5
7.315972E+1,4.652666E+5
7.319444E+1,4.647086E+5
7.322917E+1,4.641505E+5
7.326389E+1,4.635925E+5
7.329861E+1,4.630345E+5
7.333333E+1,4.624764E+5
7.336806E+1,4.619184E+5
7.340278E+1,4.613604E+5
7.343750E+1,4.608024E+5
7.347222E+1,4.602443E+5
7.350694E+1,4.596863E+5
7.354167E+1,4.591283E+5
7.357639E+1,4.585703E+5
7.361111E+1,4.580122E+5
7.364583E+1,4.574542E+5
7.368056E+1,4.568962E+5
7.371528E+1,4.563382E+5
7.375000E+1,4.557801E+5
7.378472E+1,4.552221E+5
7.381944E+1,4.546641E+5
7.385417E+1,4.541061E+5
7.388889E+1,4.535480E+5
7.392361E+1,4.529900E+5
7.395833E+1,4.524320E+5
7.399306E+1,4.518740E+5
7.402778E+1,4.513159E+5
7.406250E+1,4.507579E+5
7.409722E+1,4.501999E+5
7.413194E+1,4.496419E+5
7.416667E+1,4.490838E+5
7.420139E+1,4.485258E+5
7.423611E+1,4.479678E+5
7.427083E+1,4.474098E+5
7.430556E+1,4.468517E+5
7.434028E+1,4.462937E+5
7.437500E+1,4.457357E+5
7.440972E+1,4.451777E+5
7.444444E+1,4.446197E+5
7.447917E+1,4.440616E+5
7.451389E+1,4.435036E+5
7.454861E+1,4.429456E+5
7.458333E+1,4.423876E+5
7.461806E+1,4.418295E+5
7.465278E+1,4.412715E+5
7.468750E+1,4.407135E+5
7.472222E+1,4.401555E+5
7.475694E+1,4.395974E+5
7.479167E+1,4.390394E+5
7.482639E+1,4.384814E+5
7.486111E+1,4.379234E+5
7.489583E+1,4.373653E+5
7.493056E+1,4.368073E+5
7.496528E+1,4.362493E+5
7.500000E+1,4.356913E+5
7.503472E+1,4.351332E+5
7.506944E+1,4.345752E+5
7.510417E+1,4.340172E+5
7.513889E+1,4.334592E+5
7.517361E+1,4.329011E+5
7.520833E+1,4.323431E+5
7.524306E+1,4.317851E+5
7.527778E+1,4.312271E+5
7.531250E+1,4.306690E+5
7.534722E+1,4.301110E+5
7.538194E+1,4.295530E+5
7.541667E+1,4.289950E+5
7.545139E+1,4.284369E+5
7.548611E+1,4.278789E+5
7.552083E+1,4.273209E+5
7.555556E+1,4.267629E+5
7.559028E+1,4.262048E+5
7.562500E+1,4.256468E+5
7.565972E+1,4.250888E+5
7.569444E+1,4.245308E+5
7.572917E+1,4.239727E+5
7.576389E+1,4.234147E+5
7.579861E+1,4.228567E+5
7.583333E+1,4.222987E+5
7.586806E+1,4.217406E+5
7.590278E+1,4.211826E+5
7.593750E+1,4.206246E+5
7.597222E+1,4.200666E+5
7.600694E+1,4.195085E+5
7.604167E+1,4.189505E+5
7.607639E+1,4.183925E+5
7.611111E+1,4.177661E+5
7.614583E+1,4.170838E+5
7.618056E+1,4.164015E+5
7.621528E+1,4.157193E+5
7.625000E+1,4.150370E+5
7.628472E+1,4.143548E+5
7.631944E+1,4.136725E+5
7.635417E+1,4.129902E+5
7.638889E+1,4.123080E+5
7.642361E+1,4.116257E+5
7.645833E+1,4.109435E+5
7.649306E+1,4.102612E+5
7.652778E+1,4.095789E+5
7.656250E+1,4.088967E+5
7.659722E+1,4.082144E+5
7.663194E+1,4.075322E+5
7.666667E+1,4.068499E+5
7.670139E+1,4.061676E+5
7.673611E+1,4.054854E+5
7.677083E+1,4.048031E+5
7.680556E+1,4.041208E+5
7.684028E+1,4.034386E+5
7.687500E+1,4.027563E+5
7.690972E+1,4.020741E+5
7.694444E+1,4.013918E+5
7.697917E+1,4.007095E+5
7.701389E+1,4.000273E+5
7.704861E+1,3.993450E+5
7.708333E+1,3.986627E+5
7.711806E+1,3.979805E+5
7.715278E+1,3.972982E+5
7.718750E+1,3.966160E+5
7.722222E+1,3.959337E+5
7.725694E+1,3.952514E+5
7.729167E+1,3.945692E+5
7.732639E+1,3.938869E+5
7.736111E+1,3.932046E+5
7.739583E+1,3.925224E+5
7.743056E+1,3.918401E+5
7.746528E+1,3.911579E+5
7.750000E+1,3.904756E+5
7.753472E+1,3.897933E+5
7.756944E+1,3.891111E+5
7.760417E+1,3.884288E+5
7.763889E+1,3.877465E+5
7.767361E+1,3.870643E+5
7.770833E+1,3.863820E+5
7.774306E+1,3.856998E+5
7.777778E+1,3.850175E+5
7.781250E+1,3.843352E+5
7.784722E+1,3.836530E+5
7.788194E+1,3.829707E+5
7.791667E+1,3.822884E+5
7.795139E+1,3.816062E+5
7.798611E+1,3.809239E+5
7.802083E+1,3.802417E+5
7.805556E+1,3.795594E+5
7.809028E+1,3.788771E+5
7.812500E+1,3.781949E+5
7.815972E+1,3.775126E+5
7.819444E+1,3.768304E+5
7.822917E+1,3.761481E+5
7.826389E+1,3.754658E+5
7.829861E+1,3.747836E+5
7.833333E+1,3.741013E+5
7.836806E+1,3.734190E+5
7.840278E+1,3.727368E+5
7.843750E+1,3.720545E+5
7.847222E+1,3.713723E+5
7.850694E+1,3.706900E+5
7.854167E+1,3.700077E+5
7.857639E+1,3.693255E+5
7.861111E+1,3.686432E+5
7.864583E+1,3.679609E+5
7.868056E+1,3.672787E+5
7.871528E+1,3.665964E+5
7.875000E+1,3.659142E+5
7.878472E+1,3.652319E+5
7.881944E+1,3.645496E+5
7.885417E+1,3.638674E+5
7.888889E+1,3.631851E+5
7.892361E+1,3.625028E+5
7.895833E+1,3.618206E+5
7.899306E+1,3.611383E+5
7.902778E+1,3.604561E+5
7.906250E+1,3.597738E+5
7.909722E+1,3.590915E+5
7.913194E+1,3.584093E+5
7.916667E+1,3.577270E+5
7.920139E+1,3.570447E+5
7.923611E+1,3.563625E+5
7.927083E+1,3.556802E+5
7.930556E+1,3.549980E+5
7.934028E+1,3.543157E+5
7.937500E+1,3.536334E+5
7.940972E+1,3.529512E+5
7.944444E+1,3.522689E+5
7.947917E+1,3.515866E+5
7.951389E+1,3.509044E+5
7.954861E+1,3.502221E+5
7.958333E+1,3.495399E+5
7.961806E+1,3.488576E+5
7.965278E+1,3.481753E+5
7.968750E+1,3.474931E+5
7.972222E+1,3.468108E+5
7.975694E+1,3.461286E+5
7.979167E+1,3.454463E+5
7.982639E+1,3.447640E+5
7.986111E+1,3.440818E+5
7.989583E+1,3.433995E+5
7.993056E+1,3.427172E+5
7.996528E+1,3.420350E+5
8.000000E+1,3.413527E+5
8.003472E+1,3.406705E+5
8.006944E+1,3.399882E+5
8.010417E+1,3.393059E+5
8.013889E+1,3.386356E+5
8.017361E+1,3.383731E+5
8.020833E+1,3.381105E+5
8.024306E+1,3.378480E+5
8.027778E+1,3.375854E+5
8.031250E+1,3.373229E+5
8.034722E+1,3.370603E+5
8.038194E+1,3.367978E+5
8.041667E+1,3.365352E+5
8.045139E+1,3.362726E+5
8.048611E+1,3.360101E+5
8.052083E+1,3.357475E+5
8.055556E+1,3.354850E+5
8.059028E+1,3.352224E+5
8.062500E+1,3.349599E+5
8.065972E+1,3.346973E+5
8.069444E+1,3.344348E+5
8.072917E+1,3.341722E+5
8.076389E+1,3.339097E+5
8.079861E+1,3.336471E+5
8.083333E+1,3.333846E+5
8.086806E+1,3.331220E+5
8.090278E+1,3.328594E+5
8.093750E+1,3.325969E+5
8.097222E+1,3.323343E+5
8.100694E+1,3.320718E+5
8.104167E+1,3.318092E+5
8.107639E+1,3.315467E+5
8.111111E+1,3.312841E+5
8.114583E+1,3.310216E+5
8.118056E+1,3.307590E+5
8.121528E+1,3.304965E+5
8.125000E+1,3.302339E+5
8.128472E+1,3.299714E+5
8.131944E+1,3.297088E+5
8.135417E+1,3.294462E+5
8.138889E+1,3.291837E+5
8.142361E+1,3.289211E+5
8.145833E+1,3.286586E+5
8.149306E+1,3.283960E+5
8.152778E+1,3.281335E+5
8.156250E+1,3.278709E+5
8.159722E+1,3.276084E+5
8.163194E+1,3.273458E+5
8.166667E+1,3.270833E+5
8.170139E+1,3.268207E+5
8.173611E+1,3.265582E+5
8.177083E+1,3.262956E+5
8.180556E+1,3.260330E+5
8.184028E+1,3.257705E+5
8.187500E+1,3.255079E+5
8.190972E+1,3.252454E+5
8.194444E+1,3.249828E+5
8.197917E+1,3.247203E+5
8.201389E+1,3.244577E+5
8.204861E+1,3.241952E+5
8.208333E+1,3.239326E+5
8.211806E+1,3.236701E+5
8.215278E+1,3.234075E+5
8.218750E+1,3.231450E+5
8.222222E+1,3.228824E+5
8.225694E+1,3.226199E+5
8.229167E+1,3.223573E+5
8.232639E+1,3.220947E+5
8.236111E+1,3.218322E+5
8.239583E+1,3.215696E+5
8.243056E+1,3.213071E+5
8.246528E+1,3.210445E+5
8.250000E+1,3.207820E+5
8.253472E+1,3.205194E+5
8.256944E+1,3.202569E+5
8.260417E+1,3.199943E+5
8.263889E+1,3.197318E+5
8.267361E+1,3.194692E+5
8.270833E+1,3.192067E+5
8.274306E+1,3.189441E+5
8.277778E+1,3.186815E+5
8.281250E+1,3.184190E+5
8.284722E+1,3.181564E+5
8.288194E+1,3.178939E+5
8.291667E+1,3.176313E+5
8.295139E+1,3.173688E+5
8.298611E+1,3.171062E+5
8.302083E+1,3.168437E+5
8.305556E+1,3.165811E+5
8.309028E+1,3.163186E+5
8.312500E+1,3.160560E+5
8.315972E+1,3.157935E+5
8.319444E+1,3.155309E+5
8.322917E+1,3.152684E+5
8.326389E+1,3.150058E+5
8.329861E+1,3.147432E+5
8.333333E+1,3.144807E+5
8.336806E+1,3.142181E+5
8.340278E+1,3.139556E+5
8.343750E+1,3.136930E+5
8.347222E+1,3.134305E+5
8.350694E+1,3.131679E+5
8.354167E+1,3.129054E+5
8.357639E+1,3.126428E+5
8.361111E+1,3.123803E+5
8.364583E+1,3.121177E+5
8.368056E+1,3.118552E+5
8.371528E+1,3.115926E+5
8.375000E+1,3.113301E+5
8.378472E+1,3.110675E+5
8.381944E+1,3.108049E+5
8.385417E+1,3.105424E+5
8.388889E+1,3.102798E+5
8.392361E+1,3.100173E+5
8.395833E+1,3.097547E+5
8.399306E+1,3.094922E+5
8.402778E+1,3.092296E+5
8.406250E+1,3.089671E+5
8.409722E+1,3.087045E+5
8.413194E+1,3.084420E+5
8.416667E+1,3.081794E+5
8.420139E+1,3.079169E+5
8.423611E+1,3.076543E+5
8.427083E+1,3.073917E+5
8.430556E+1,3.071292E+5
8.434028E+1,3.068666E+5
8.437500E+1,3.066041E+5
8.440972E+1,3.063415E+5
8.444444E+1,3.060790E+5
8.447917E+1,3.058164E+5
8.451389E+1,3.055539E+5
8.454861E+1,3.052913E+5
8.458333E+1,3.050288E+5
8.461806E+1,3.047662E+5
8.465278E+1,3.048249E+5
8.468750E+1,3.057911E+5
8.472222E+1,3.067572E+5
8.475694E+1,3.077234E+5
8.479167E+1,3.086896E+5
8.482639E+1,3.096557E+5
8.486111E+1,3.106219E+5
8.489583E+1,3.115880E+5
8.493056E+1,3.125542E+5
8.496528E+1,3.135204E+5
8.500000E+1,3.144865E+5
8.503472E+1,3.154527E+5
8.506944E+1,3.164188E+5
8.510417E+1,3.173850E+5
8.513889E+1,3.183512E+5
8.517361E+1,3.193173E+5
8.520833E+1,3.202835E+5
8.524306E+1,3.212497E+5
8.527778E+1,3.222158E+5
8.531250E+1,3.231820E+5
8.534722E+1,3.241482E+5
8.538194E+1,3.251143E+5
8.541667E+1,3.260805E+5
8.545139E+1,3.270467E+5
8.548611E+1,3.280128E+5
8.552083E+1,3.289790E+5
8.555556E+1,3.299452E+5
8.559028E+1,3.309113E+5
8.562500E+1,3.318775E+5
8.565972E+1,3.328436E+5
8.569444E+1,3.338098E+5
8.572917E+1,3.347760E+5
8.576389E+1,3.357421E+5
8.579861E+1,3.367083E+5
8.583333E+1,3.376744E+5
8.586806E+1,3.386406E+5
8.590278E+1,3.396068E+5
8.593750E+1,3.405729E+5
8.597222E+1,3.415391E+5
8.600694E+1,3.425053E+5
8.604167E+1,3.434714E+5
8.607639E+1,3.444376E+5
8.611111E+1,3.454038E+5
8.614583E+1,3.463699E+5
8.618056E+1,3.473361E+5
8.621528E+1,3.483023E+5
8.625000E+1,3.492684E+5
8.628472E+1,3.502346E+5
8.631944E+1,3.512007E+5
8.635417E+1,3.521669E+5
8.638889E+1,3.531331E+5
8.642361E+1,3.540992E+5
8.645833E+1,3.550654E+5
8.649306E+1,3.560316E+5
8.652778E+1,3.569977E+5
8.656250E+1,3.579639E+5
8.659722E+1,3.589300E+5
8.663194E+1,3.598962E+5
8.666667E+1,3.608624E+5
8.670139E+1,3.618285E+5
8.673611E+1,3.627947E+5
8.677083E+1,3.637608E+5
8.680556E+1,3.647270E+5
8.684028E+1,3.656932E+5
8.687500E+1,3.666593E+5
8.690972E+1,3.676255E+5
8.694444E+1,3.685917E+5
8.697917E+1,3.695578E+5
8.701389E+1,3.705240E+5
8.704861E+1,3.714902E+5
8.708333E+1,3.724563E+5
8.711806E+1,3.734225E+5
8.715278E+1,3.743887E+5
8.718750E+1,3.753548E+5
8.722222E+1,3.763210E+5
8.725694E+1,3.772871E+5
8.729167E+1,3.782533E+5
8.732639E+1,3.792195E+5
8.736111E+1,3.801856E+5
8.739583E+1,3.811518E+5
8.743056E+1,3.821180E+5
8.746528E+1,3.830841E+5
8.750000E+1,3.840503E+5
8.753472E+1,3.850164E+5
8.756944E+1,3.859826E+5
8.760417E+1,3.869488E+5
8.763889E+1,3.879149E+5
8.767361E+1,3.888811E+5
8.770833E+1,3.898473E+5
8.774306E+1,3.908134E+5
8.777778E+1,3.917796E+5
8.781250E+1,3.927458E+5
8.784722E+1,3.937119E+5
8.788194E+1,3.946781E+5
8.791667E+1,3.956443E+5
8.795139E+1,3.966104E+5
8.798611E+1,3.975766E+5
8.802083E+1,3.985427E+5
8.805556E+1,3.995089E+5
8.809028E+1,4.004751E+5
8.812500E+1,4.014412E+5
8.815972E+1,4.024074E+5
8.819444E+1,4.033735E+5
8.822917E+1,4.043397E+5
8.826389E+1,4.053059E+5
8.829861E+1,4.062720E+5
8.833333E+1,4.072382E+5
8.836806E+1,4.082044E+5
8.840278E+1,4.091705E+5
8.843750E+1,4.101367E+5
8.847222E+1,4.111029E+5
8.850694E+1,4.120690E+5
8.854167E+1,4.130352E+5
8.857639E+1,4.140014E+5
8.861111E+1,4.149675E+5
8.864583E+1,4.159337E+5
8.868056E+1,4.168999E+5
8.871528E+1,4.178660E+5
8.875000E+1,4.188322E+5
8.878472E+1,4.197983E+5
8.881944E+1,4.207645E+5
8.885417E+1,4.217307E+5
8.888889E+1,4.219495E+5
8.892361E+1,4.212186E+5
8.895833E+1,4.204876E+5
8.899306E+1,4.197566E+5
8.902778E+1,4.190256E+5
8.906250E+1,4.182946E+5
8.909722E+1,4.175637E+5
8.913194E+1,4.168327E+5
8.916667E+1,4.161017E+5
8.920139E+1,4.153707E+5
8.923611E+1,4.146397E+5
8.927083E+1,4.139088E+5
8.930556E+1,4.131778E+5
8.934028E+1,4.124468E+5
8.937500E+1,4.117158E+5
8.940972E+1,4.109848E+5
8.944444E+1,4.102539E+5
8.947917E+1,4.095229E+5
8.951389E+1,4.087919E+5
8.954861E+1,4.080609E+5
8.958333E+1,4.073299E+5
8.961806E+1,4.065989E+5
8.965278E+1,4.058680E+5
8.968750E+1,4.051370E+5
8.972222E+1,4.044060E+5
8.975694E+1,4.036750E+5
8.979167E+1,4.029440E+5
8.982639E+1,4.022131E+5
8.986111E+1,4.014821E+5
8.989583E+1,4.007511E+5
8.993056E+1,4.000201E+5
8.996528E+1,3.992891E+5
9.000000E+1,3.985582E+5
9.003472E+1,3.978272E+5
9.006944E+1,3.970962E+5
9.010417E+1,3.963652E+5
9.013889E+1,3.956342E+5
9.017361E+1,3.949032E+5
9.020833E+1,3.941723E+5
9.024306E+1,3.934413E+5
9.027778E+1,3.927103E+5
9.031250E+1,3.919793E+5
9.034722E+1,3.912483E+5
9.038194E+1,3.905174E+5
9.041667E+1,3.897864E+5
9.045139E+1,3.890554E+5
9.048611E+1,3.883244E+5
9.052083E+1,3.875934E+5
9.055556E+1,3.868624E+5
9.059028E+1,3.861315E+5
9.062500E+1,3.854005E+5
9.065972E+1,3.846695E+5
9.069444E+1,3.839385E+5
9.072917E+1,3.832075E+5
9.076389E+1,3.824766E+5
9.079861E+1,3.817456E+5
9.083333E+1,3.810146E+5
9.086806E+1,3.802836E+5
9.090278E+1,3.795526E+5
9.093750E+1,3.788217E+5
9.097222E+1,3.780907E+5
9.100694E+1,3.773597E+5
9.104167E+1,3.766287E+5
9.107639E+1,3.758977E+5
9.111111E+1,3.751668E+5
9.114583E+1,3.744358E+5
9.118056E+1,3.737048E+5
9.121528E+1,3.729738E+5
9.125000E+1,3.722428E+5
9.128472E+1,3.715119E+5
9.131944E+1,3.707809E+5
9.135417E+1,3.700499E+5
9.138889E+1,3.693189E+5
9.142361E+1,3.685879E+5
9.145833E+1,3.678570E+5
9.149306E+1,3.671260E+5
9.152778E+1,3.663950E+5
9.156250E+1,3.656640E+5
9.159722E+1,3.649330E+5
9.163194E+1,3.642021E+5
9.166667E+1,3.634711E+5
9.170139E+1,3.627401E+5
9.173611E+1,3.620091E+5
9.177083E+1,3.612781E+5
9.180556E+1,3.605471E+5
9.184028E+1,3.598162E+5
9.187500E+1,3.590852E+5
9.190972E+1,3.583542E+5
9.194444E+1,3.576232E+5
9.197917E+1,3.568922E+5
9.201389E+1,3.561613E+5
9.204861E+1,3.554303E+5
9.208333E+1,3.546993E+5
9.211806E+1,3.539683E+5
9.215278E+1,3.532373E+5
9.218750E+1,3.525064E+5
9.222222E+1,3.517754E+5
9.225694E+1,3.510444E+5
9.229167E+1,3.503134E+5
9.232639E+1,3.495824E+5
9.236111E+1,3.488515E+5
9.239583E+1,3.481205E+5
9.243056E+1,3.473895E+5
9.246528E+1,3.466585E+5
9.250000E+1,3.459275E+5
9.253472E+1,3.451966E+5
9.256944E+1,3.444656E+5
9.260417E+1,3.437346E+5
9.263889E+1,3.430036E+5
9.267361E+1,3.422726E+5
9.270833E+1,3.415417E+5
9.274306E+1,3.408107E+5
9.277778E+1,3.400797E+5
9.281250E+1,3.393487E+5
9.284722E+1,3.386177E+5
9.288194E+1,3.378868E+5
9.291667E+1,3.371558E+5
9.295139E+1,3.364248E+5
9.298611E+1,3.356938E+5
9.302083E+1,3.349628E+5
9.305556E+1,3.342318E+5
9.309028E+1,3.335009E+5
9.312500E+1,3.327699E+5
9.315972E+1,3.320389E+5
9.319444E+1,3.313079E+5
9.322917E+1,3.305769E+5
9.326389E+1,3.298460E+5
9.329861E+1,3.287779E+5
9.333333E+1,3.270028E+5
9.336806E+1,3.252276E+5
9.340278E+1,3.234525E+5
9.343750E+1,3.216774E+5
9.347222E+1,3.199023E+5
9.350694E+1,3.181272E+5
9.354167E+1,3.163521E+5
9.357639E+1,3.145770E+5
9.361111E+1,3.128019E+5
9.364583E+1,3.110268E+5
9.368056E+1,3.092516E+5
9.371528E+1,3.074765E+5
9.375000E+1,3.057014E+5
9.378472E+1,3.039263E+5
9.381944E+1,3.021513E+5
9.385417E+1,3.003761E+5
9.388889E+1,2.986010E+5
9.392361E+1,2.968259E+5
9.395833E+1,2.950508E+5
9.399306E+1,2.932757E+5
9.402778E+1,2.915006E+5
9.406250E+1,2.897255E+5
9.409722E+1,2.879504E+5
9.413194E+1,2.861753E+5
9.416667E+1,2.844001E+5
9.420139E+1,2.826250E+5
9.423611E+1,2.808499E+5
9.427083E+1,2.790748E+5
9.430556E+1,2.772997E+5
9.434028E+1,2.755246E+5
9.437500E+1,2.737495E+5
9.440972E+1,2.719744E+5
9.444444E+1,2.701993E+5
9.447917E+1,2.684242E+5
9.451389E+1,2.666491E+5
9.454861E+1,2.648740E+5
9.458333E+1,2.630989E+5
9.461806E+1,2.613237E+5
9.465278E+1,2.595486E+5
9.468750E+1,2.577735E+5
9.472222E+1,2.559984E+5
9.475694E+1,2.542233E+5
9.479167E+1,2.524482E+5
9.482639E+1,2.506731E+5
9.486111E+1,2.488980E+5
9.489583E+1,2.471229E+5
9.493056E+1,2.453477E+5
9.496528E+1,2.435726E+5
9.500000E+1,2.417975E+5
9.503472E+1,2.400224E+5
9.506944E+1,2.382474E+5
9.510417E+1,2.364722E+5
9.513889E+1,2.346971E+5
9.517361E+1,2.329220E+5
9.520833E+1,2.311469E+5
9.524306E+1,2.293718E+5
9.527778E+1,2.275967E+5
9.531250E+1,2.258216E+5
9.534722E+1,2.240465E+5
9.538194E+1,2.222714E+5
9.541667E+1,2.204962E+5
9.545139E+1,2.187211E+5
9.548611E+1,2.169460E+5
9.552083E+1,2.151709E+5
9.555556E+1,2.133958E+5
9.559028E+1,2.116207E+5
9.562500E+1,2.098456E+5
9.565972E+1,2.080705E+5
9.569444E+1,2.062954E+5
9.572917E+1,2.045203E+5
9.576389E+1,2.027452E+5
9.579861E+1,2.009701E+5
9.583333E+1,1.991950E+5
9.586806E+1,1.974198E+5
9.590278E+1,1.956447E+5
9.593750E+1,1.938696E+5
9.597222E+1,1.920945E+5
9.600694E+1,1.903194E+5
9.604167E+1,1.885443E+5
9.607639E+1,1.867692E+5
9.611111E+1,1.849941E+5
9.614583E+1,1.832190E+5
9.618056E+1,1.814438E+5
9.621528E+1,1.796687E+5
9.625000E+1,1.778936E+5
9.628472E+1,1.761185E+5
9.631944E+1,1.743435E+5
9.635417E+1,1.725683E+5
9.638889E+1,1.707932E+5
9.642361E+1,1.690181E+5
9.645833E+1,1.672430E+5
9.649306E+1,1.654679E+5
9.652778E+1,1.636928E+5
9.656250E+1,1.619177E+5
9.659722E+1,1.601426E+5
9.663194E+1,1.583675E+5
9.666667E+1,1.565923E+5
9.670139E+1,1.548172E+5
9.673611E+1,1.530421E+5
9.677083E+1,1.512670E+5
9.680556E+1,1.494919E+5
9.684028E+1,1.477168E+5
9.687500E+1,1.459417E+5
9.690972E+1,1.441666E+5
9.694444E+1,1.423915E+5
9.697917E+1,1.406164E+5
9.701389E+1,1.388413E+5
9.704861E+1,1.370662E+5
9.708333E+1,1.352911E+5
9.711806E+1,1.335159E+5
9.715278E+1,1.317408E+5
9.718750E+1,1.299657E+5
9.722222E+1,1.281906E+5
9.725694E+1,1.264155E+5
9.729167E+1,1.246404E+5
9.732639E+1,1.228653E+5
9.736111E+1,1.210902E+5
9.739583E+1,1.193151E+5
9.743056E+1,1.175399E+5
9.746528E+1,1.157648E+5
9.750000E+1,1.139897E+5
9.753472E+1,1.122146E+5
9.756944E+1,1.104396E+5
9.760417E+1,1.086644E+5
9.763889E+1,1.068893E+5
9.767361E+1,1.051142E+5
9.770833E+1,1.033391E+5
9.774306E+1,1.015640E+5
9.777778E+1,9.978887E+4
9.781250E+1,9.801377E+4
9.784722E+1,9.623867E+4
9.788194E+1,9.446358E+4
9.791667E+1,9.268843E+4
9.795139E+1,9.091333E+4
9.798611E+1,8.913823E+4
9.802083E+1,8.736314E+4
9.805556E+1,8.558799E+4
9.809028E+1,8.381289E+4
9.812500E+1,8.203779E+4
9.815972E+1,8.026270E+4
9.819444E+1,7.848760E+4
9.822917E+1,7.671245E+4
9.826389E+1,7.493736E+4
9.829861E+1,7.316226E+4
9.833333E+1,7.138716E+4
9.836806E+1,6.961201E+4
9.840278E+1,6.783692E+4
9.843750E+1,6.606182E+4
9.847222E+1,6.428672E+4
9.850694E+1,6.251163E+4
9.854167E+1,6.073648E+4
9.857639E+1,5.896138E+4
9.861111E+1,5.718628E+4
9.864583E+1,5.541119E+4
9.868056E+1,5.363604E+4
9.871528E+1,5.186094E+4
9.875000E+1,5.008584E+4
9.878472E+1,4.831075E+4
9.881944E+1,4.653565E+4
9.885417E+1,4.476050E+4
9.888889E+1,4.298541E+4
9.892361E+1,4.121031E+4
9.895833E+1,3.943521E+4
9.899306E+1,3.766006E+4
9.902778E+1,3.588497E+4
9.906250E+1,3.410987E+4
9.909722E+1,3.233477E+4
9.913194E+1,3.055968E+4
9.916667E+1,2.878453E+4
9.920139E+1,2.700943E+4
9.923611E+1,2.523433E+4
9.927083E+1,2.345924E+4
9.930556E+1,2.168409E+4
9.934028E+1,1.990899E+4
9.937500E+1,1.813389E+4
9.940972E+1,1.635880E+4
9.944444E+1,1.458370E+4
9.947917E+1,1.280855E+4
9.951389E+1,1.103346E+4
9.954861E+1,9.258359E+3
9.958333E+1,7.483262E+3
9.961806E+1,5.708114E+3
9.965278E+1,3.933017E+3
9.968750E+1,2.157920E+3
9.972222E+1,3.828227E+2
9.975694E+1,-1.392274E+3
9.979167E+1,-3.167422E+3
9.982639E+1,-4.942519E+3
9.986111E+1,-6.717616E+3
9.989583E+1,-8.492713E+3
9.993056E+1,-1.026786E+4
9.996528E+1,-1.204296E+4
