7.139351E-12,1.818501E+4
3.472222E-2,1.827162E+4
6.944444E-2,1.835823E+4
1.041667E-1,1.844484E+4
1.388889E-1,1.853144E+4
1.736111E-1,1.861805E+4
2.083333E-1,1.870466E+4
2.430556E-1,1.879127E+4
2.777778E-1,1.887787E+4
3.125000E-1,1.896448E+4
3.472222E-1,1.905109E+4
3.819444E-1,1.913770E+4
4.166667E-1,1.922430E+4
4.513889E-1,1.931091E+4
4.861111E-1,1.939752E+4
5.208333E-1,1.948413E+4
5.555556E-1,1.957073E+4
5.902778E-1,1.965734E+4
6.250000E-1,1.974395E+4
6.597222E-1,1.983056E+4
6.944444E-1,1.991716E+4
7.291667E-1,2.000377E+4
7.638889E-1,2.009038E+4
7.986111E-1,2.017699E+4
8.333333E-1,2.026359E+4
8.680556E-1,2.035020E+4
9.027778E-1,2.043681E+4
9.375000E-1,2.052342E+4
9.722222E-1,2.061002E+4
1.006944E+0,2.069663E+4
1.041667E+0,2.078324E+4
1.076389E+0,2.086985E+4
1.111111E+0,2.095645E+4
1.145833E+0,2.104306E+4
1.180556E+0,2.112967E+4
1.215278E+0,2.121628E+4
1.250000E+0,2.130288E+4
1.284722E+0,2.138949E+4
1.319444E+0,2.147610E+4
1.354167E+0,2.156271E+4
1.388889E+0,2.164931E+4
1.423611E+0,2.173592E+4
1.458333E+0,2.182253E+4
1.493056E+0,2.190914E+4
1.527778E+0,2.199574E+4
1.562500E+0,2.208235E+4
1.597222E+0,2.216896E+4
1.631944E+0,2.225557E+4
1.666667E+0,2.234217E+4
1.701389E+0,2.242878E+4
1.736111E+0,2.251539E+4
1.770833E+0,2.260200E+4
1.805556E+0,2.268860E+4
1.840278E+0,2.277521E+4
1.875000E+0,2.286182E+4
1.909722E+0,2.294843E+4
1.944444E+0,2.303503E+4
1.979167E+0,2.312164E+4
2.013889E+0,2.320825E+4
2.048611E+0,2.329486E+4
2.083333E+0,2.338146E+4
2.118056E+0,2.346807E+4
2.152778E+0,2.355468E+4
2.187500E+0,2.364129E+4
2.222222E+0,2.372789E+4
2.256944E+0,2.381450E+4
2.291667E+0,2.390111E+4
2.326389E+0,2.398772E+4
2.361111E+0,2.407432E+4
2.395833E+0,2.416093E+4
2.430556E+0,2.424754E+4
2.465278E+0,2.433415E+4
2.500000E+0,2.442075E+4
2.534722E+0,2.450736E+4
2.569444E+0,2.459397E+4
2.604167E+0,2.468058E+4
2.638889E+0,2.476718E+4
2.673611E+0,2.485379E+4
2.708333E+0,2.494040E+4
2.743056E+0,2.502701E+4
2.777778E+0,2.511361E+4
2.812500E+0,2.520022E+4
2.847222E+0,2.528683E+4
2.881944E+0,2.537344E+4
2.916667E+0,2.546004E+4
2.951389E+0,2.554665E+4
2.986111E+0,2.563326E+4
3.020833E+0,2.571987E+4
3.055556E+0,2.580647E+4
3.090278E+0,2.589308E+4
3.125000E+0,2.597969E+4
3.159722E+0,2.606630E+4
3.194444E+0,2.615290E+4
3.229167E+0,2.623951E+4
3.263889E+0,2.632612E+4
3.298611E+0,2.641273E+4
3.333333E+0,2.649933E+4
3.368056E+0,2.658594E+4
3.402778E+0,2.667255E+4
3.437500E+0,2.675916E+4
3.472222E+0,2.684576E+4
3.506944E+0,2.693237E+4
3.541667E+0,2.701898E+4
3.576389E+0,2.710559E+4
3.611111E+0,2.719219E+4
3.645833E+0,2.727880E+4
3.680556E+0,2.736541E+4
3.715278E+0,2.745202E+4
3.750000E+0,2.753862E+4
3.784722E+0,2.762523E+4
3.819444E+0,2.771184E+4
3.854167E+0,2.779845E+4
3.888889E+0,2.788505E+4
3.923611E+0,2.797166E+4
3.958333E+0,2.805827E+4
3.993056E+0,2.814488E+4
4.027778E+0,2.823148E+4
4.062500E+0,2.831809E+4
4.097222E+0,2.840470E+4
4.131944E+0,2.849131E+4
4.166667E+0,2.857791E+4
4.201389E+0,2.866452E+4
4.236111E+0,2.875113E+4
4.270833E+0,2.883774E+4
4.305556E+0,2.892434E+4
4.340278E+0,2.901095E+4
4.375000E+0,2.909756E+4
4.409722E+0,2.918417E+4
4.444444E+0,2.927077E+4
4.479167E+0,2.935738E+4
4.513889E+0,2.944399E+4
4.548611E+0,2.953060E+4
4.583333E+0,2.961720E+4
4.618056E+0,2.970381E+4
4.652778E+0,2.979042E+4
4.687500E+0,2.987703E+4
4.722222E+0,2.996363E+4
4.756944E+0,3.005024E+4
4.791667E+0,3.013685E+4
4.826389E+0,3.022346E+4
4.861111E+0,3.031006E+4
4.895833E+0,3.039667E+4
4.930556E+0,3.048328E+4
4.965278E+0,3.056989E+4
5.000000E+0,3.065649E+4
5.034722E+0,3.074310E+4
5.069444E+0,3.082971E+4
5.104167E+0,3.091632E+4
5.138889E+0,3.100292E+4
5.173611E+0,3.108953E+4
5.208333E+0,3.117614E+4
5.243056E+0,3.126275E+4
5.277778E+0,3.134935E+4
5.312500E+0,3.143596E+4
5.347222E+0,3.152257E+4
5.381944E+0,3.160918E+4
5.416667E+0,3.169578E+4
5.451389E+0,3.178239E+4
5.486111E+0,3.186900E+4
5.520833E+0,3.195561E+4
5.555556E+0,3.204221E+4
5.590278E+0,3.212882E+4
5.625000E+0,3.221543E+4
5.659722E+0,3.230204E+4
5.694444E+0,3.238864E+4
5.729167E+0,3.247525E+4
5.763889E+0,3.256186E+4
5.798611E+0,3.264847E+4
5.833333E+0,3.273507E+4
5.868056E+0,3.282168E+4
5.902778E+0,3.290829E+4
5.937500E+0,3.299490E+4
5.972222E+0,3.308150E+4
6.006944E+0,3.316811E+4
6.041667E+0,3.325472E+4
6.076389E+0,3.334133E+4
6.111111E+0,3.342793E+4
6.145833E+0,3.351454E+4
6.180556E+0,3.360115E+4
6.215278E+0,3.368776E+4
6.250000E+0,3.377436E+4
6.284722E+0,3.386097E+4
6.319444E+0,3.394758E+4
6.354167E+0,3.403419E+4
6.388889E+0,3.412079E+4
6.423611E+0,3.420740E+4
6.458333E+0,3.429401E+4
6.493056E+0,3.438062E+4
6.527778E+0,3.446722E+4
6.562500E+0,3.455383E+4
6.597222E+0,3.464044E+4
6.631944E+0,3.472705E+4
6.666667E+0,3.481365E+4
6.701389E+0,3.490026E+4
6.736111E+0,3.498687E+4
6.770833E+0,3.507348E+4
6.805556E+0,3.516008E+4
6.840278E+0,3.524669E+4
6.875000E+0,3.533330E+4
6.909722E+0,3.539669E+4
6.944444E+0,3.542211E+4
6.979167E+0,3.544753E+4
7.013889E+0,3.547294E+4
7.048611E+0,3.549836E+4
7.083333E+0,3.552378E+4
7.118056E+0,3.554920E+4
7.152778E+0,3.557461E+4
7.187500E+0,3.560003E+4
7.222222E+0,3.562545E+4
7.256944E+0,3.565086E+4
7.291667E+0,3.567628E+4
7.326389E+0,3.570170E+4
7.361111E+0,3.572712E+4
7.395833E+0,3.575253E+4
7.430556E+0,3.577795E+4
7.465278E+0,3.580337E+4
7.500000E+0,3.582878E+4
7.534722E+0,3.585420E+4
7.569444E+0,3.587962E+4
7.604167E+0,3.590504E+4
7.638889E+0,3.593045E+4
7.673611E+0,3.595587E+4
7.708333E+0,3.598129E+4
7.743056E+0,3.600671E+4
7.777778E+0,3.603212E+4
7.812500E+0,3.605754E+4
7.847222E+0,3.608296E+4
7.881944E+0,3.610837E+4
7.916667E+0,3.613379E+4
7.951389E+0,3.615921E+4
7.986111E+0,3.618463E+4
8.020833E+0,3.621004E+4
8.055556E+0,3.623546E+4
8.090278E+0,3.626088E+4
8.125000E+0,3.628629E+4
8.159722E+0,3.631171E+4
8.194444E+0,3.633713E+4
8.229167E+0,3.636255E+4
8.263889E+0,3.638796E+4
8.298611E+0,3.641338E+4
8.333333E+0,3.643880E+4
8.368056E+0,3.646421E+4
8.402778E+0,3.648963E+4
8.437500E+0,3.651505E+4
8.472222E+0,3.654047E+4
8.506944E+0,3.656588E+4
8.541667E+0,3.659130E+4
8.576389E+0,3.661672E+4
8.611111E+0,3.664213E+4
8.645833E+0,3.666755E+4
8.680556E+0,3.669297E+4
8.715278E+0,3.671839E+4
8.750000E+0,3.674380E+4
8.784722E+0,3.676922E+4
8.819444E+0,3.679464E+4
8.854167E+0,3.682006E+4
8.888889E+0,3.684547E+4
8.923611E+0,3.687089E+4
8.958333E+0,3.689631E+4
8.993056E+0,3.692172E+4
9.027778E+0,3.694714E+4
9.062500E+0,3.697256E+4
9.097222E+0,3.699798E+4
9.131944E+0,3.702339E+4
9.166667E+0,3.704881E+4
9.201389E+0,3.707423E+4
9.236111E+0,3.709964E+4
9.270833E+0,3.712506E+4
9.305556E+0,3.715048E+4
9.340278E+0,3.717590E+4
9.375000E+0,3.720131E+4
9.409722E+0,3.722673E+4
9.444444E+0,3.725215E+4
9.479167E+0,3.727756E+4
9.513889E+0,3.730298E+4
9.548611E+0,3.732840E+4
9.583333E+0,3.735382E+4
9.618056E+0,3.737923E+4
9.652778E+0,3.740465E+4
9.687500E+0,3.743007E+4
9.722222E+0,3.745549E+4
9.756944E+0,3.748090E+4
9.791667E+0,3.750632E+4
9.826389E+0,3.753174E+4
9.861111E+0,3.755715E+4
9.895833E+0,3.758257E+4
9.930556E+0,3.760799E+4
9.965278E+0,3.763341E+4
1.000000E+1,3.765882E+4
1.003472E+1,3.768424E+4
1.006944E+1,3.770966E+4
1.010417E+1,3.773507E+4
1.013889E+1,3.776049E+4
1.017361E+1,3.778591E+4
1.020833E+1,3.781133E+4
1.024306E+1,3.783674E+4
1.027778E+1,3.786216E+4
1.031250E+1,3.788758E+4
1.034722E+1,3.791299E+4
1.038194E+1,3.793841E+4
1.041667E+1,3.796383E+4
1.045139E+1,3.798925E+4
1.048611E+1,3.801466E+4
1.052083E+1,3.804008E+4
1.055556E+1,3.806550E+4
1.059028E+1,3.809092E+4
1.062500E+1,3.811633E+4
1.065972E+1,3.814175E+4
1.069444E+1,3.816717E+4
1.072917E+1,3.819258E+4
1.076389E+1,3.821800E+4
1.079861E+1,3.824342E+4
1.083333E+1,3.826884E+4
1.086806E+1,3.829425E+4
1.090278E+1,3.831967E+4
1.093750E+1,3.834509E+4
1.097222E+1,3.837050E+4
1.100694E+1,3.839592E+4
1.104167E+1,3.842134E+4
1.107639E+1,3.844676E+4
1.111111E+1,3.847217E+4
1.114583E+1,3.849759E+4
1.118056E+1,3.852301E+4
1.121528E+1,3.854843E+4
1.125000E+1,3.857384E+4
1.128472E+1,3.859926E+4
1.131944E+1,3.862468E+4
1.135417E+1,3.865009E+4
1.138889E+1,3.867551E+4
1.142361E+1,3.870093E+4
1.145833E+1,3.878404E+4
1.149306E+1,3.887684E+4
1.152778E+1,3.896963E+4
1.156250E+1,3.906242E+4
1.159722E+1,3.915522E+4
1.163194E+1,3.924801E+4
1.166667E+1,3.934081E+4
1.170139E+1,3.943360E+4
1.173611E+1,3.952640E+4
1.177083E+1,3.961919E+4
1.180556E+1,3.971199E+4
1.184028E+1,3.980478E+4
1.187500E+1,3.989757E+4
1.190972E+1,3.999037E+4
1.194444E+1,4.008316E+4
1.197917E+1,4.017596E+4
1.201389E+1,4.026875E+4
1.204861E+1,4.036155E+4
1.208333E+1,4.045434E+4
1.211806E+1,4.054714E+4
1.215278E+1,4.063993E+4
1.218750E+1,4.073272E+4
1.222222E+1,4.082552E+4
1.225694E+1,4.091831E+4
1.229167E+1,4.101111E+4
1.232639E+1,4.110390E+4
1.236111E+1,4.119670E+4
1.239583E+1,4.128949E+4
1.243056E+1,4.138229E+4
1.246528E+1,4.147508E+4
1.250000E+1,4.156787E+4
1.253472E+1,4.166067E+4
1.256944E+1,4.175346E+4
1.260417E+1,4.184626E+4
1.263889E+1,4.193905E+4
1.267361E+1,4.203185E+4
1.270833E+1,4.212464E+4
1.274306E+1,4.221744E+4
1.277778E+1,4.231023E+4
1.281250E+1,4.240302E+4
1.284722E+1,4.249582E+4
1.288194E+1,4.258861E+4
1.291667E+1,4.268141E+4
1.295139E+1,4.277420E+4
1.298611E+1,4.286700E+4
1.302083E+1,4.295979E+4
1.305556E+1,4.305259E+4
1.309028E+1,4.314538E+4
1.312500E+1,4.323817E+4
1.315972E+1,4.333097E+4
1.319444E+1,4.342376E+4
1.322917E+1,4.351656E+4
1.326389E+1,4.360935E+4
1.329861E+1,4.370214E+4
1.333333E+1,4.379494E+4
1.336806E+1,4.388774E+4
1.340278E+1,4.398053E+4
1.343750E+1,4.407332E+4
1.347222E+1,4.416612E+4
1.350694E+1,4.425891E+4
1.354167E+1,4.435171E+4
1.357639E+1,4.444450E+4
1.361111E+1,4.453729E+4
1.364583E+1,4.463009E+4
1.368056E+1,4.472288E+4
1.371528E+1,4.481568E+4
1.375000E+1,4.490847E+4
1.378472E+1,4.500127E+4
1.381944E+1,4.509406E+4
1.385417E+1,4.518686E+4
1.388889E+1,4.527965E+4
1.392361E+1,4.537244E+4
1.395833E+1,4.546524E+4
1.399306E+1,4.555803E+4
1.402778E+1,4.565083E+4
1.406250E+1,4.574362E+4
1.409722E+1,4.583642E+4
1.413194E+1,4.592921E+4
1.416667E+1,4.602201E+4
1.420139E+1,4.611480E+4
1.423611E+1,4.620759E+4
1.427083E+1,4.630039E+4
1.430556E+1,4.639318E+4
1.434028E+1,4.648598E+4
1.437500E+1,4.657877E+4
1.440972E+1,4.667157E+4
1.444444E+1,4.676436E+4
1.447917E+1,4.685716E+4
1.451389E+1,4.694995E+4
1.454861E+1,4.704274E+4
1.458333E+1,4.713554E+4
1.461806E+1,4.722833E+4
1.465278E+1,4.732113E+4
1.468750E+1,4.741392E+4
1.472222E+1,4.750671E+4
1.475694E+1,4.759951E+4
1.479167E+1,4.769231E+4
1.482639E+1,4.778510E+4
1.486111E+1,4.787789E+4
1.489583E+1,4.797069E+4
1.493056E+1,4.806348E+4
1.496528E+1,4.815628E+4
1.500000E+1,4.824907E+4
1.503472E+1,4.834186E+4
1.506944E+1,4.843466E+4
1.510417E+1,4.852745E+4
1.513889E+1,4.862025E+4
1.517361E+1,4.871304E+4
1.520833E+1,4.880584E+4
1.524306E+1,4.889863E+4
1.527778E+1,4.899143E+4
1.531250E+1,4.908422E+4
1.534722E+1,4.917701E+4
1.538194E+1,4.926981E+4
1.541667E+1,4.936260E+4
1.545139E+1,4.945540E+4
1.548611E+1,4.954819E+4
1.552083E+1,4.964099E+4
1.555556E+1,4.973378E+4
1.559028E+1,4.975117E+4
1.562500E+1,4.973385E+4
1.565972E+1,4.971653E+4
1.569444E+1,4.969920E+4
1.572917E+1,4.968188E+4
1.576389E+1,4.966456E+4
1.579861E+1,4.964724E+4
1.583333E+1,4.962992E+4
1.586806E+1,4.961260E+4
1.590278E+1,4.959527E+4
1.593750E+1,4.957795E+4
1.597222E+1,4.956063E+4
1.600694E+1,4.954331E+4
1.604167E+1,4.952599E+4
1.607639E+1,4.950867E+4
1.611111E+1,4.949135E+4
1.614583E+1,4.947402E+4
1.618056E+1,4.945670E+4
1.621528E+1,4.943938E+4
1.625000E+1,4.942206E+4
1.628472E+1,4.940474E+4
1.631944E+1,4.938742E+4
1.635417E+1,4.937010E+4
1.638889E+1,4.935277E+4
1.642361E+1,4.933545E+4
1.645833E+1,4.931813E+4
1.649306E+1,4.930081E+4
1.652778E+1,4.928349E+4
1.656250E+1,4.926617E+4
1.659722E+1,4.924885E+4
1.663194E+1,4.923152E+4
1.666667E+1,4.921420E+4
1.670139E+1,4.919688E+4
1.673611E+1,4.917956E+4
1.677083E+1,4.916224E+4
1.680556E+1,4.914492E+4
1.684028E+1,4.912759E+4
1.687500E+1,4.911027E+4
1.690972E+1,4.909295E+4
1.694444E+1,4.907563E+4
1.697917E+1,4.905831E+4
1.701389E+1,4.904099E+4
1.704861E+1,4.902367E+4
1.708333E+1,4.900634E+4
1.711806E+1,4.898902E+4
1.715278E+1,4.897170E+4
1.718750E+1,4.895438E+4
1.722222E+1,4.893706E+4
1.725694E+1,4.891974E+4
1.729167E+1,4.890242E+4
1.732639E+1,4.888509E+4
1.736111E+1,4.886777E+4
1.739583E+1,4.885045E+4
1.743056E+1,4.883313E+4
1.746528E+1,4.881581E+4
1.750000E+1,4.879849E+4
1.753472E+1,4.878117E+4
1.756944E+1,4.876384E+4
1.760417E+1,4.874652E+4
1.763889E+1,4.872920E+4
1.767361E+1,4.871188E+4
1.770833E+1,4.869456E+4
1.774306E+1,4.867724E+4
1.777778E+1,4.865991E+4
1.781250E+1,4.864259E+4
1.784722E+1,4.862527E+4
1.788194E+1,4.860795E+4
1.791667E+1,4.859063E+4
1.795139E+1,4.857331E+4
1.798611E+1,4.855599E+4
1.802083E+1,4.853866E+4
1.805556E+1,4.852134E+4
1.809028E+1,4.850402E+4
1.812500E+1,4.848670E+4
1.815972E+1,4.846938E+4
1.819444E+1,4.845206E+4
1.822917E+1,4.843474E+4
1.826389E+1,4.841741E+4
1.829861E+1,4.840009E+4
1.833333E+1,4.838277E+4
1.836806E+1,4.836545E+4
1.840278E+1,4.834813E+4
1.843750E+1,4.833081E+4
1.847222E+1,4.831349E+4
1.850694E+1,4.829616E+4
1.854167E+1,4.827884E+4
1.857639E+1,4.826152E+4
1.861111E+1,4.824420E+4
1.864583E+1,4.822688E+4
1.868056E+1,4.820956E+4
1.871528E+1,4.819223E+4
1.875000E+1,4.817491E+4
1.878472E+1,4.815759E+4
1.881944E+1,4.814027E+4
1.885417E+1,4.812295E+4
1.888889E+1,4.810563E+4
1.892361E+1,4.808831E+4
1.895833E+1,4.807098E+4
1.899306E+1,4.805366E+4
1.902778E+1,4.803634E+4
1.906250E+1,4.801902E+4
1.909722E+1,4.800170E+4
1.913194E+1,4.798438E+4
1.916667E+1,4.796706E+4
1.920139E+1,4.794973E+4
1.923611E+1,4.793241E+4
1.927083E+1,4.791509E+4
1.930556E+1,4.789777E+4
1.934028E+1,4.788045E+4
1.937500E+1,4.786313E+4
1.940972E+1,4.784581E+4
1.944444E+1,4.782848E+4
1.947917E+1,4.781116E+4
1.951389E+1,4.779384E+4
1.954861E+1,4.777652E+4
1.958333E+1,4.775920E+4
1.961806E+1,4.774188E+4
1.965278E+1,4.772455E+4
1.968750E+1,4.770723E+4
1.972222E+1,4.768991E+4
1.975694E+1,4.767259E+4
1.979167E+1,4.765527E+4
1.982639E+1,4.763795E+4
1.986111E+1,4.762063E+4
1.989583E+1,4.760330E+4
1.993056E+1,4.758598E+4
1.996528E+1,4.756866E+4
2.000000E+1,4.755134E+4
2.003472E+1,4.765104E+4
2.006944E+1,4.775074E+4
2.010417E+1,4.785044E+4
2.013889E+1,4.795013E+4
2.017361E+1,4.804983E+4
2.020833E+1,4.814953E+4
2.024306E+1,4.824923E+4
2.027778E+1,4.834893E+4
2.031250E+1,4.844862E+4
2.034722E+1,4.854832E+4
2.038194E+1,4.864802E+4
2.041667E+1,4.874772E+4
2.045139E+1,4.884742E+4
2.048611E+1,4.894711E+4
2.052083E+1,4.904681E+4
2.055556E+1,4.914651E+4
2.059028E+1,4.924621E+4
2.062500E+1,4.934591E+4
2.065972E+1,4.944561E+4
2.069444E+1,4.954530E+4
2.072917E+1,4.964500E+4
2.076389E+1,4.974470E+4
2.079861E+1,4.984440E+4
2.083333E+1,4.994410E+4
2.086806E+1,5.004380E+4
2.090278E+1,5.014349E+4
2.093750E+1,5.024319E+4
2.097222E+1,5.034289E+4
2.100694E+1,5.044259E+4
2.104167E+1,5.054229E+4
2.107639E+1,5.064199E+4
2.111111E+1,5.074168E+4
2.114583E+1,5.084138E+4
2.118056E+1,5.094108E+4
2.121528E+1,5.104078E+4
2.125000E+1,5.114048E+4
2.128472E+1,5.124017E+4
2.131944E+1,5.133987E+4
2.135417E+1,5.143957E+4
2.138889E+1,5.153927E+4
2.142361E+1,5.163897E+4
2.145833E+1,5.173866E+4
2.149306E+1,5.183836E+4
2.152778E+1,5.193806E+4
2.156250E+1,5.203776E+4
2.159722E+1,5.213746E+4
2.163194E+1,5.223716E+4
2.166667E+1,5.233686E+4
2.170139E+1,5.243655E+4
2.173611E+1,5.253625E+4
2.177083E+1,5.263595E+4
2.180556E+1,5.273565E+4
2.184028E+1,5.283535E+4
2.187500E+1,5.293504E+4
2.190972E+1,5.303474E+4
2.194444E+1,5.313444E+4
2.197917E+1,5.323414E+4
2.201389E+1,5.333384E+4
2.204861E+1,5.343353E+4
2.208333E+1,5.353323E+4
2.211806E+1,5.363293E+4
2.215278E+1,5.373263E+4
2.218750E+1,5.383233E+4
2.222222E+1,5.393203E+4
2.225694E+1,5.403172E+4
2.229167E+1,5.413142E+4
2.232639E+1,5.423112E+4
2.236111E+1,5.433082E+4
2.239583E+1,5.443052E+4
2.243056E+1,5.453022E+4
2.246528E+1,5.462991E+4
2.250000E+1,5.472961E+4
2.253472E+1,5.482931E+4
2.256944E+1,5.492901E+4
2.260417E+1,5.502871E+4
2.263889E+1,5.512841E+4
2.267361E+1,5.522810E+4
2.270833E+1,5.532780E+4
2.274306E+1,5.542750E+4
2.277778E+1,5.552720E+4
2.281250E+1,5.562690E+4
2.284722E+1,5.572659E+4
2.288194E+1,5.582629E+4
2.291667E+1,5.592599E+4
2.295139E+1,5.602569E+4
2.298611E+1,5.612539E+4
2.302083E+1,5.622508E+4
2.305556E+1,5.632479E+4
2.309028E+1,5.642448E+4
2.312500E+1,5.652418E+4
2.315972E+1,5.662388E+4
2.319444E+1,5.672358E+4
2.322917E+1,5.682328E+4
2.326389E+1,5.692297E+4
2.329861E+1,5.702267E+4
2.333333E+1,5.712237E+4
2.336806E+1,5.722207E+4
2.340278E+1,5.732177E+4
2.343750E+1,5.742146E+4
2.347222E+1,5.752116E+4
2.350694E+1,5.762086E+4
2.354167E+1,5.772056E+4
2.357639E+1,5.782026E+4
2.361111E+1,5.791996E+4
2.364583E+1,5.801965E+4
2.368056E+1,5.811935E+4
2.371528E+1,5.821905E+4
2.375000E+1,5.831875E+4
2.378472E+1,5.841845E+4
2.381944E+1,5.851814E+4
2.385417E+1,5.861784E+4
2.388889E+1,5.871754E+4
2.392361E+1,5.881724E+4
2.395833E+1,5.891694E+4
2.399306E+1,5.901664E+4
2.402778E+1,5.911633E+4
2.406250E+1,5.921603E+4
2.409722E+1,5.931573E+4
2.413194E+1,5.941543E+4
2.416667E+1,5.951513E+4
2.420139E+1,5.961483E+4
2.423611E+1,5.971452E+4
2.427083E+1,5.968139E+4
2.430556E+1,5.964674E+4
2.434028E+1,5.961210E+4
2.437500E+1,5.957746E+4
2.440972E+1,5.954281E+4
2.444444E+1,5.950817E+4
2.447917E+1,5.947353E+4
2.451389E+1,5.943888E+4
2.454861E+1,5.940424E+4
2.458333E+1,5.936960E+4
2.461806E+1,5.933495E+4
2.465278E+1,5.930031E+4
2.468750E+1,5.926567E+4
2.472222E+1,5.923103E+4
2.475694E+1,5.919638E+4
2.479167E+1,5.916174E+4
2.482639E+1,5.912710E+4
2.486111E+1,5.909245E+4
2.489583E+1,5.905781E+4
2.493056E+1,5.902317E+4
2.496528E+1,5.898853E+4
2.500000E+1,5.895388E+4
2.503472E+1,5.891924E+4
2.506944E+1,5.888460E+4
2.510417E+1,5.884995E+4
2.513889E+1,5.881531E+4
2.517361E+1,5.878067E+4
2.520833E+1,5.874603E+4
2.524306E+1,5.871138E+4
2.527778E+1,5.867674E+4
2.531250E+1,5.864210E+4
2.534722E+1,5.860745E+4
2.538194E+1,5.857281E+4
2.541667E+1,5.853817E+4
2.545139E+1,5.850352E+4
2.548611E+1,5.846888E+4
2.552083E+1,5.843424E+4
2.555556E+1,5.839959E+4
2.559028E+1,5.836495E+4
2.562500E+1,5.833031E+4
2.565972E+1,5.829567E+4
2.569444E+1,5.826102E+4
2.572917E+1,5.822638E+4
2.576389E+1,5.819174E+4
2.579861E+1,5.815709E+4
2.583333E+1,5.812245E+4
2.586806E+1,5.808781E+4
2.590278E+1,5.805317E+4
2.593750E+1,5.801852E+4
2.597222E+1,5.798388E+4
2.600694E+1,5.794924E+4
2.604167E+1,5.791459E+4
2.607639E+1,5.787995E+4
2.611111E+1,5.784531E+4
2.614583E+1,5.781067E+4
2.618056E+1,5.777602E+4
2.621528E+1,5.774138E+4
2.625000E+1,5.770674E+4
2.628472E+1,5.767209E+4
2.631944E+1,5.763745E+4
2.635417E+1,5.760281E+4
2.638889E+1,5.756816E+4
2.642361E+1,5.753352E+4
2.645833E+1,5.749888E+4
2.649306E+1,5.746423E+4
2.652778E+1,5.742959E+4
2.656250E+1,5.739495E+4
2.659722E+1,5.736031E+4
2.663194E+1,5.732566E+4
2.666667E+1,5.729102E+4
2.670139E+1,5.725638E+4
2.673611E+1,5.722173E+4
2.677083E+1,5.718709E+4
2.680556E+1,5.715245E+4
2.684028E+1,5.711781E+4
2.687500E+1,5.708316E+4
2.690972E+1,5.704852E+4
2.694444E+1,5.701388E+4
2.697917E+1,5.697923E+4
2.701389E+1,5.694459E+4
2.704861E+1,5.690995E+4
2.708333E+1,5.687531E+4
2.711806E+1,5.684066E+4
2.715278E+1,5.680602E+4
2.718750E+1,5.677138E+4
2.722222E+1,5.673673E+4
2.725694E+1,5.670209E+4
2.729167E+1,5.666745E+4
2.732639E+1,5.663280E+4
2.736111E+1,5.659816E+4
2.739583E+1,5.656352E+4
2.743056E+1,5.652887E+4
2.746528E+1,5.649423E+4
2.750000E+1,5.645959E+4
2.753472E+1,5.642495E+4
2.756944E+1,5.639030E+4
2.760417E+1,5.635566E+4
2.763889E+1,5.632102E+4
2.767361E+1,5.628637E+4
2.770833E+1,5.625173E+4
2.774306E+1,5.621709E+4
2.777778E+1,5.618245E+4
2.781250E+1,5.614780E+4
2.784722E+1,5.611316E+4
2.788194E+1,5.607852E+4
2.791667E+1,5.604387E+4
2.795139E+1,5.600923E+4
2.798611E+1,5.597459E+4
2.802083E+1,5.593995E+4
2.805556E+1,5.590530E+4
2.809028E+1,5.587066E+4
2.812500E+1,5.583602E+4
2.815972E+1,5.580137E+4
2.819444E+1,5.576673E+4
2.822917E+1,5.573209E+4
2.826389E+1,5.569744E+4
2.829861E+1,5.566280E+4
2.833333E+1,5.562816E+4
2.836806E+1,5.559351E+4
2.840278E+1,5.555887E+4
2.843750E+1,5.552423E+4
2.847222E+1,5.548959E+4
2.850694E+1,5.545494E+4
2.854167E+1,5.542030E+4
2.857639E+1,5.538566E+4
2.861111E+1,5.535101E+4
2.864583E+1,5.531637E+4
2.868056E+1,5.529741E+4
2.871528E+1,5.531436E+4
2.875000E+1,5.533130E+4
2.878472E+1,5.534825E+4
2.881944E+1,5.536519E+4
2.885417E+1,5.538214E+4
2.888889E+1,5.539908E+4
2.892361E+1,5.541603E+4
2.895833E+1,5.543297E+4
2.899306E+1,5.544992E+4
2.902778E+1,5.546686E+4
2.906250E+1,5.548381E+4
2.909722E+1,5.550075E+4
2.913194E+1,5.551770E+4
2.916667E+1,5.553464E+4
2.920139E+1,5.555159E+4
2.923611E+1,5.556853E+4
2.927083E+1,5.558548E+4
2.930556E+1,5.560242E+4
2.934028E+1,5.561937E+4
2.937500E+1,5.563631E+4
2.940972E+1,5.565326E+4
2.944444E+1,5.567020E+4
2.947917E+1,5.568715E+4
2.951389E+1,5.570409E+4
2.954861E+1,5.572104E+4
2.958333E+1,5.573798E+4
2.961806E+1,5.575493E+4
2.965278E+1,5.577187E+4
2.968750E+1,5.578882E+4
2.972222E+1,5.580576E+4
2.975694E+1,5.582271E+4
2.979167E+1,5.583965E+4
2.982639E+1,5.585660E+4
2.986111E+1,5.587354E+4
2.989583E+1,5.589049E+4
2.993056E+1,5.590743E+4
2.996528E+1,5.592438E+4
3.000000E+1,5.594132E+4
3.003472E+1,5.595827E+4
3.006944E+1,5.597521E+4
3.010417E+1,5.599216E+4
3.013889E+1,5.600910E+4
3.017361E+1,5.602605E+4
3.020833E+1,5.604299E+4
3.024306E+1,5.605994E+4
3.027778E+1,5.607688E+4
3.031250E+1,5.609383E+4
3.034722E+1,5.611077E+4
3.038194E+1,5.612772E+4
3.041667E+1,5.614466E+4
3.045139E+1,5.616161E+4
3.048611E+1,5.617855E+4
3.052083E+1,5.619550E+4
3.055556E+1,5.621244E+4
3.059028E+1,5.622939E+4
3.062500E+1,5.624633E+4
3.065972E+1,5.626328E+4
3.069444E+1,5.628022E+4
3.072917E+1,5.629717E+4
3.076389E+1,5.631411E+4
3.079861E+1,5.633106E+4
3.083333E+1,5.634800E+4
3.086806E+1,5.636495E+4
3.090278E+1,5.638189E+4
3.093750E+1,5.639884E+4
3.097222E+1,5.641578E+4
3.100694E+1,5.643273E+4
3.104167E+1,5.644967E+4
3.107639E+1,5.646662E+4
3.111111E+1,5.648356E+4
3.114583E+1,5.650051E+4
3.118056E+1,5.651745E+4
3.121528E+1,5.653440E+4
3.125000E+1,5.655134E+4
3.128472E+1,5.656829E+4
3.131944E+1,5.658523E+4
3.135417E+1,5.660218E+4
3.138889E+1,5.661912E+4
3.142361E+1,5.663607E+4
3.145833E+1,5.665301E+4
3.149306E+1,5.666996E+4
3.152778E+1,5.668690E+4
3.156250E+1,5.670385E+4
3.159722E+1,5.672079E+4
3.163194E+1,5.673774E+4
3.166667E+1,5.675468E+4
3.170139E+1,5.677163E+4
3.173611E+1,5.678857E+4
3.177083E+1,5.680552E+4
3.180556E+1,5.682246E+4
3.184028E+1,5.683941E+4
3.187500E+1,5.685635E+4
3.190972E+1,5.687330E+4
3.194444E+1,5.689024E+4
3.197917E+1,5.690719E+4
3.201389E+1,5.692413E+4
3.204861E+1,5.694108E+4
3.208333E+1,5.695802E+4
3.211806E+1,5.697497E+4
3.215278E+1,5.699191E+4
3.218750E+1,5.700886E+4
3.222222E+1,5.702580E+4
3.225694E+1,5.704275E+4
3.229167E+1,5.705969E+4
3.232639E+1,5.707664E+4
3.236111E+1,5.709358E+4
3.239583E+1,5.711053E+4
3.243056E+1,5.712747E+4
3.246528E+1,5.714442E+4
3.250000E+1,5.716136E+4
3.253472E+1,5.717831E+4
3.256944E+1,5.719525E+4
3.260417E+1,5.721220E+4
3.263889E+1,5.722914E+4
3.267361E+1,5.724609E+4
3.270833E+1,5.726303E+4
3.274306E+1,5.727998E+4
3.277778E+1,5.729692E+4
3.281250E+1,5.731387E+4
3.284722E+1,5.733081E+4
3.288194E+1,5.734776E+4
3.291667E+1,5.736470E+4
3.295139E+1,5.738165E+4
3.298611E+1,5.739859E+4
3.302083E+1,5.741554E+4
3.305556E+1,5.743248E+4
3.309028E+1,5.744943E+4
3.312500E+1,5.746637E+4
3.315972E+1,5.748332E+4
3.319444E+1,5.750026E+4
3.322917E+1,5.751139E+4
3.326389E+1,5.752089E+4
3.329861E+1,5.753040E+4
3.333333E+1,5.753990E+4
3.336806E+1,5.754941E+4
3.340278E+1,5.755892E+4
3.343750E+1,5.756842E+4
3.347222E+1,5.757793E+4
3.350694E+1,5.758743E+4
3.354167E+1,5.759694E+4
3.357639E+1,5.760644E+4
3.361111E+1,5.761595E+4
3.364583E+1,5.762546E+4
3.368056E+1,5.763496E+4
3.371528E+1,5.764447E+4
3.375000E+1,5.765397E+4
3.378472E+1,5.766348E+4
3.381944E+1,5.767298E+4
3.385417E+1,5.768249E+4
3.388889E+1,5.769200E+4
3.392361E+1,5.770150E+4
3.395833E+1,5.771101E+4
3.399306E+1,5.772051E+4
3.402778E+1,5.773002E+4
3.406250E+1,5.773952E+4
3.409722E+1,5.774903E+4
3.413194E+1,5.775853E+4
3.416667E+1,5.776804E+4
3.420139E+1,5.777755E+4
3.423611E+1,5.778705E+4
3.427083E+1,5.779656E+4
3.430556E+1,5.780606E+4
3.434028E+1,5.781557E+4
3.437500E+1,5.782507E+4
3.440972E+1,5.783458E+4
3.444444E+1,5.784409E+4
3.447917E+1,5.785359E+4
3.451389E+1,5.786310E+4
3.454861E+1,5.787260E+4
3.458333E+1,5.788211E+4
3.461806E+1,5.789161E+4
3.465278E+1,5.790112E+4
3.468750E+1,5.791063E+4
3.472222E+1,5.792013E+4
3.475694E+1,5.792964E+4
3.479167E+1,5.793914E+4
3.482639E+1,5.794865E+4
3.486111E+1,5.795815E+4
3.489583E+1,5.796766E+4
3.493056E+1,5.797717E+4
3.496528E+1,5.798667E+4
3.500000E+1,5.799618E+4
3.503472E+1,5.800568E+4
3.506944E+1,5.801519E+4
3.510417E+1,5.802469E+4
3.513889E+1,5.803420E+4
3.517361E+1,5.804370E+4
3.520833E+1,5.805321E+4
3.524306E+1,5.806272E+4
3.527778E+1,5.807222E+4
3.531250E+1,5.808173E+4
3.534722E+1,5.809123E+4
3.538194E+1,5.810074E+4
3.541667E+1,5.811024E+4
3.545139E+1,5.811975E+4
3.548611E+1,5.812926E+4
3.552083E+1,5.813876E+4
3.555556E+1,5.814827E+4
3.559028E+1,5.815777E+4
3.562500E+1,5.816728E+4
3.565972E+1,5.817678E+4
3.569444E+1,5.818629E+4
3.572917E+1,5.819580E+4
3.576389E+1,5.820530E+4
3.579861E+1,5.821481E+4
3.583333E+1,5.822431E+4
3.586806E+1,5.823382E+4
3.590278E+1,5.824332E+4
3.593750E+1,5.825283E+4
3.597222E+1,5.826234E+4
3.600694E+1,5.827184E+4
3.604167E+1,5.828135E+4
3.607639E+1,5.829085E+4
3.611111E+1,5.830036E+4
3.614583E+1,5.830986E+4
3.618056E+1,5.831937E+4
3.621528E+1,5.832888E+4
3.625000E+1,5.833838E+4
3.628472E+1,5.834789E+4
3.631944E+1,5.835739E+4
3.635417E+1,5.836690E+4
3.638889E+1,5.837640E+4
3.642361E+1,5.838591E+4
3.645833E+1,5.839541E+4
3.649306E+1,5.840492E+4
3.652778E+1,5.841443E+4
3.656250E+1,5.842393E+4
3.659722E+1,5.843344E+4
3.663194E+1,5.844294E+4
3.666667E+1,5.845245E+4
3.670139E+1,5.846195E+4
3.673611E+1,5.847146E+4
3.677083E+1,5.848097E+4
3.680556E+1,5.849047E+4
3.684028E+1,5.849998E+4
3.687500E+1,5.850948E+4
3.690972E+1,5.851899E+4
3.694444E+1,5.852849E+4
3.697917E+1,5.853800E+4
3.701389E+1,5.854751E+4
3.704861E+1,5.855701E+4
3.708333E+1,5.856652E+4
3.711806E+1,5.857602E+4
3.715278E+1,5.858553E+4
3.718750E+1,5.859503E+4
3.722222E+1,5.860454E+4
3.725694E+1,5.856896E+4
3.729167E+1,5.847774E+4
3.732639E+1,5.838652E+4
3.736111E+1,5.829531E+4
3.739583E+1,5.820410E+4
3.743056E+1,5.811288E+4
3.746528E+1,5.802166E+4
3.750000E+1,5.793045E+4
3.753472E+1,5.783924E+4
3.756944E+1,5.774802E+4
3.760417E+1,5.765680E+4
3.763889E+1,5.756559E+4
3.767361E+1,5.747437E+4
3.770833E+1,5.738316E+4
3.774306E+1,5.729194E+4
3.777778E+1,5.720073E+4
3.781250E+1,5.710951E+4
3.784722E+1,5.701830E+4
3.788194E+1,5.692709E+4
3.791667E+1,5.683587E+4
3.795139E+1,5.674465E+4
3.798611E+1,5.665344E+4
3.802083E+1,5.656223E+4
3.805556E+1,5.647101E+4
3.809028E+1,5.637979E+4
3.812500E+1,5.628858E+4
3.815972E+1,5.619736E+4
3.819444E+1,5.610615E+4
3.822917E+1,5.601493E+4
3.826389E+1,5.592372E+4
3.829861E+1,5.583250E+4
3.833333E+1,5.574129E+4
3.836806E+1,5.565007E+4
3.840278E+1,5.555886E+4
3.843750E+1,5.546764E+4
3.847222E+1,5.537643E+4
3.850694E+1,5.528522E+4
3.854167E+1,5.519400E+4
3.857639E+1,5.510278E+4
3.861111E+1,5.501157E+4
3.864583E+1,5.492035E+4
3.868056E+1,5.482914E+4
3.871528E+1,5.473792E+4
3.875000E+1,5.464671E+4
3.878472E+1,5.455549E+4
3.881944E+1,5.446428E+4
3.885417E+1,5.437306E+4
3.888889E+1,5.428185E+4
3.892361E+1,5.419063E+4
3.895833E+1,5.409942E+4
3.899306E+1,5.400820E+4
3.902778E+1,5.391699E+4
3.906250E+1,5.382577E+4
3.909722E+1,5.373456E+4
3.913194E+1,5.364334E+4
3.916667E+1,5.355213E+4
3.920139E+1,5.346091E+4
3.923611E+1,5.336970E+4
3.927083E+1,5.327848E+4
3.930556E+1,5.318727E+4
3.934028E+1,5.309605E+4
3.937500E+1,5.300484E+4
3.940972E+1,5.291362E+4
3.944444E+1,5.282241E+4
3.947917E+1,5.273119E+4
3.951389E+1,5.263998E+4
3.954861E+1,5.254876E+4
3.958333E+1,5.245755E+4
3.961806E+1,5.236633E+4
3.965278E+1,5.227512E+4
3.968750E+1,5.218390E+4
3.972222E+1,5.209269E+4
3.975694E+1,5.200147E+4
3.979167E+1,5.191026E+4
3.982639E+1,5.181904E+4
3.986111E+1,5.172783E+4
3.989583E+1,5.163661E+4
3.993056E+1,5.154540E+4
3.996528E+1,5.145418E+4
4.000000E+1,5.136297E+4
4.003472E+1,5.127175E+4
4.006944E+1,5.118054E+4
4.010417E+1,5.108932E+4
4.013889E+1,5.099811E+4
4.017361E+1,5.090689E+4
4.020833E+1,5.081568E+4
4.024306E+1,5.072446E+4
4.027778E+1,5.063325E+4
4.031250E+1,5.054203E+4
4.034722E+1,5.045082E+4
4.038194E+1,5.035960E+4
4.041667E+1,5.026839E+4
4.045139E+1,5.017717E+4
4.048611E+1,5.008596E+4
4.052083E+1,4.999474E+4
4.055556E+1,4.990353E+4
4.059028E+1,4.981231E+4
4.062500E+1,4.972110E+4
4.065972E+1,4.962988E+4
4.069444E+1,4.953867E+4
4.072917E+1,4.944745E+4
4.076389E+1,4.935624E+4
4.079861E+1,4.926502E+4
4.083333E+1,4.917381E+4
4.086806E+1,4.908259E+4
4.090278E+1,4.899138E+4
4.093750E+1,4.890016E+4
4.097222E+1,4.880895E+4
4.100694E+1,4.871773E+4
4.104167E+1,4.862652E+4
4.107639E+1,4.853530E+4
4.111111E+1,4.844409E+4
4.114583E+1,4.835287E+4
4.118056E+1,4.826166E+4
4.121528E+1,4.817044E+4
4.125000E+1,4.807923E+4
4.128472E+1,4.798801E+4
4.131944E+1,4.789680E+4
4.135417E+1,4.780558E+4
4.138889E+1,4.771437E+4
4.142361E+1,4.762315E+4
4.145833E+1,4.753194E+4
4.149306E+1,4.744072E+4
4.152778E+1,4.734951E+4
4.156250E+1,4.725829E+4
4.159722E+1,4.716708E+4
4.163194E+1,4.707586E+4
4.166667E+1,4.698465E+4
4.170139E+1,4.689343E+4
4.173611E+1,4.680222E+4
4.177083E+1,4.671100E+4
4.180556E+1,4.661979E+4
4.184028E+1,4.652857E+4
4.187500E+1,4.644631E+4
4.190972E+1,4.645537E+4
4.194444E+1,4.646444E+4
4.197917E+1,4.647350E+4
4.201389E+1,4.648256E+4
4.204861E+1,4.649163E+4
4.208333E+1,4.650069E+4
4.211806E+1,4.650975E+4
4.215278E+1,4.651882E+4
4.218750E+1,4.652788E+4
4.222222E+1,4.653694E+4
4.225694E+1,4.654601E+4
4.229167E+1,4.655507E+4
4.232639E+1,4.656413E+4
4.236111E+1,4.657320E+4
4.239583E+1,4.658226E+4
4.243056E+1,4.659132E+4
4.246528E+1,4.660039E+4
4.250000E+1,4.660945E+4
4.253472E+1,4.661851E+4
4.256944E+1,4.662758E+4
4.260417E+1,4.663664E+4
4.263889E+1,4.664570E+4
4.267361E+1,4.665477E+4
4.270833E+1,4.666383E+4
4.274306E+1,4.667290E+4
4.277778E+1,4.668196E+4
4.281250E+1,4.669102E+4
4.284722E+1,4.670009E+4
4.288194E+1,4.670915E+4
4.291667E+1,4.671821E+4
4.295139E+1,4.672728E+4
4.298611E+1,4.673634E+4
4.302083E+1,4.674540E+4
4.305556E+1,4.675447E+4
4.309028E+1,4.676353E+4
4.312500E+1,4.677259E+4
4.315972E+1,4.678166E+4
4.319444E+1,4.679072E+4
4.322917E+1,4.679978E+4
4.326389E+1,4.680885E+4
4.329861E+1,4.681791E+4
4.333333E+1,4.682697E+4
4.336806E+1,4.683604E+4
4.340278E+1,4.684510E+4
4.343750E+1,4.685416E+4
4.347222E+1,4.686323E+4
4.350694E+1,4.687229E+4
4.354167E+1,4.688135E+4
4.357639E+1,4.689042E+4
4.361111E+1,4.689948E+4
4.364583E+1,4.690854E+4
4.368056E+1,4.691761E+4
4.371528E+1,4.692667E+4
4.375000E+1,4.693573E+4
4.378472E+1,4.694480E+4
4.381944E+1,4.695386E+4
4.385417E+1,4.696292E+4
4.388889E+1,4.697199E+4
4.392361E+1,4.698105E+4
4.395833E+1,4.699011E+4
4.399306E+1,4.699918E+4
4.402778E+1,4.700824E+4
4.406250E+1,4.701731E+4
4.409722E+1,4.702637E+4
4.413194E+1,4.703543E+4
4.416667E+1,4.704450E+4
4.420139E+1,4.705356E+4
4.423611E+1,4.706262E+4
4.427083E+1,4.707169E+4
4.430556E+1,4.708075E+4
4.434028E+1,4.708981E+4
4.437500E+1,4.709888E+4
4.440972E+1,4.710794E+4
4.444444E+1,4.711700E+4
4.447917E+1,4.712607E+4
4.451389E+1,4.713513E+4
4.454861E+1,4.714419E+4
4.458333E+1,4.715326E+4
4.461806E+1,4.716232E+4
4.465278E+1,4.717138E+4
4.468750E+1,4.718045E+4
4.472222E+1,4.718951E+4
4.475694E+1,4.719857E+4
4.479167E+1,4.720764E+4
4.482639E+1,4.721670E+4
4.486111E+1,4.722576E+4
4.489583E+1,4.723483E+4
4.493056E+1,4.724389E+4
4.496528E+1,4.725295E+4
4.500000E+1,4.726202E+4
4.503472E+1,4.727108E+4
4.506944E+1,4.728014E+4
4.510417E+1,4.728921E+4
4.513889E+1,4.729827E+4
4.517361E+1,4.730734E+4
4.520833E+1,4.731640E+4
4.524306E+1,4.732546E+4
4.527778E+1,4.733453E+4
4.531250E+1,4.734359E+4
4.534722E+1,4.735265E+4
4.538194E+1,4.736172E+4
4.541667E+1,4.737078E+4
4.545139E+1,4.737984E+4
4.548611E+1,4.738891E+4
4.552083E+1,4.739797E+4
4.555556E+1,4.740703E+4
4.559028E+1,4.741610E+4
4.562500E+1,4.742516E+4
4.565972E+1,4.743422E+4
4.569444E+1,4.744329E+4
4.572917E+1,4.745235E+4
4.576389E+1,4.746141E+4
4.579861E+1,4.747048E+4
4.583333E+1,4.747954E+4
4.586806E+1,4.748860E+4
4.590278E+1,4.749767E+4
4.593750E+1,4.750673E+4
4.597222E+1,4.751579E+4
4.600694E+1,4.752486E+4
4.604167E+1,4.753392E+4
4.607639E+1,4.754298E+4
4.611111E+1,4.755276E+4
4.614583E+1,4.757088E+4
4.618056E+1,4.758901E+4
4.621528E+1,4.760714E+4
4.625000E+1,4.762526E+4
4.628472E+1,4.764339E+4
4.631944E+1,4.766152E+4
4.635417E+1,4.767965E+4
4.638889E+1,4.769777E+4
4.642361E+1,4.771590E+4
4.645833E+1,4.773403E+4
4.649306E+1,4.775216E+4
4.652778E+1,4.777028E+4
4.656250E+1,4.778841E+4
4.659722E+1,4.780654E+4
4.663194E+1,4.782467E+4
4.666667E+1,4.784279E+4
4.670139E+1,4.786092E+4
4.673611E+1,4.787905E+4
4.677083E+1,4.789718E+4
4.680556E+1,4.791530E+4
4.684028E+1,4.793343E+4
4.687500E+1,4.795156E+4
4.690972E+1,4.796968E+4
4.694444E+1,4.798781E+4
4.697917E+1,4.800594E+4
4.701389E+1,4.802407E+4
4.704861E+1,4.804219E+4
4.708333E+1,4.806032E+4
4.711806E+1,4.807845E+4
4.715278E+1,4.809658E+4
4.718750E+1,4.811470E+4
4.722222E+1,4.813283E+4
4.725694E+1,4.815096E+4
4.729167E+1,4.816909E+4
4.732639E+1,4.818721E+4
4.736111E+1,4.820534E+4
4.739583E+1,4.822347E+4
4.743056E+1,4.824160E+4
4.746528E+1,4.825972E+4
4.750000E+1,4.827785E+4
4.753472E+1,4.829598E+4
4.756944E+1,4.831410E+4
4.760417E+1,4.833223E+4
4.763889E+1,4.835036E+4
4.767361E+1,4.836849E+4
4.770833E+1,4.838661E+4
4.774306E+1,4.840474E+4
4.777778E+1,4.842287E+4
4.781250E+1,4.844100E+4
4.784722E+1,4.845912E+4
4.788194E+1,4.847725E+4
4.791667E+1,4.849538E+4
4.795139E+1,4.851351E+4
4.798611E+1,4.853163E+4
4.802083E+1,4.854976E+4
4.805556E+1,4.856789E+4
4.809028E+1,4.858602E+4
4.812500E+1,4.860414E+4
4.815972E+1,4.862227E+4
4.819444E+1,4.864040E+4
4.822917E+1,4.865853E+4
4.826389E+1,4.867665E+4
4.829861E+1,4.869478E+4
4.833333E+1,4.871291E+4
4.836806E+1,4.873103E+4
4.840278E+1,4.874916E+4
4.843750E+1,4.876729E+4
4.847222E+1,4.878542E+4
4.850694E+1,4.880354E+4
4.854167E+1,4.882167E+4
4.857639E+1,4.883980E+4
4.861111E+1,4.885793E+4
4.864583E+1,4.887605E+4
4.868056E+1,4.889418E+4
4.871528E+1,4.891231E+4
4.875000E+1,4.893044E+4
4.878472E+1,4.894856E+4
4.881944E+1,4.896669E+4
4.885417E+1,4.898482E+4
4.888889E+1,4.900295E+4
4.892361E+1,4.902107E+4
4.895833E+1,4.903920E+4
4.899306E+1,4.905733E+4
4.902778E+1,4.907545E+4
4.906250E+1,4.909358E+4
4.909722E+1,4.911171E+4
4.913194E+1,4.912984E+4
4.916667E+1,4.914796E+4
4.920139E+1,4.916609E+4
4.923611E+1,4.918422E+4
4.927083E+1,4.920235E+4
4.930556E+1,4.922047E+4
4.934028E+1,4.923860E+4
4.937500E+1,4.925673E+4
4.940972E+1,4.927486E+4
4.944444E+1,4.929298E+4
4.947917E+1,4.931111E+4
4.951389E+1,4.932924E+4
4.954861E+1,4.934736E+4
4.958333E+1,4.936549E+4
4.961806E+1,4.938362E+4
4.965278E+1,4.940175E+4
4.968750E+1,4.941987E+4
4.972222E+1,4.943800E+4
4.975694E+1,4.945613E+4
4.979167E+1,4.947426E+4
4.982639E+1,4.949238E+4
4.986111E+1,4.951051E+4
4.989583E+1,4.952864E+4
4.993056E+1,4.954677E+4
4.996528E+1,4.956489E+4
5.000000E+1,4.958302E+4
5.003472E+1,4.960115E+4
5.006944E+1,4.961928E+4
5.010417E+1,4.963740E+4
5.013889E+1,4.965553E+4
5.017361E+1,4.967366E+4
5.020833E+1,4.969178E+4
5.024306E+1,4.970991E+4
5.027778E+1,4.972804E+4
5.031250E+1,4.974617E+4
5.034722E+1,4.976243E+4
5.038194E+1,4.975377E+4
5.041667E+1,4.974510E+4
5.045139E+1,4.973644E+4
5.048611E+1,4.972778E+4
5.052083E+1,4.971912E+4
5.055556E+1,4.971046E+4
5.059028E+1,4.970180E+4
5.062500E+1,4.969314E+4
5.065972E+1,4.968448E+4
5.069444E+1,4.967582E+4
5.072917E+1,4.966716E+4
5.076389E+1,4.965850E+4
5.079861E+1,4.964984E+4
5.083333E+1,4.964118E+4
5.086806E+1,4.963252E+4
5.090278E+1,4.962385E+4
5.093750E+1,4.961519E+4
5.097222E+1,4.960653E+4
5.100694E+1,4.959787E+4
5.104167E+1,4.958921E+4
5.107639E+1,4.958055E+4
5.111111E+1,4.957189E+4
5.114583E+1,4.956323E+4
5.118056E+1,4.955457E+4
5.121528E+1,4.954591E+4
5.125000E+1,4.953725E+4
5.128472E+1,4.952859E+4
5.131944E+1,4.951993E+4
5.135417E+1,4.951127E+4
5.138889E+1,4.950260E+4
5.142361E+1,4.949394E+4
5.145833E+1,4.948528E+4
5.149306E+1,4.947662E+4
5.152778E+1,4.946796E+4
5.156250E+1,4.945930E+4
5.159722E+1,4.945064E+4
5.163194E+1,4.944198E+4
5.166667E+1,4.943332E+4
5.170139E+1,4.942466E+4
5.173611E+1,4.941600E+4
5.177083E+1,4.940734E+4
5.180556E+1,4.939868E+4
5.184028E+1,4.939002E+4
5.187500E+1,4.938135E+4
5.190972E+1,4.937269E+4
5.194444E+1,4.936403E+4
5.197917E+1,4.935537E+4
5.201389E+1,4.934671E+4
5.204861E+1,4.933805E+4
5.208333E+1,4.932939E+4
5.211806E+1,4.932073E+4
5.215278E+1,4.931207E+4
5.218750E+1,4.930341E+4
5.222222E+1,4.929475E+4
5.225694E+1,4.928609E+4
5.229167E+1,4.927743E+4
5.232639E+1,4.926877E+4
5.236111E+1,4.926011E+4
5.239583E+1,4.925144E+4
5.243056E+1,4.924278E+4
5.246528E+1,4.923412E+4
5.250000E+1,4.922546E+4
5.253472E+1,4.921680E+4
5.256944E+1,4.920814E+4
5.260417E+1,4.919948E+4
5.263889E+1,4.919082E+4
5.267361E+1,4.918216E+4
5.270833E+1,4.917350E+4
5.274306E+1,4.916484E+4
5.277778E+1,4.915618E+4
5.281250E+1,4.914752E+4
5.284722E+1,4.913886E+4
5.288194E+1,4.913019E+4
5.291667E+1,4.912153E+4
5.295139E+1,4.911287E+4
5.298611E+1,4.910421E+4
5.302083E+1,4.909555E+4
5.305556E+1,4.908689E+4
5.309028E+1,4.907823E+4
5.312500E+1,4.906957E+4
5.315972E+1,4.906091E+4
5.319444E+1,4.905225E+4
5.322917E+1,4.904359E+4
5.326389E+1,4.903493E+4
5.329861E+1,4.902627E+4
5.333333E+1,4.901761E+4
5.336806E+1,4.900894E+4
5.340278E+1,4.900028E+4
5.343750E+1,4.899162E+4
5.347222E+1,4.898296E+4
5.350694E+1,4.897430E+4
5.354167E+1,4.896564E+4
5.357639E+1,4.895698E+4
5.361111E+1,4.894832E+4
5.364583E+1,4.893966E+4
5.368056E+1,4.893100E+4
5.371528E+1,4.892234E+4
5.375000E+1,4.891368E+4
5.378472E+1,4.890502E+4
5.381944E+1,4.889636E+4
5.385417E+1,4.888769E+4
5.388889E+1,4.887903E+4
5.392361E+1,4.887037E+4
5.395833E+1,4.886171E+4
5.399306E+1,4.885305E+4
5.402778E+1,4.884439E+4
5.406250E+1,4.883573E+4
5.409722E+1,4.882707E+4
5.413194E+1,4.881841E+4
5.416667E+1,4.880975E+4
5.420139E+1,4.880109E+4
5.423611E+1,4.879243E+4
5.427083E+1,4.878377E+4
5.430556E+1,4.877511E+4
5.434028E+1,4.876645E+4
5.437500E+1,4.875778E+4
5.440972E+1,4.874912E+4
5.444444E+1,4.874046E+4
5.447917E+1,4.873180E+4
5.451389E+1,4.872314E+4
5.454861E+1,4.871448E+4
5.458333E+1,4.870582E+4
5.461806E+1,4.869716E+4
5.465278E+1,4.868850E+4
5.468750E+1,4.867984E+4
5.472222E+1,4.867118E+4
5.475694E+1,4.866252E+4
5.479167E+1,4.864052E+4
5.482639E+1,4.859722E+4
5.486111E+1,4.855391E+4
5.489583E+1,4.851061E+4
5.493056E+1,4.846730E+4
5.496528E+1,4.842400E+4
5.500000E+1,4.838070E+4
5.503472E+1,4.833739E+4
5.506944E+1,4.829409E+4
5.510417E+1,4.825079E+4
5.513889E+1,4.820748E+4
5.517361E+1,4.816418E+4
5.520833E+1,4.812088E+4
5.524306E+1,4.807757E+4
5.527778E+1,4.803427E+4
5.531250E+1,4.799096E+4
5.534722E+1,4.794766E+4
5.538194E+1,4.790436E+4
5.541667E+1,4.786105E+4
5.545139E+1,4.781775E+4
5.548611E+1,4.777445E+4
5.552083E+1,4.773114E+4
5.555556E+1,4.768784E+4
5.559028E+1,4.764453E+4
5.562500E+1,4.760123E+4
5.565972E+1,4.755793E+4
5.569444E+1,4.751462E+4
5.572917E+1,4.747132E+4
5.576389E+1,4.742801E+4
5.579861E+1,4.738471E+4
5.583333E+1,4.734141E+4
5.586806E+1,4.729810E+4
5.590278E+1,4.725480E+4
5.593750E+1,4.721150E+4
5.597222E+1,4.716819E+4
5.600694E+1,4.712489E+4
5.604167E+1,4.708158E+4
5.607639E+1,4.703828E+4
5.611111E+1,4.699498E+4
5.614583E+1,4.695167E+4
5.618056E+1,4.690837E+4
5.621528E+1,4.686507E+4
5.625000E+1,4.682176E+4
5.628472E+1,4.677846E+4
5.631944E+1,4.673516E+4
5.635417E+1,4.669185E+4
5.638889E+1,4.664855E+4
5.642361E+1,4.660524E+4
5.645833E+1,4.656194E+4
5.649306E+1,4.651864E+4
5.652778E+1,4.647533E+4
5.656250E+1,4.643203E+4
5.659722E+1,4.638873E+4
5.663194E+1,4.634542E+4
5.666667E+1,4.630212E+4
5.670139E+1,4.625881E+4
5.673611E+1,4.621551E+4
5.677083E+1,4.617221E+4
5.680556E+1,4.612890E+4
5.684028E+1,4.608560E+4
5.687500E+1,4.604230E+4
5.690972E+1,4.599899E+4
5.694444E+1,4.595569E+4
5.697917E+1,4.591238E+4
5.701389E+1,4.586908E+4
5.704861E+1,4.582578E+4
5.708333E+1,4.578247E+4
5.711806E+1,4.573917E+4
5.715278E+1,4.569586E+4
5.718750E+1,4.565256E+4
5.722222E+1,4.560926E+4
5.725694E+1,4.556595E+4
5.729167E+1,4.552265E+4
5.732639E+1,4.547935E+4
5.736111E+1,4.543604E+4
5.739583E+1,4.539274E+4
5.743056E+1,4.534943E+4
5.746528E+1,4.530613E+4
5.750000E+1,4.526283E+4
5.753472E+1,4.521952E+4
5.756944E+1,4.517622E+4
5.760417E+1,4.513292E+4
5.763889E+1,4.508961E+4
5.767361E+1,4.504631E+4
5.770833E+1,4.500301E+4
5.774306E+1,4.495970E+4
5.777778E+1,4.491640E+4
5.781250E+1,4.487309E+4
5.784722E+1,4.482979E+4
5.788194E+1,4.478649E+4
5.791667E+1,4.474318E+4
5.795139E+1,4.469988E+4
5.798611E+1,4.465658E+4
5.802083E+1,4.461327E+4
5.805556E+1,4.456997E+4
5.809028E+1,4.452666E+4
5.812500E+1,4.448336E+4
5.815972E+1,4.444006E+4
5.819444E+1,4.439675E+4
5.822917E+1,4.435345E+4
5.826389E+1,4.431015E+4
5.829861E+1,4.426684E+4
5.833333E+1,4.422354E+4
5.836806E+1,4.418023E+4
5.840278E+1,4.413693E+4
5.843750E+1,4.409363E+4
5.847222E+1,4.405032E+4
5.850694E+1,4.400702E+4
5.854167E+1,4.396371E+4
5.857639E+1,4.392041E+4
5.861111E+1,4.387711E+4
5.864583E+1,4.383380E+4
5.868056E+1,4.379050E+4
5.871528E+1,4.374720E+4
5.875000E+1,4.370389E+4
5.878472E+1,4.366059E+4
5.881944E+1,4.361729E+4
5.885417E+1,4.357398E+4
5.888889E+1,4.353068E+4
5.892361E+1,4.348737E+4
5.895833E+1,4.344407E+4
5.899306E+1,4.340077E+4
5.902778E+1,4.335746E+4
5.906250E+1,4.331416E+4
5.909722E+1,4.327086E+4
5.913194E+1,4.322755E+4
5.916667E+1,4.318425E+4
5.920139E+1,4.314094E+4
5.923611E+1,4.312796E+4
5.927083E+1,4.312796E+4
5.930556E+1,4.312796E+4
5.934028E+1,4.312796E+4
5.937500E+1,4.312796E+4
5.940972E+1,4.312796E+4
5.944444E+1,4.312796E+4
5.947917E+1,4.312796E+4
5.951389E+1,4.312796E+4
5.954861E+1,4.312796E+4
5.958333E+1,4.312796E+4
5.961806E+1,4.312796E+4
5.965278E+1,4.312796E+4
5.968750E+1,4.312796E+4
5.972222E+1,4.312796E+4
5.975694E+1,4.312796E+4
5.979167E+1,4.312796E+4
5.982639E+1,4.312796E+4
5.986111E+1,4.312796E+4
5.989583E+1,4.312796E+4
5.993056E+1,4.312796E+4
5.996528E+1,4.312796E+4
6.000000E+1,4.312796E+4
6.003472E+1,4.312796E+4
6.006944E+1,4.312796E+4
6.010417E+1,4.312796E+4
6.013889E+1,4.312796E+4
6.017361E+1,4.312796E+4
6.020833E+1,4.312796E+4
6.024306E+1,4.312796E+4
6.027778E+1,4.312796E+4
6.031250E+1,4.312796E+4
6.034722E+1,4.312796E+4
6.038194E+1,4.312796E+4
6.041667E+1,4.312796E+4
6.045139E+1,4.312796E+4
6.048611E+1,4.312796E+4
6.052083E+1,4.312796E+4
6.055556E+1,4.312796E+4
6.059028E+1,4.312796E+4
6.062500E+1,4.312796E+4
6.065972E+1,4.312796E+4
6.069444E+1,4.312796E+4
6.072917E+1,4.312796E+4
6.076389E+1,4.312796E+4
6.079861E+1,4.312796E+4
6.083333E+1,4.312796E+4
6.086806E+1,4.312796E+4
6.090278E+1,4.312796E+4
6.093750E+1,4.312796E+4
6.097222E+1,4.312796E+4
6.100694E+1,4.312796E+4
6.104167E+1,4.312796E+4
6.107639E+1,4.312796E+4
6.111111E+1,4.312796E+4
6.114583E+1,4.312796E+4
6.118056E+1,4.312796E+4
6.121528E+1,4.312796E+4
6.125000E+1,4.312796E+4
6.128472E+1,4.312796E+4
6.131944E+1,4.312796E+4
6.135417E+1,4.312796E+4
6.138889E+1,4.312796E+4
6.142361E+1,4.312796E+4
6.145833E+1,4.312796E+4
6.149306E+1,4.312796E+4
6.152778E+1,4.312796E+4
6.156250E+1,4.312796E+4
6.159722E+1,4.312796E+4
6.163194E+1,4.312796E+4
6.166667E+1,4.312796E+4
6.170139E+1,4.312796E+4
6.173611E+1,4.312796E+4
6.177083E+1,4.312796E+4
6.180556E+1,4.312796E+4
6.184028E+1,4.312796E+4
6.187500E+1,4.312796E+4
6.190972E+1,4.312796E+4
6.194444E+1,4.312796E+4
6.197917E+1,4.312796E+4
6.201389E+1,4.312796E+4
6.204861E+1,4.312796E+4
6.208333E+1,4.312796E+4
6.211806E+1,4.312796E+4
6.215278E+1,4.312796E+4
6.218750E+1,4.312796E+4
6.222222E+1,4.312796E+4
6.225694E+1,4.312796E+4
6.229167E+1,4.312796E+4
6.232639E+1,4.312796E+4
6.236111E+1,4.312796E+4
6.239583E+1,4.312796E+4
6.243056E+1,4.312796E+4
6.246528E+1,4.312796E+4
6.250000E+1,4.312796E+4
6.253472E+1,4.312796E+4
6.256944E+1,4.312796E+4
6.260417E+1,4.312796E+4
6.263889E+1,4.312796E+4
6.267361E+1,4.312796E+4
6.270833E+1,4.312796E+4
6.274306E+1,4.312796E+4
6.277778E+1,4.312796E+4
6.281250E+1,4.312796E+4
6.284722E+1,4.312796E+4
6.288194E+1,4.312796E+4
6.291667E+1,4.312796E+4
6.295139E+1,4.312796E+4
6.298611E+1,4.312796E+4
6.302083E+1,4.312796E+4
6.305556E+1,4.312796E+4
6.309028E+1,4.312796E+4
6.312500E+1,4.312796E+4
6.315972E+1,4.312796E+4
6.319444E+1,4.312796E+4
6.322917E+1,4.312796E+4
6.326389E+1,4.312796E+4
6.329861E+1,4.312796E+4
6.333333E+1,4.312796E+4
6.336806E+1,4.312796E+4
6.340278E+1,4.312796E+4
6.343750E+1,4.312796E+4
6.347222E+1,4.312796E+4
6.350694E+1,4.312796E+4
6.354167E+1,4.312796E+4
6.357639E+1,4.312796E+4
6.361111E+1,4.312796E+4
6.364583E+1,4.312796E+4
6.368056E+1,4.312796E+4
6.371528E+1,4.312796E+4
6.375000E+1,4.313459E+4
6.378472E+1,4.317170E+4
6.381944E+1,4.320882E+4
6.385417E+1,4.324594E+4
6.388889E+1,4.328306E+4
6.392361E+1,4.332017E+4
6.395833E+1,4.335729E+4
6.399306E+1,4.339441E+4
6.402778E+1,4.343152E+4
6.406250E+1,4.346864E+4
6.409722E+1,4.350576E+4
6.413194E+1,4.354287E+4
6.416667E+1,4.357999E+4
6.420139E+1,4.361711E+4
6.423611E+1,4.365422E+4
6.427083E+1,4.369134E+4
6.430556E+1,4.372846E+4
6.434028E+1,4.376557E+4
6.437500E+1,4.380269E+4
6.440972E+1,4.383981E+4
6.444444E+1,4.387692E+4
6.447917E+1,4.391404E+4
6.451389E+1,4.395116E+4
6.454861E+1,4.398828E+4
6.458333E+1,4.402539E+4
6.461806E+1,4.406251E+4
6.465278E+1,4.409963E+4
6.468750E+1,4.413674E+4
6.472222E+1,4.417386E+4
6.475694E+1,4.421098E+4
6.479167E+1,4.424809E+4
6.482639E+1,4.428521E+4
6.486111E+1,4.432233E+4
6.489583E+1,4.435944E+4
6.493056E+1,4.439656E+4
6.496528E+1,4.443368E+4
6.500000E+1,4.447079E+4
6.503472E+1,4.450791E+4
6.506944E+1,4.454503E+4
6.510417E+1,4.458215E+4
6.513889E+1,4.461926E+4
6.517361E+1,4.465638E+4
6.520833E+1,4.469350E+4
6.524306E+1,4.473061E+4
6.527778E+1,4.476773E+4
6.531250E+1,4.480485E+4
6.534722E+1,4.484196E+4
6.538194E+1,4.487908E+4
6.541667E+1,4.491620E+4
6.545139E+1,4.495331E+4
6.548611E+1,4.499043E+4
6.552083E+1,4.502755E+4
6.555556E+1,4.506466E+4
6.559028E+1,4.510178E+4
6.562500E+1,4.513890E+4
6.565972E+1,4.517601E+4
6.569444E+1,4.521313E+4
6.572917E+1,4.525025E+4
6.576389E+1,4.528737E+4
6.579861E+1,4.532448E+4
6.583333E+1,4.536160E+4
6.586806E+1,4.539872E+4
6.590278E+1,4.543583E+4
6.593750E+1,4.547295E+4
6.597222E+1,4.551007E+4
6.600694E+1,4.554718E+4
6.604167E+1,4.558430E+4
6.607639E+1,4.562142E+4
6.611111E+1,4.565853E+4
6.614583E+1,4.569565E+4
6.618056E+1,4.573277E+4
6.621528E+1,4.576989E+4
6.625000E+1,4.580700E+4
6.628472E+1,4.584412E+4
6.631944E+1,4.588124E+4
6.635417E+1,4.591835E+4
6.638889E+1,4.595547E+4
6.642361E+1,4.599259E+4
6.645833E+1,4.602970E+4
6.649306E+1,4.606682E+4
6.652778E+1,4.610394E+4
6.656250E+1,4.614105E+4
6.659722E+1,4.617817E+4
6.663194E+1,4.621529E+4
6.666667E+1,4.625240E+4
6.670139E+1,4.628952E+4
6.673611E+1,4.632664E+4
6.677083E+1,4.636375E+4
6.680556E+1,4.640087E+4
6.684028E+1,4.643799E+4
6.687500E+1,4.647511E+4
6.690972E+1,4.651222E+4
6.694444E+1,4.654934E+4
6.697917E+1,4.658646E+4
6.701389E+1,4.662357E+4
6.704861E+1,4.666069E+4
6.708333E+1,4.669781E+4
6.711806E+1,4.673492E+4
6.715278E+1,4.677204E+4
6.718750E+1,4.680916E+4
6.722222E+1,4.684627E+4
6.725694E+1,4.688339E+4
6.729167E+1,4.692051E+4
6.732639E+1,4.695762E+4
6.736111E+1,4.699474E+4
6.739583E+1,4.703186E+4
6.743056E+1,4.706898E+4
6.746528E+1,4.710609E+4
6.750000E+1,4.714321E+4
6.753472E+1,4.718033E+4
6.756944E+1,4.721744E+4
6.760417E+1,4.725456E+4
6.763889E+1,4.729168E+4
6.767361E+1,4.732879E+4
6.770833E+1,4.736591E+4
6.774306E+1,4.740303E+4
6.777778E+1,4.744014E+4
6.781250E+1,4.747726E+4
6.784722E+1,4.751438E+4
6.788194E+1,4.755127E+4
6.791667E+1,4.753395E+4
6.795139E+1,4.751662E+4
6.798611E+1,4.749930E+4
6.802083E+1,4.748198E+4
6.805556E+1,4.746466E+4
6.809028E+1,4.744734E+4
6.812500E+1,4.743002E+4
6.815972E+1,4.741270E+4
6.819444E+1,4.739537E+4
6.822917E+1,4.737805E+4
6.826389E+1,4.736073E+4
6.829861E+1,4.734341E+4
6.833333E+1,4.732609E+4
6.836806E+1,4.730877E+4
6.840278E+1,4.729145E+4
6.843750E+1,4.727412E+4
6.847222E+1,4.725680E+4
6.850694E+1,4.723948E+4
6.854167E+1,4.722216E+4
6.857639E+1,4.720484E+4
6.861111E+1,4.718752E+4
6.864583E+1,4.717020E+4
6.868056E+1,4.715287E+4
6.871528E+1,4.713555E+4
6.875000E+1,4.711823E+4
6.878472E+1,4.710091E+4
6.881944E+1,4.708359E+4
6.885417E+1,4.706627E+4
6.888889E+1,4.704894E+4
6.892361E+1,4.703162E+4
6.895833E+1,4.701430E+4
6.899306E+1,4.699698E+4
6.902778E+1,4.697966E+4
6.906250E+1,4.696234E+4
6.909722E+1,4.694502E+4
6.913194E+1,4.692769E+4
6.916667E+1,4.691037E+4
6.920139E+1,4.689305E+4
6.923611E+1,4.687573E+4
6.927083E+1,4.685841E+4
6.930556E+1,4.684109E+4
6.934028E+1,4.682377E+4
6.937500E+1,4.680644E+4
6.940972E+1,4.678912E+4
6.944444E+1,4.677180E+4
6.947917E+1,4.675448E+4
6.951389E+1,4.673716E+4
6.954861E+1,4.671984E+4
6.958333E+1,4.670252E+4
6.961806E+1,4.668519E+4
6.965278E+1,4.666787E+4
6.968750E+1,4.665055E+4
6.972222E+1,4.663323E+4
6.975694E+1,4.661591E+4
6.979167E+1,4.659859E+4
6.982639E+1,4.658126E+4
6.986111E+1,4.656394E+4
6.989583E+1,4.654662E+4
6.993056E+1,4.652930E+4
6.996528E+1,4.651198E+4
7.000000E+1,4.649466E+4
7.003472E+1,4.647734E+4
7.006944E+1,4.646001E+4
7.010417E+1,4.644269E+4
7.013889E+1,4.642537E+4
7.017361E+1,4.640805E+4
7.020833E+1,4.639073E+4
7.024306E+1,4.637341E+4
7.027778E+1,4.635609E+4
7.031250E+1,4.633876E+4
7.034722E+1,4.632144E+4
7.038194E+1,4.630412E+4
7.041667E+1,4.628680E+4
7.045139E+1,4.626948E+4
7.048611E+1,4.625216E+4
7.052083E+1,4.623484E+4
7.055556E+1,4.621751E+4
7.059028E+1,4.620019E+4
7.062500E+1,4.618287E+4
7.065972E+1,4.616555E+4
7.069444E+1,4.614823E+4
7.072917E+1,4.613091E+4
7.076389E+1,4.611358E+4
7.079861E+1,4.609626E+4
7.083333E+1,4.607894E+4
7.086806E+1,4.606162E+4
7.090278E+1,4.604430E+4
7.093750E+1,4.602698E+4
7.097222E+1,4.600966E+4
7.100694E+1,4.599233E+4
7.104167E+1,4.597501E+4
7.107639E+1,4.595769E+4
7.111111E+1,4.594037E+4
7.114583E+1,4.592305E+4
7.118056E+1,4.590573E+4
7.121528E+1,4.588841E+4
7.125000E+1,4.587108E+4
7.128472E+1,4.585376E+4
7.131944E+1,4.583644E+4
7.135417E+1,4.581912E+4
7.138889E+1,4.580180E+4
7.142361E+1,4.578448E+4
7.145833E+1,4.576716E+4
7.149306E+1,4.574983E+4
7.152778E+1,4.573251E+4
7.156250E+1,4.571519E+4
7.159722E+1,4.569787E+4
7.163194E+1,4.568055E+4
7.166667E+1,4.566323E+4
7.170139E+1,4.564590E+4
7.173611E+1,4.562858E+4
7.177083E+1,4.561126E+4
7.180556E+1,4.559394E+4
7.184028E+1,4.557662E+4
7.187500E+1,4.555930E+4
7.190972E+1,4.554198E+4
7.194444E+1,4.552465E+4
7.197917E+1,4.550733E+4
7.201389E+1,4.549001E+4
7.204861E+1,4.547269E+4
7.208333E+1,4.545537E+4
7.211806E+1,4.543805E+4
7.215278E+1,4.542073E+4
7.218750E+1,4.540340E+4
7.222222E+1,4.538608E+4
7.225694E+1,4.536876E+4
7.229167E+1,4.535144E+4
7.232639E+1,4.532228E+4
7.236111E+1,4.526790E+4
7.239583E+1,4.521352E+4
7.243056E+1,4.515914E+4
7.246528E+1,4.510475E+4
7.250000E+1,4.505037E+4
7.253472E+1,4.499599E+4
7.256944E+1,4.494161E+4
7.260417E+1,4.488723E+4
7.263889E+1,4.483284E+4
7.267361E+1,4.477846E+4
7.270833E+1,4.472408E+4
7.274306E+1,4.466970E+4
7.277778E+1,4.461531E+4
7.281250E+1,4.456093E+4
7.284722E+1,4.450655E+4
7.288194E+1,4.445217E+4
7.291667E+1,4.439779E+4
7.295139E+1,4.434340E+4
7.298611E+1,4.428902E+4
7.302083E+1,4.423464E+4
7.305556E+1,4.418026E+4
7.309028E+1,4.412588E+4
7.312500E+1,4.407149E+4
7.315972E+1,4.401711E+4
7.319444E+1,4.396273E+4
7.322917E+1,4.390835E+4
7.326389E+1,4.385397E+4
7.329861E+1,4.379958E+4
7.333333E+1,4.374520E+4
7.336806E+1,4.369082E+4
7.340278E+1,4.363644E+4
7.343750E+1,4.358205E+4
7.347222E+1,4.352767E+4
7.350694E+1,4.347329E+4
7.354167E+1,4.341891E+4
7.357639E+1,4.336453E+4
7.361111E+1,4.331014E+4
7.364583E+1,4.325576E+4
7.368056E+1,4.320138E+4
7.371528E+1,4.314700E+4
7.375000E+1,4.309262E+4
7.378472E+1,4.303823E+4
7.381944E+1,4.298385E+4
7.385417E+1,4.292947E+4
7.388889E+1,4.287509E+4
7.392361E+1,4.282071E+4
7.395833E+1,4.276632E+4
7.399306E+1,4.271194E+4
7.402778E+1,4.265756E+4
7.406250E+1,4.260318E+4
7.409722E+1,4.254880E+4
7.413194E+1,4.249441E+4
7.416667E+1,4.244003E+4
7.420139E+1,4.238565E+4
7.423611E+1,4.233127E+4
7.427083E+1,4.227688E+4
7.430556E+1,4.222250E+4
7.434028E+1,4.216812E+4
7.437500E+1,4.211374E+4
7.440972E+1,4.205936E+4
7.444444E+1,4.200497E+4
7.447917E+1,4.195059E+4
7.451389E+1,4.189621E+4
7.454861E+1,4.184183E+4
7.458333E+1,4.178745E+4
7.461806E+1,4.173306E+4
7.465278E+1,4.167868E+4
7.468750E+1,4.162430E+4
7.472222E+1,4.156992E+4
7.475694E+1,4.151554E+4
7.479167E+1,4.146115E+4
7.482639E+1,4.140677E+4
7.486111E+1,4.135239E+4
7.489583E+1,4.129801E+4
7.493056E+1,4.124362E+4
7.496528E+1,4.118924E+4
7.500000E+1,4.113486E+4
7.503472E+1,4.108048E+4
7.506944E+1,4.102610E+4
7.510417E+1,4.097171E+4
7.513889E+1,4.091733E+4
7.517361E+1,4.086295E+4
7.520833E+1,4.080857E+4
7.524306E+1,4.075418E+4
7.527778E+1,4.069980E+4
7.531250E+1,4.064542E+4
7.534722E+1,4.059104E+4
7.538194E+1,4.053666E+4
7.541667E+1,4.048227E+4
7.545139E+1,4.042789E+4
7.548611E+1,4.037351E+4
7.552083E+1,4.031913E+4
7.555556E+1,4.026475E+4
7.559028E+1,4.021036E+4
7.562500E+1,4.015598E+4
7.565972E+1,4.010160E+4
7.569444E+1,4.004722E+4
7.572917E+1,3.999284E+4
7.576389E+1,3.993845E+4
7.579861E+1,3.988407E+4
7.583333E+1,3.982969E+4
7.586806E+1,3.977531E+4
7.590278E+1,3.972092E+4
7.593750E+1,3.966654E+4
7.597222E+1,3.961216E+4
7.600694E+1,3.955778E+4
7.604167E+1,3.950340E+4
7.607639E+1,3.944901E+4
7.611111E+1,3.939463E+4
7.614583E+1,3.934025E+4
7.618056E+1,3.928587E+4
7.621528E+1,3.923149E+4
7.625000E+1,3.917710E+4
7.628472E+1,3.912272E+4
7.631944E+1,3.906834E+4
7.635417E+1,3.901396E+4
7.638889E+1,3.895958E+4
7.642361E+1,3.890519E+4
7.645833E+1,3.885081E+4
7.649306E+1,3.879643E+4
7.652778E+1,3.874205E+4
7.656250E+1,3.868766E+4
7.659722E+1,3.863328E+4
7.663194E+1,3.857890E+4
7.666667E+1,3.852452E+4
7.670139E+1,3.847014E+4
7.673611E+1,3.841575E+4
7.677083E+1,3.836137E+4
7.680556E+1,3.830699E+4
7.684028E+1,3.825261E+4
7.687500E+1,3.819823E+4
7.690972E+1,3.814384E+4
7.694444E+1,3.808946E+4
7.697917E+1,3.803508E+4
7.701389E+1,3.798070E+4
7.704861E+1,3.792632E+4
7.708333E+1,3.787193E+4
7.711806E+1,3.781755E+4
7.715278E+1,3.776317E+4
7.718750E+1,3.770879E+4
7.722222E+1,3.765441E+4
7.725694E+1,3.760002E+4
7.729167E+1,3.754564E+4
7.732639E+1,3.749126E+4
7.736111E+1,3.743688E+4
7.739583E+1,3.738249E+4
7.743056E+1,3.732811E+4
7.746528E+1,3.727373E+4
7.750000E+1,3.721935E+4
7.753472E+1,3.716497E+4
7.756944E+1,3.711058E+4
7.760417E+1,3.705620E+4
7.763889E+1,3.700182E+4
7.767361E+1,3.694744E+4
7.770833E+1,3.689306E+4
7.774306E+1,3.683867E+4
7.777778E+1,3.678429E+4
7.781250E+1,3.672991E+4
7.784722E+1,3.667553E+4
7.788194E+1,3.662115E+4
7.791667E+1,3.656676E+4
7.795139E+1,3.651238E+4
7.798611E+1,3.645800E+4
7.802083E+1,3.640362E+4
7.805556E+1,3.634923E+4
7.809028E+1,3.629485E+4
7.812500E+1,3.624047E+4
7.815972E+1,3.618609E+4
7.819444E+1,3.613171E+4
7.822917E+1,3.607732E+4
7.826389E+1,3.602294E+4
7.829861E+1,3.596856E+4
7.833333E+1,3.591418E+4
7.836806E+1,3.585979E+4
7.840278E+1,3.580541E+4
7.843750E+1,3.575103E+4
7.847222E+1,3.569665E+4
7.850694E+1,3.564227E+4
7.854167E+1,3.558788E+4
7.857639E+1,3.553350E+4
7.861111E+1,3.547912E+4
7.864583E+1,3.542474E+4
7.868056E+1,3.537036E+4
7.871528E+1,3.531597E+4
7.875000E+1,3.526159E+4
7.878472E+1,3.520721E+4
7.881944E+1,3.515283E+4
7.885417E+1,3.509845E+4
7.888889E+1,3.504406E+4
7.892361E+1,3.498968E+4
7.895833E+1,3.493530E+4
7.899306E+1,3.488092E+4
7.902778E+1,3.482653E+4
7.906250E+1,3.477215E+4
7.909722E+1,3.471777E+4
7.913194E+1,3.466339E+4
7.916667E+1,3.460901E+4
7.920139E+1,3.455462E+4
7.923611E+1,3.450024E+4
7.927083E+1,3.444586E+4
7.930556E+1,3.439148E+4
7.934028E+1,3.433710E+4
7.937500E+1,3.428271E+4
7.940972E+1,3.422833E+4
7.944444E+1,3.417395E+4
7.947917E+1,3.411957E+4
7.951389E+1,3.406519E+4
7.954861E+1,3.401080E+4
7.958333E+1,3.395642E+4
7.961806E+1,3.390204E+4
7.965278E+1,3.384766E+4
7.968750E+1,3.379327E+4
7.972222E+1,3.373889E+4
7.975694E+1,3.368451E+4
7.979167E+1,3.363013E+4
7.982639E+1,3.357575E+4
7.986111E+1,3.352136E+4
7.989583E+1,3.346698E+4
7.993056E+1,3.341260E+4
7.996528E+1,3.335822E+4
8.000000E+1,3.330384E+4
8.003472E+1,3.324945E+4
8.006944E+1,3.319507E+4
8.010417E+1,3.314069E+4
8.013889E+1,3.308631E+4
8.017361E+1,3.303193E+4
8.020833E+1,3.297754E+4
8.024306E+1,3.292316E+4
8.027778E+1,3.286878E+4
8.031250E+1,3.281440E+4
8.034722E+1,3.276002E+4
8.038194E+1,3.270563E+4
8.041667E+1,3.265125E+4
8.045139E+1,3.259687E+4
8.048611E+1,3.254249E+4
8.052083E+1,3.248810E+4
8.055556E+1,3.243372E+4
8.059028E+1,3.237934E+4
8.062500E+1,3.232496E+4
8.065972E+1,3.227058E+4
8.069444E+1,3.221619E+4
8.072917E+1,3.216181E+4
8.076389E+1,3.210743E+4
8.079861E+1,3.205305E+4
8.083333E+1,3.199867E+4
8.086806E+1,3.194428E+4
8.090278E+1,3.188990E+4
8.093750E+1,3.183552E+4
8.097222E+1,3.178114E+4
8.100694E+1,3.172676E+4
8.104167E+1,3.167237E+4
8.107639E+1,3.161799E+4
8.111111E+1,3.156361E+4
8.114583E+1,3.150923E+4
8.118056E+1,3.145484E+4
8.121528E+1,3.140046E+4
8.125000E+1,3.134608E+4
8.128472E+1,3.129170E+4
8.131944E+1,3.123732E+4
8.135417E+1,3.118293E+4
8.138889E+1,3.112855E+4
8.142361E+1,3.107417E+4
8.145833E+1,3.101979E+4
8.149306E+1,3.096540E+4
8.152778E+1,3.091102E+4
8.156250E+1,3.085664E+4
8.159722E+1,3.080226E+4
8.163194E+1,3.074788E+4
8.166667E+1,3.069349E+4
8.170139E+1,3.063911E+4
8.173611E+1,3.058473E+4
8.177083E+1,3.053035E+4
8.180556E+1,3.047597E+4
8.184028E+1,3.042158E+4
8.187500E+1,3.036720E+4
8.190972E+1,3.031282E+4
8.194444E+1,3.025844E+4
8.197917E+1,3.020406E+4
8.201389E+1,3.014967E+4
8.204861E+1,3.009529E+4
8.208333E+1,3.004091E+4
8.211806E+1,2.998653E+4
8.215278E+1,2.993214E+4
8.218750E+1,2.987776E+4
8.222222E+1,2.982338E+4
8.225694E+1,2.976900E+4
8.229167E+1,2.971462E+4
8.232639E+1,2.966023E+4
8.236111E+1,2.960585E+4
8.239583E+1,2.955147E+4
8.243056E+1,2.949709E+4
8.246528E+1,2.944271E+4
8.250000E+1,2.938832E+4
8.253472E+1,2.933394E+4
8.256944E+1,2.927956E+4
8.260417E+1,2.922518E+4
8.263889E+1,2.917080E+4
8.267361E+1,2.911641E+4
8.270833E+1,2.906203E+4
8.274306E+1,2.900765E+4
8.277778E+1,2.895327E+4
8.281250E+1,2.889889E+4
8.284722E+1,2.884450E+4
8.288194E+1,2.879012E+4
8.291667E+1,2.873574E+4
8.295139E+1,2.868136E+4
8.298611E+1,2.862697E+4
8.302083E+1,2.857259E+4
8.305556E+1,2.851821E+4
8.309028E+1,2.846383E+4
8.312500E+1,2.840945E+4
8.315972E+1,2.835506E+4
8.319444E+1,2.830068E+4
8.322917E+1,2.824630E+4
8.326389E+1,2.819192E+4
8.329861E+1,2.813754E+4
8.333333E+1,2.808315E+4
8.336806E+1,2.802877E+4
8.340278E+1,2.797439E+4
8.343750E+1,2.792001E+4
8.347222E+1,2.786563E+4
8.350694E+1,2.781124E+4
8.354167E+1,2.775686E+4
8.357639E+1,2.770248E+4
8.361111E+1,2.764810E+4
8.364583E+1,2.759371E+4
8.368056E+1,2.753933E+4
8.371528E+1,2.748495E+4
8.375000E+1,2.743057E+4
8.378472E+1,2.737619E+4
8.381944E+1,2.732180E+4
8.385417E+1,2.726742E+4
8.388889E+1,2.721304E+4
8.392361E+1,2.715866E+4
8.395833E+1,2.710428E+4
8.399306E+1,2.704989E+4
8.402778E+1,2.699551E+4
8.406250E+1,2.694113E+4
8.409722E+1,2.688675E+4
8.413194E+1,2.683237E+4
8.416667E+1,2.677798E+4
8.420139E+1,2.672360E+4
8.423611E+1,2.666922E+4
8.427083E+1,2.661484E+4
8.430556E+1,2.656045E+4
8.434028E+1,2.650607E+4
8.437500E+1,2.645169E+4
8.440972E+1,2.639731E+4
8.444444E+1,2.634293E+4
8.447917E+1,2.628854E+4
8.451389E+1,2.623416E+4
8.454861E+1,2.617978E+4
8.458333E+1,2.612540E+4
8.461806E+1,2.607101E+4
8.465278E+1,2.601663E+4
8.468750E+1,2.596225E+4
8.472222E+1,2.590787E+4
8.475694E+1,2.585349E+4
8.479167E+1,2.579910E+4
8.482639E+1,2.574472E+4
8.486111E+1,2.569034E+4
8.489583E+1,2.563596E+4
8.493056E+1,2.558158E+4
8.496528E+1,2.552719E+4
8.500000E+1,2.547281E+4
8.503472E+1,2.541843E+4
8.506944E+1,2.536405E+4
8.510417E+1,2.530967E+4
8.513889E+1,2.525528E+4
8.517361E+1,2.520090E+4
8.520833E+1,2.514652E+4
8.524306E+1,2.509214E+4
8.527778E+1,2.503775E+4
8.531250E+1,2.498337E+4
8.534722E+1,2.492899E+4
8.538194E+1,2.487461E+4
8.541667E+1,2.482023E+4
8.545139E+1,2.476584E+4
8.548611E+1,2.471146E+4
8.552083E+1,2.465708E+4
8.555556E+1,2.460270E+4
8.559028E+1,2.454832E+4
8.562500E+1,2.449393E+4
8.565972E+1,2.443955E+4
8.569444E+1,2.438517E+4
8.572917E+1,2.433079E+4
8.576389E+1,2.427641E+4
8.579861E+1,2.422202E+4
8.583333E+1,2.416764E+4
8.586806E+1,2.411326E+4
8.590278E+1,2.405888E+4
8.593750E+1,2.400450E+4
8.597222E+1,2.395011E+4
8.600694E+1,2.389573E+4
8.604167E+1,2.384135E+4
8.607639E+1,2.378697E+4
8.611111E+1,2.373258E+4
8.614583E+1,2.367820E+4
8.618056E+1,2.362382E+4
8.621528E+1,2.356944E+4
8.625000E+1,2.351506E+4
8.628472E+1,2.346067E+4
8.631944E+1,2.340629E+4
8.635417E+1,2.335191E+4
8.638889E+1,2.329753E+4
8.642361E+1,2.324315E+4
8.645833E+1,2.318876E+4
8.649306E+1,2.313438E+4
8.652778E+1,2.308000E+4
8.656250E+1,2.302562E+4
8.659722E+1,2.297124E+4
8.663194E+1,2.291685E+4
8.666667E+1,2.286247E+4
8.670139E+1,2.280809E+4
8.673611E+1,2.275371E+4
8.677083E+1,2.269932E+4
8.680556E+1,2.264494E+4
8.684028E+1,2.259056E+4
8.687500E+1,2.253618E+4
8.690972E+1,2.248180E+4
8.694444E+1,2.242741E+4
8.697917E+1,2.237303E+4
8.701389E+1,2.231865E+4
8.704861E+1,2.226427E+4
8.708333E+1,2.220989E+4
8.711806E+1,2.215550E+4
8.715278E+1,2.210112E+4
8.718750E+1,2.204674E+4
8.722222E+1,2.199236E+4
8.725694E+1,2.193798E+4
8.729167E+1,2.188359E+4
8.732639E+1,2.182921E+4
8.736111E+1,2.177483E+4
8.739583E+1,2.172045E+4
8.743056E+1,2.166606E+4
8.746528E+1,2.161168E+4
8.750000E+1,2.155730E+4
8.753472E+1,2.150292E+4
8.756944E+1,2.144854E+4
8.760417E+1,2.139415E+4
8.763889E+1,2.133977E+4
8.767361E+1,2.128539E+4
8.770833E+1,2.123101E+4
8.774306E+1,2.117662E+4
8.777778E+1,2.112224E+4
8.781250E+1,2.106786E+4
8.784722E+1,2.101348E+4
8.788194E+1,2.095910E+4
8.791667E+1,2.090471E+4
8.795139E+1,2.085033E+4
8.798611E+1,2.079595E+4
8.802083E+1,2.074157E+4
8.805556E+1,2.068719E+4
8.809028E+1,2.063280E+4
8.812500E+1,2.057842E+4
8.815972E+1,2.052404E+4
8.819444E+1,2.046966E+4
8.822917E+1,2.041528E+4
8.826389E+1,2.036089E+4
8.829861E+1,2.030651E+4
8.833333E+1,2.025213E+4
8.836806E+1,2.019775E+4
8.840278E+1,2.014336E+4
8.843750E+1,2.008898E+4
8.847222E+1,2.003460E+4
8.850694E+1,1.998022E+4
8.854167E+1,1.992584E+4
8.857639E+1,1.987145E+4
8.861111E+1,1.981707E+4
8.864583E+1,1.976269E+4
8.868056E+1,1.970831E+4
8.871528E+1,1.965393E+4
8.875000E+1,1.959954E+4
8.878472E+1,1.954516E+4
8.881944E+1,1.949078E+4
8.885417E+1,1.943640E+4
8.888889E+1,1.938202E+4
8.892361E+1,1.932763E+4
8.895833E+1,1.927325E+4
8.899306E+1,1.921887E+4
8.902778E+1,1.916449E+4
8.906250E+1,1.911011E+4
8.909722E+1,1.905572E+4
8.913194E+1,1.900134E+4
8.916667E+1,1.894696E+4
8.920139E+1,1.889258E+4
8.923611E+1,1.883819E+4
8.927083E+1,1.878381E+4
8.930556E+1,1.872943E+4
8.934028E+1,1.867505E+4
8.937500E+1,1.862067E+4
8.940972E+1,1.856628E+4
8.944444E+1,1.851190E+4
8.947917E+1,1.845752E+4
8.951389E+1,1.840314E+4
8.954861E+1,1.834876E+4
8.958333E+1,1.829437E+4
8.961806E+1,1.823999E+4
8.965278E+1,1.818561E+4
8.968750E+1,1.813123E+4
8.972222E+1,1.807685E+4
8.975694E+1,1.802246E+4
8.979167E+1,1.796808E+4
8.982639E+1,1.791370E+4
8.986111E+1,1.785932E+4
8.989583E+1,1.780493E+4
8.993056E+1,1.775055E+4
8.996528E+1,1.769617E+4
9.000000E+1,1.764179E+4
9.003472E+1,1.758741E+4
9.006944E+1,1.753302E+4
9.010417E+1,1.747864E+4
9.013889E+1,1.742426E+4
9.017361E+1,1.736988E+4
9.020833E+1,1.731550E+4
9.024306E+1,1.726111E+4
9.027778E+1,1.720673E+4
9.031250E+1,1.715235E+4
9.034722E+1,1.709797E+4
9.038194E+1,1.704359E+4
9.041667E+1,1.698920E+4
9.045139E+1,1.693482E+4
9.048611E+1,1.688044E+4
9.052083E+1,1.682606E+4
9.055556E+1,1.677167E+4
9.059028E+1,1.671729E+4
9.062500E+1,1.666291E+4
9.065972E+1,1.660853E+4
9.069444E+1,1.655415E+4
9.072917E+1,1.649976E+4
9.076389E+1,1.644538E+4
9.079861E+1,1.639100E+4
9.083333E+1,1.633662E+4
9.086806E+1,1.628223E+4
9.090278E+1,1.622785E+4
9.093750E+1,1.617347E+4
9.097222E+1,1.611909E+4
9.100694E+1,1.606471E+4
9.104167E+1,1.601032E+4
9.107639E+1,1.595594E+4
9.111111E+1,1.590156E+4
9.114583E+1,1.584718E+4
9.118056E+1,1.579280E+4
9.121528E+1,1.573841E+4
9.125000E+1,1.568403E+4
9.128472E+1,1.562965E+4
9.131944E+1,1.557527E+4
9.135417E+1,1.552089E+4
9.138889E+1,1.546650E+4
9.142361E+1,1.541212E+4
9.145833E+1,1.535774E+4
9.149306E+1,1.530336E+4
9.152778E+1,1.524897E+4
9.156250E+1,1.519459E+4
9.159722E+1,1.514021E+4
9.163194E+1,1.508583E+4
9.166667E+1,1.503145E+4
9.170139E+1,1.497706E+4
9.173611E+1,1.492268E+4
9.177083E+1,1.486830E+4
9.180556E+1,1.481392E+4
9.184028E+1,1.475954E+4
9.187500E+1,1.470515E+4
9.190972E+1,1.465077E+4
9.194444E+1,1.459639E+4
9.197917E+1,1.454201E+4
9.201389E+1,1.448763E+4
9.204861E+1,1.443324E+4
9.208333E+1,1.437886E+4
9.211806E+1,1.432448E+4
9.215278E+1,1.427010E+4
9.218750E+1,1.421572E+4
9.222222E+1,1.416133E+4
9.225694E+1,1.410695E+4
9.229167E+1,1.405257E+4
9.232639E+1,1.399819E+4
9.236111E+1,1.394380E+4
9.239583E+1,1.388942E+4
9.243056E+1,1.383504E+4
9.246528E+1,1.378066E+4
9.250000E+1,1.372628E+4
9.253472E+1,1.367189E+4
9.256944E+1,1.361751E+4
9.260417E+1,1.356313E+4
9.263889E+1,1.350875E+4
9.267361E+1,1.345437E+4
9.270833E+1,1.339998E+4
9.274306E+1,1.334560E+4
9.277778E+1,1.329122E+4
9.281250E+1,1.323684E+4
9.284722E+1,1.318246E+4
9.288194E+1,1.312807E+4
9.291667E+1,1.307369E+4
9.295139E+1,1.301931E+4
9.298611E+1,1.296493E+4
9.302083E+1,1.291054E+4
9.305556E+1,1.285616E+4
9.309028E+1,1.280178E+4
9.312500E+1,1.274740E+4
9.315972E+1,1.269302E+4
9.319444E+1,1.263863E+4
9.322917E+1,1.258425E+4
9.326389E+1,1.252987E+4
9.329861E+1,1.247549E+4
9.333333E+1,1.242111E+4
9.336806E+1,1.236672E+4
9.340278E+1,1.231234E+4
9.343750E+1,1.225796E+4
9.347222E+1,1.220358E+4
9.350694E+1,1.214920E+4
9.354167E+1,1.209481E+4
9.357639E+1,1.204043E+4
9.361111E+1,1.198605E+4
9.364583E+1,1.193167E+4
9.368056E+1,1.187728E+4
9.371528E+1,1.182290E+4
9.375000E+1,1.176852E+4
9.378472E+1,1.171414E+4
9.381944E+1,1.165976E+4
9.385417E+1,1.160537E+4
9.388889E+1,1.155099E+4
9.392361E+1,1.149661E+4
9.395833E+1,1.144223E+4
9.399306E+1,1.138784E+4
9.402778E+1,1.133346E+4
9.406250E+1,1.127908E+4
9.409722E+1,1.122470E+4
9.413194E+1,1.117032E+4
9.416667E+1,1.111593E+4
9.420139E+1,1.106155E+4
9.423611E+1,1.100717E+4
9.427083E+1,1.095279E+4
9.430556E+1,1.089841E+4
9.434028E+1,1.084402E+4
9.437500E+1,1.078964E+4
9.440972E+1,1.073526E+4
9.444444E+1,1.068088E+4
9.447917E+1,1.062650E+4
9.451389E+1,1.057211E+4
9.454861E+1,1.051773E+4
9.458333E+1,1.046335E+4
9.461806E+1,1.040897E+4
9.465278E+1,1.035458E+4
9.468750E+1,1.030020E+4
9.472222E+1,1.024582E+4
9.475694E+1,1.019144E+4
9.479167E+1,1.013706E+4
9.482639E+1,1.008267E+4
9.486111E+1,1.002829E+4
9.489583E+1,9.973911E+3
9.493056E+1,9.919528E+3
9.496528E+1,9.865146E+3
9.500000E+1,9.810764E+3
9.503472E+1,9.756382E+3
9.506944E+1,9.702001E+3
9.510417E+1,9.647617E+3
9.513889E+1,9.593235E+3
9.517361E+1,9.538854E+3
9.520833E+1,9.484472E+3
9.524306E+1,9.430089E+3
9.527778E+1,9.375707E+3
9.531250E+1,9.321325E+3
9.534722E+1,9.266943E+3
9.538194E+1,9.212562E+3
9.541667E+1,9.158178E+3
9.545139E+1,9.103796E+3
9.548611E+1,9.049415E+3
9.552083E+1,8.995033E+3
9.555556E+1,8.940650E+3
9.559028E+1,8.886268E+3
9.562500E+1,8.831886E+3
9.565972E+1,8.777504E+3
9.569444E+1,8.723123E+3
9.572917E+1,8.668739E+3
9.576389E+1,8.614357E+3
9.579861E+1,8.559976E+3
9.583333E+1,8.505594E+3
9.586806E+1,8.451211E+3
9.590278E+1,8.396829E+3
9.593750E+1,8.342447E+3
9.597222E+1,8.288065E+3
9.600694E+1,8.233684E+3
9.604167E+1,8.179300E+3
9.607639E+1,8.124918E+3
9.611111E+1,8.070537E+3
9.614583E+1,8.016155E+3
9.618056E+1,7.961772E+3
9.621528E+1,7.907390E+3
9.625000E+1,7.853008E+3
9.628472E+1,7.798626E+3
9.631944E+1,7.744245E+3
9.635417E+1,7.689861E+3
9.638889E+1,7.635479E+3
9.642361E+1,7.581098E+3
9.645833E+1,7.526716E+3
9.649306E+1,7.472333E+3
9.652778E+1,7.417951E+3
9.656250E+1,7.363569E+3
9.659722E+1,7.309187E+3
9.663194E+1,7.254806E+3
9.666667E+1,7.200422E+3
9.670139E+1,7.146040E+3
9.673611E+1,7.091659E+3
9.677083E+1,7.037277E+3
9.680556E+1,6.982894E+3
9.684028E+1,6.928512E+3
9.687500E+1,6.874130E+3
9.690972E+1,6.819748E+3
9.694444E+1,6.765367E+3
9.697917E+1,6.710983E+3
9.701389E+1,6.656601E+3
9.704861E+1,6.602220E+3
9.708333E+1,6.547838E+3
9.711806E+1,6.493455E+3
9.715278E+1,6.439073E+3
9.718750E+1,6.384691E+3
9.722222E+1,6.330309E+3
9.725694E+1,6.275928E+3
9.729167E+1,6.221544E+3
9.732639E+1,6.167162E+3
9.736111E+1,6.112781E+3
9.739583E+1,6.058399E+3
9.743056E+1,6.004016E+3
9.746528E+1,5.949634E+3
9.750000E+1,5.895252E+3
9.753472E+1,5.840870E+3
9.756944E+1,5.786489E+3
9.760417E+1,5.732105E+3
9.763889E+1,5.677723E+3
9.767361E+1,5.623342E+3
9.770833E+1,5.568960E+3
9.774306E+1,5.514577E+3
9.777778E+1,5.460195E+3
9.781250E+1,5.405813E+3
9.784722E+1,5.351431E+3
9.788194E+1,5.297050E+3
9.791667E+1,5.242666E+3
9.795139E+1,5.188284E+3
9.798611E+1,5.133903E+3
9.802083E+1,5.079521E+3
9.805556E+1,5.025138E+3
9.809028E+1,4.970756E+3
9.812500E+1,4.916374E+3
9.815972E+1,4.861992E+3
9.819444E+1,4.807611E+3
9.822917E+1,4.753227E+3
9.826389E+1,4.698845E+3
9.829861E+1,4.644464E+3
9.833333E+1,4.590082E+3
9.836806E+1,4.535699E+3
9.840278E+1,4.481317E+3
9.843750E+1,4.426935E+3
9.847222E+1,4.372553E+3
9.850694E+1,4.318172E+3
9.854167E+1,4.263788E+3
9.857639E+1,4.209406E+3
9.861111E+1,4.155025E+3
9.864583E+1,4.100643E+3
9.868056E+1,4.046260E+3
9.871528E+1,3.991878E+3
9.875000E+1,3.937496E+3
9.878472E+1,3.883114E+3
9.881944E+1,3.828733E+3
9.885417E+1,3.774349E+3
9.888889E+1,3.719967E+3
9.892361E+1,3.665586E+3
9.895833E+1,3.611204E+3
9.899306E+1,3.556821E+3
9.902778E+1,3.502439E+3
9.906250E+1,3.448057E+3
9.909722E+1,3.393675E+3
9.913194E+1,3.339294E+3
9.916667E+1,3.284910E+3
9.920139E+1,3.230528E+3
9.923611E+1,3.176147E+3
9.927083E+1,3.121765E+3
9.930556E+1,3.067382E+3
9.934028E+1,3.013000E+3
9.937500E+1,2.958618E+3
9.940972E+1,2.904236E+3
9.944444E+1,2.849855E+3
9.947917E+1,2.795471E+3
9.951389E+1,2.741089E+3
9.954861E+1,2.686708E+3
9.958333E+1,2.632326E+3
9.961806E+1,2.577943E+3
9.965278E+1,2.523561E+3
9.968750E+1,2.469179E+3
9.972222E+1,2.414797E+3
9.975694E+1,2.360416E+3
9.979167E+1,2.306032E+3
9.982639E+1,2.251650E+3
9.986111E+1,2.197269E+3
9.989583E+1,2.142887E+3
9.993056E+1,2.088504E+3
9.996528E+1,2.034122E+3
