7.139351E-14,6.771081E-3
3.472222E-4,6.765322E-3
6.944444E-4,6.759563E-3
1.041667E-3,6.753804E-3
1.388889E-3,6.748045E-3
1.736111E-3,6.742286E-3
2.083333E-3,6.736527E-3
2.430556E-3,6.730768E-3
2.777778E-3,6.725009E-3
3.125000E-3,6.719250E-3
3.472222E-3,6.713490E-3
3.819444E-3,6.707731E-3
4.166667E-3,6.701972E-3
4.513889E-3,6.696213E-3
4.861111E-3,6.690454E-3
5.208333E-3,6.684695E-3
5.555556E-3,6.678936E-3
5.902778E-3,6.673177E-3
6.250000E-3,6.667418E-3
6.597222E-3,6.661659E-3
6.944444E-3,6.655900E-3
7.291667E-3,6.650140E-3
7.638889E-3,6.644381E-3
7.986111E-3,6.638622E-3
8.333333E-3,6.632863E-3
8.680556E-3,6.627104E-3
9.027778E-3,6.621345E-3
9.375000E-3,6.615586E-3
9.722222E-3,6.609827E-3
1.006944E-2,6.604068E-3
1.041667E-2,6.598309E-3
1.076389E-2,6.592550E-3
1.111111E-2,6.586790E-3
1.145833E-2,6.581031E-3
1.180556E-2,6.575272E-3
1.215278E-2,6.569513E-3
1.250000E-2,6.563754E-3
1.284722E-2,6.557995E-3
1.319444E-2,6.552236E-3
1.354167E-2,6.546477E-3
1.388889E-2,6.540718E-3
1.423611E-2,6.534959E-3
1.458333E-2,6.529200E-3
1.493056E-2,6.523440E-3
1.527778E-2,6.517681E-3
1.562500E-2,6.511922E-3
1.597222E-2,6.506163E-3
1.631944E-2,6.500404E-3
1.666667E-2,6.494645E-3
1.701389E-2,6.488886E-3
1.736111E-2,6.483127E-3
1.770833E-2,6.477368E-3
1.805556E-2,6.471609E-3
1.840278E-2,6.465850E-3
1.875000E-2,6.460091E-3
1.909722E-2,6.454331E-3
1.944444E-2,6.448572E-3
1.979167E-2,6.442813E-3
2.013889E-2,6.437054E-3
2.048611E-2,6.431295E-3
2.083333E-2,6.425536E-3
2.118056E-2,6.419777E-3
2.152778E-2,6.414018E-3
2.187500E-2,6.408259E-3
2.222222E-2,6.402500E-3
2.256944E-2,6.396741E-3
2.291667E-2,6.390981E-3
2.326389E-2,6.385222E-3
2.361111E-2,6.379463E-3
2.395833E-2,6.373704E-3
2.430556E-2,6.367945E-3
2.465278E-2,6.362186E-3
2.500000E-2,6.356427E-3
2.534722E-2,6.350668E-3
2.569444E-2,6.344909E-3
2.604167E-2,6.339150E-3
2.638889E-2,6.333391E-3
2.673611E-2,6.327631E-3
2.708333E-2,6.321872E-3
2.743056E-2,6.316113E-3
2.777778E-2,6.310354E-3
2.812500E-2,6.304595E-3
2.847222E-2,6.298836E-3
2.881944E-2,6.293077E-3
2.916667E-2,6.287318E-3
2.951389E-2,6.281559E-3
2.986111E-2,6.275800E-3
3.020833E-2,6.270041E-3
3.055556E-2,6.264281E-3
3.090278E-2,6.258522E-3
3.125000E-2,6.252763E-3
3.159722E-2,6.247004E-3
3.194444E-2,6.241245E-3
3.229167E-2,6.235486E-3
3.263889E-2,6.229727E-3
3.298611E-2,6.223968E-3
3.333333E-2,6.218209E-3
3.368056E-2,6.212450E-3
3.402778E-2,6.206691E-3
3.437500E-2,6.200931E-3
3.472222E-2,6.195172E-3
3.506944E-2,6.189413E-3
3.541667E-2,6.183654E-3
3.576389E-2,6.177895E-3
3.611111E-2,6.172136E-3
3.645833E-2,6.166377E-3
3.680556E-2,6.160618E-3
3.715278E-2,6.154859E-3
3.750000E-2,6.149100E-3
3.784722E-2,6.143341E-3
3.819444E-2,6.137582E-3
3.854167E-2,6.131822E-3
3.888889E-2,6.126063E-3
3.923611E-2,6.120304E-3
3.958333E-2,6.114545E-3
3.993056E-2,6.108786E-3
4.027778E-2,6.103027E-3
4.062500E-2,6.097268E-3
4.097222E-2,6.091509E-3
4.131944E-2,6.085750E-3
4.166667E-2,6.079991E-3
4.201389E-2,6.074232E-3
4.236111E-2,6.068472E-3
4.270833E-2,6.062713E-3
4.305556E-2,6.056954E-3
4.340278E-2,6.051195E-3
4.375000E-2,6.045436E-3
4.409722E-2,6.039677E-3
4.444444E-2,6.033918E-3
4.479167E-2,6.028159E-3
4.513889E-2,6.022400E-3
4.548611E-2,6.016641E-3
4.583333E-2,6.010882E-3
4.618056E-2,6.005122E-3
4.652778E-2,5.999363E-3
4.687500E-2,5.993604E-3
4.722222E-2,5.987845E-3
4.756944E-2,5.982086E-3
4.791667E-2,5.976327E-3
4.826389E-2,5.970568E-3
4.861111E-2,5.964809E-3
4.895833E-2,5.959050E-3
4.930556E-2,5.953291E-3
4.965278E-2,5.947532E-3
5.000000E-2,5.941772E-3
5.034722E-2,5.936013E-3
5.069444E-2,5.930254E-3
5.104167E-2,5.924495E-3
5.138889E-2,5.918736E-3
5.173611E-2,5.912977E-3
5.208333E-2,5.907218E-3
5.243056E-2,5.901459E-3
5.277778E-2,5.895700E-3
5.312500E-2,5.889941E-3
5.347222E-2,5.884182E-3
5.381944E-2,5.878423E-3
5.416667E-2,5.872663E-3
5.451389E-2,5.866904E-3
5.486111E-2,5.861145E-3
5.520833E-2,5.855386E-3
5.555556E-2,5.849627E-3
5.590278E-2,5.843868E-3
5.625000E-2,5.838109E-3
5.659722E-2,5.832350E-3
5.694444E-2,5.826591E-3
5.729167E-2,5.820832E-3
5.763889E-2,5.815073E-3
5.798611E-2,5.809313E-3
5.833333E-2,5.803554E-3
5.868056E-2,5.797795E-3
5.902778E-2,5.792036E-3
5.937500E-2,5.786277E-3
5.972222E-2,5.780518E-3
6.006944E-2,5.774759E-3
6.041667E-2,5.769000E-3
6.076389E-2,5.763241E-3
6.111111E-2,5.757482E-3
6.145833E-2,5.751723E-3
6.180556E-2,5.745963E-3
6.215278E-2,5.740204E-3
6.250000E-2,5.734445E-3
6.284722E-2,5.728686E-3
6.319444E-2,5.722927E-3
6.354167E-2,5.717168E-3
6.388889E-2,5.711409E-3
6.423611E-2,5.705650E-3
6.458333E-2,5.699891E-3
6.493056E-2,5.694132E-3
6.527778E-2,5.688373E-3
6.562500E-2,5.682613E-3
6.597222E-2,5.676854E-3
6.631944E-2,5.671095E-3
6.666667E-2,5.665336E-3
6.701389E-2,5.659577E-3
6.736111E-2,5.653818E-3
6.770833E-2,5.648059E-3
6.805556E-2,5.642300E-3
6.840278E-2,5.636541E-3
6.875000E-2,5.630782E-3
6.909722E-2,5.625023E-3
6.944444E-2,5.619264E-3
6.979167E-2,5.613504E-3
7.013889E-2,5.607745E-3
7.048611E-2,5.601986E-3
7.083333E-2,5.596227E-3
7.118056E-2,5.590468E-3
7.152778E-2,5.584709E-3
7.187500E-2,5.578950E-3
7.222222E-2,5.573191E-3
7.256944E-2,5.567432E-3
7.291667E-2,5.561673E-3
7.326389E-2,5.555914E-3
7.361111E-2,5.550154E-3
7.395833E-2,5.544395E-3
7.430556E-2,5.538636E-3
7.465278E-2,5.532877E-3
7.500000E-2,5.527118E-3
7.534722E-2,5.521359E-3
7.569444E-2,5.515600E-3
7.604167E-2,5.509841E-3
7.638889E-2,5.504082E-3
7.673611E-2,5.498323E-3
7.708333E-2,5.492564E-3
7.743056E-2,5.486804E-3
7.777778E-2,5.481045E-3
7.812500E-2,5.475286E-3
7.847222E-2,5.469527E-3
7.881944E-2,5.463768E-3
7.916667E-2,5.458009E-3
7.951389E-2,5.452250E-3
7.986111E-2,5.446491E-3
8.020833E-2,5.440732E-3
8.055556E-2,5.434973E-3
8.090278E-2,5.429214E-3
8.125000E-2,5.423454E-3
8.159722E-2,5.417695E-3
8.194444E-2,5.411936E-3
8.229167E-2,5.406177E-3
8.263889E-2,5.400418E-3
8.298611E-2,5.394659E-3
8.333333E-2,5.388900E-3
8.368056E-2,5.383141E-3
8.402778E-2,5.377382E-3
8.437500E-2,5.371623E-3
8.472222E-2,5.365864E-3
8.506944E-2,5.360104E-3
8.541667E-2,5.354345E-3
8.576389E-2,5.348586E-3
8.611111E-2,5.342827E-3
8.645833E-2,5.337068E-3
8.680556E-2,5.331309E-3
8.715278E-2,5.325550E-3
8.750000E-2,5.319791E-3
8.784722E-2,5.314032E-3
8.819444E-2,5.308273E-3
8.854167E-2,5.302514E-3
8.888889E-2,5.296755E-3
8.923611E-2,5.290995E-3
8.958333E-2,5.285236E-3
8.993056E-2,5.279477E-3
9.027778E-2,5.273718E-3
9.062500E-2,5.267959E-3
9.097222E-2,5.262200E-3
9.131944E-2,5.256441E-3
9.166667E-2,5.250682E-3
9.201389E-2,5.244923E-3
9.236111E-2,5.239164E-3
9.270833E-2,5.233405E-3
9.305556E-2,5.227645E-3
9.340278E-2,5.221886E-3
9.375000E-2,5.216127E-3
9.409722E-2,5.210368E-3
9.444444E-2,5.204609E-3
9.479167E-2,5.198850E-3
9.513889E-2,5.193091E-3
9.548611E-2,5.187332E-3
9.583333E-2,5.181573E-3
9.618056E-2,5.175814E-3
9.652778E-2,5.170055E-3
9.687500E-2,5.164295E-3
9.722222E-2,5.158536E-3
9.756944E-2,5.152777E-3
9.791667E-2,5.147018E-3
9.826389E-2,5.141259E-3
9.861111E-2,5.135500E-3
9.895833E-2,5.129741E-3
9.930556E-2,5.123982E-3
9.965278E-2,5.118223E-3
1.000000E-1,5.112464E-3
1.003472E-1,5.106705E-3
1.006944E-1,5.100946E-3
1.010417E-1,5.095186E-3
1.013889E-1,5.089427E-3
1.017361E-1,5.083668E-3
1.020833E-1,5.077909E-3
1.024306E-1,5.072150E-3
1.027778E-1,5.066391E-3
1.031250E-1,5.060632E-3
1.034722E-1,5.054873E-3
1.038194E-1,5.049114E-3
1.041667E-1,5.043355E-3
1.045139E-1,5.037595E-3
1.048611E-1,5.031836E-3
1.052083E-1,5.026077E-3
1.055556E-1,5.020318E-3
1.059028E-1,5.014559E-3
1.062500E-1,5.008800E-3
1.065972E-1,5.003041E-3
1.069444E-1,4.997282E-3
1.072917E-1,4.991523E-3
1.076389E-1,4.985764E-3
1.079861E-1,4.980005E-3
1.083333E-1,4.974246E-3
1.086806E-1,4.968486E-3
1.090278E-1,4.962727E-3
1.093750E-1,4.956968E-3
1.097222E-1,4.951209E-3
1.100694E-1,4.945450E-3
1.104167E-1,4.939691E-3
1.107639E-1,4.933932E-3
1.111111E-1,4.928173E-3
1.114583E-1,4.922414E-3
1.118056E-1,4.916655E-3
1.121528E-1,4.910895E-3
1.125000E-1,4.905136E-3
1.128472E-1,4.899377E-3
1.131944E-1,4.893618E-3
1.135417E-1,4.887859E-3
1.138889E-1,4.882100E-3
1.142361E-1,4.876341E-3
1.145833E-1,4.870582E-3
1.149306E-1,4.864823E-3
1.152778E-1,4.859064E-3
1.156250E-1,4.853305E-3
1.159722E-1,4.847546E-3
1.163194E-1,4.841787E-3
1.166667E-1,4.836027E-3
1.170139E-1,4.830268E-3
1.173611E-1,4.824509E-3
1.177083E-1,4.818750E-3
1.180556E-1,4.812991E-3
1.184028E-1,4.807232E-3
1.187500E-1,4.801473E-3
1.190972E-1,4.795714E-3
1.194444E-1,4.789955E-3
1.197917E-1,4.784196E-3
1.201389E-1,4.778436E-3
1.204861E-1,4.772677E-3
1.208333E-1,4.766918E-3
1.211806E-1,4.761159E-3
1.215278E-1,4.755400E-3
1.218750E-1,4.749641E-3
1.222222E-1,4.743882E-3
1.225694E-1,4.738123E-3
1.229167E-1,4.732364E-3
1.232639E-1,4.726605E-3
1.236111E-1,4.720846E-3
1.239583E-1,4.715087E-3
1.243056E-1,4.709327E-3
1.246528E-1,4.703568E-3
1.250000E-1,4.697809E-3
1.253472E-1,4.692050E-3
1.256944E-1,4.686291E-3
1.260417E-1,4.680532E-3
1.263889E-1,4.674773E-3
1.267361E-1,4.669014E-3
1.270833E-1,4.663255E-3
1.274306E-1,4.657496E-3
1.277778E-1,4.651736E-3
1.281250E-1,4.645977E-3
1.284722E-1,4.640218E-3
1.288194E-1,4.634459E-3
1.291667E-1,4.628700E-3
1.295139E-1,4.622941E-3
1.298611E-1,4.617182E-3
1.302083E-1,4.611423E-3
1.305556E-1,4.605664E-3
1.309028E-1,4.599905E-3
1.312500E-1,4.594146E-3
1.315972E-1,4.588387E-3
1.319444E-1,4.582628E-3
1.322917E-1,4.576868E-3
1.326389E-1,4.571109E-3
1.329861E-1,4.565350E-3
1.333333E-1,4.559591E-3
1.336806E-1,4.553832E-3
1.340278E-1,4.548073E-3
1.343750E-1,4.542314E-3
1.347222E-1,4.536555E-3
1.350694E-1,4.530796E-3
1.354167E-1,4.525037E-3
1.357639E-1,4.519277E-3
1.361111E-1,4.513518E-3
1.364583E-1,4.507759E-3
1.368056E-1,4.502000E-3
1.371528E-1,4.496241E-3
1.375000E-1,4.490482E-3
1.378472E-1,4.484723E-3
1.381944E-1,4.478964E-3
1.385417E-1,4.473205E-3
1.388889E-1,4.467446E-3
1.392361E-1,4.461687E-3
1.395833E-1,4.455928E-3
1.399306E-1,4.450168E-3
1.402778E-1,4.444409E-3
1.406250E-1,4.438650E-3
1.409722E-1,4.432891E-3
1.413194E-1,4.427132E-3
1.416667E-1,4.421373E-3
1.420139E-1,4.415614E-3
1.423611E-1,4.409855E-3
1.427083E-1,4.404096E-3
1.430556E-1,4.398337E-3
1.434028E-1,4.392577E-3
1.437500E-1,4.386818E-3
1.440972E-1,4.381059E-3
1.444444E-1,4.375300E-3
1.447917E-1,4.369541E-3
1.451389E-1,4.363782E-3
1.454861E-1,4.358023E-3
1.458333E-1,4.352264E-3
1.461806E-1,4.346505E-3
1.465278E-1,4.340746E-3
1.468750E-1,4.334987E-3
1.472222E-1,4.329228E-3
1.475694E-1,4.323469E-3
1.479167E-1,4.317709E-3
1.482639E-1,4.311950E-3
1.486111E-1,4.306191E-3
1.489583E-1,4.300432E-3
1.493056E-1,4.294673E-3
1.496528E-1,4.288914E-3
1.500000E-1,4.283155E-3
1.503472E-1,4.277396E-3
1.506944E-1,4.271637E-3
1.510417E-1,4.265877E-3
1.513889E-1,4.260118E-3
1.517361E-1,4.254359E-3
1.520833E-1,4.248600E-3
1.524306E-1,4.242841E-3
1.527778E-1,4.237082E-3
1.531250E-1,4.231323E-3
1.534722E-1,4.225564E-3
1.538194E-1,4.219805E-3
1.541667E-1,4.214046E-3
1.545139E-1,4.208287E-3
1.548611E-1,4.202528E-3
1.552083E-1,4.196769E-3
1.555556E-1,4.191009E-3
1.559028E-1,4.185250E-3
1.562500E-1,4.179491E-3
1.565972E-1,4.173732E-3
1.569444E-1,4.167973E-3
1.572917E-1,4.162214E-3
1.576389E-1,4.156455E-3
1.579861E-1,4.150696E-3
1.583333E-1,4.144937E-3
1.586806E-1,4.139178E-3
1.590278E-1,4.133418E-3
1.593750E-1,4.127659E-3
1.597222E-1,4.121900E-3
1.600694E-1,4.116141E-3
1.604167E-1,4.110382E-3
1.607639E-1,4.104623E-3
1.611111E-1,4.098864E-3
1.614583E-1,4.093105E-3
1.618056E-1,4.087346E-3
1.621528E-1,4.081587E-3
1.625000E-1,4.075828E-3
1.628472E-1,4.070069E-3
1.631944E-1,4.064310E-3
1.635417E-1,4.058550E-3
1.638889E-1,4.052791E-3
1.642361E-1,4.047032E-3
1.645833E-1,4.041273E-3
1.649306E-1,4.035514E-3
1.652778E-1,4.029755E-3
1.656250E-1,4.023996E-3
1.659722E-1,4.018237E-3
1.663194E-1,4.012478E-3
1.666667E-1,4.006718E-3
1.670139E-1,4.000959E-3
1.673611E-1,3.995200E-3
1.677083E-1,3.989441E-3
1.680556E-1,3.983682E-3
1.684028E-1,3.977923E-3
1.687500E-1,3.972164E-3
1.690972E-1,3.966405E-3
1.694444E-1,3.960646E-3
1.697917E-1,3.954887E-3
1.701389E-1,3.949128E-3
1.704861E-1,3.943369E-3
1.708333E-1,3.937610E-3
1.711806E-1,3.931850E-3
1.715278E-1,3.926091E-3
1.718750E-1,3.920332E-3
1.722222E-1,3.914573E-3
1.725694E-1,3.908814E-3
1.729167E-1,3.903055E-3
1.732639E-1,3.897296E-3
1.736111E-1,3.891537E-3
1.739583E-1,3.885778E-3
1.743056E-1,3.880019E-3
1.746528E-1,3.874259E-3
1.750000E-1,3.868500E-3
1.753472E-1,3.862741E-3
1.756944E-1,3.856982E-3
1.760417E-1,3.851223E-3
1.763889E-1,3.845464E-3
1.767361E-1,3.839705E-3
1.770833E-1,3.833946E-3
1.774306E-1,3.828187E-3
1.777778E-1,3.822428E-3
1.781250E-1,3.816669E-3
1.784722E-1,3.810910E-3
1.788194E-1,3.805150E-3
1.791667E-1,3.799391E-3
1.795139E-1,3.793632E-3
1.798611E-1,3.787873E-3
1.802083E-1,3.782114E-3
1.805556E-1,3.776355E-3
1.809028E-1,3.770596E-3
1.812500E-1,3.764837E-3
1.815972E-1,3.759078E-3
1.819444E-1,3.753319E-3
1.822917E-1,3.747559E-3
1.826389E-1,3.741800E-3
1.829861E-1,3.736041E-3
1.833333E-1,3.730282E-3
1.836806E-1,3.724523E-3
1.840278E-1,3.718764E-3
1.843750E-1,3.713005E-3
1.847222E-1,3.707246E-3
1.850694E-1,3.701487E-3
1.854167E-1,3.695728E-3
1.857639E-1,3.689969E-3
1.861111E-1,3.684210E-3
1.864583E-1,3.678451E-3
1.868056E-1,3.672691E-3
1.871528E-1,3.666932E-3
1.875000E-1,3.661173E-3
1.878472E-1,3.655414E-3
1.881944E-1,3.649655E-3
1.885417E-1,3.643896E-3
1.888889E-1,3.638137E-3
1.892361E-1,3.632378E-3
1.895833E-1,3.626619E-3
1.899306E-1,3.620859E-3
1.902778E-1,3.615100E-3
1.906250E-1,3.609341E-3
1.909722E-1,3.603582E-3
1.913194E-1,3.597823E-3
1.916667E-1,3.592064E-3
1.920139E-1,3.586305E-3
1.923611E-1,3.580546E-3
1.927083E-1,3.574787E-3
1.930556E-1,3.569028E-3
1.934028E-1,3.563269E-3
1.937500E-1,3.557510E-3
1.940972E-1,3.551751E-3
1.944444E-1,3.545991E-3
1.947917E-1,3.540232E-3
1.951389E-1,3.534473E-3
1.954861E-1,3.528714E-3
1.958333E-1,3.522955E-3
1.961806E-1,3.517196E-3
1.965278E-1,3.511437E-3
1.968750E-1,3.505678E-3
1.972222E-1,3.499919E-3
1.975694E-1,3.494160E-3
1.979167E-1,3.488400E-3
1.982639E-1,3.482641E-3
1.986111E-1,3.476882E-3
1.989583E-1,3.471123E-3
1.993056E-1,3.465364E-3
1.996528E-1,3.459605E-3
2.000000E-1,3.453846E-3
2.003472E-1,3.448087E-3
2.006944E-1,3.442328E-3
2.010417E-1,3.436569E-3
2.013889E-1,3.430810E-3
2.017361E-1,3.425051E-3
2.020833E-1,3.419292E-3
2.024306E-1,3.413532E-3
2.027778E-1,3.407773E-3
2.031250E-1,3.402014E-3
2.034722E-1,3.396255E-3
2.038194E-1,3.390496E-3
2.041667E-1,3.384737E-3
2.045139E-1,3.378978E-3
2.048611E-1,3.373219E-3
2.052083E-1,3.367460E-3
2.055556E-1,3.361700E-3
2.059028E-1,3.355941E-3
2.062500E-1,3.350182E-3
2.065972E-1,3.344423E-3
2.069444E-1,3.338664E-3
2.072917E-1,3.332905E-3
2.076389E-1,3.327146E-3
2.079861E-1,3.321387E-3
2.083333E-1,3.315628E-3
2.086806E-1,3.309869E-3
2.090278E-1,3.304110E-3
2.093750E-1,3.298351E-3
2.097222E-1,3.292592E-3
2.100694E-1,3.286832E-3
2.104167E-1,3.281073E-3
2.107639E-1,3.275314E-3
2.111111E-1,3.269555E-3
2.114583E-1,3.263796E-3
2.118056E-1,3.258037E-3
2.121528E-1,3.252278E-3
2.125000E-1,3.246519E-3
2.128472E-1,3.240760E-3
2.131944E-1,3.235001E-3
2.135417E-1,3.229241E-3
2.138889E-1,3.223482E-3
2.142361E-1,3.217723E-3
2.145833E-1,3.211964E-3
2.149306E-1,3.206205E-3
2.152778E-1,3.200446E-3
2.156250E-1,3.194687E-3
2.159722E-1,3.188928E-3
2.163194E-1,3.183169E-3
2.166667E-1,3.177410E-3
2.170139E-1,3.171651E-3
2.173611E-1,3.165892E-3
2.177083E-1,3.160132E-3
2.180556E-1,3.154373E-3
2.184028E-1,3.148614E-3
2.187500E-1,3.142855E-3
2.190972E-1,3.137096E-3
2.194444E-1,3.131337E-3
2.197917E-1,3.125578E-3
2.201389E-1,3.119819E-3
2.204861E-1,3.114060E-3
2.208333E-1,3.108301E-3
2.211806E-1,3.102541E-3
2.215278E-1,3.096782E-3
2.218750E-1,3.091023E-3
2.222222E-1,3.085264E-3
2.225694E-1,3.079505E-3
2.229167E-1,3.073746E-3
2.232639E-1,3.067987E-3
2.236111E-1,3.062228E-3
2.239583E-1,3.056469E-3
2.243056E-1,3.050710E-3
2.246528E-1,3.044951E-3
2.250000E-1,3.039192E-3
2.253472E-1,3.033433E-3
2.256944E-1,3.027673E-3
2.260417E-1,3.021914E-3
2.263889E-1,3.016155E-3
2.267361E-1,3.010396E-3
2.270833E-1,3.004637E-3
2.274306E-1,2.998878E-3
2.277778E-1,2.993119E-3
2.281250E-1,2.987360E-3
2.284722E-1,2.981601E-3
2.288194E-1,2.975842E-3
2.291667E-1,2.970082E-3
2.295139E-1,2.964323E-3
2.298611E-1,2.958564E-3
2.302083E-1,2.952805E-3
2.305556E-1,2.947046E-3
2.309028E-1,2.941287E-3
2.312500E-1,2.935528E-3
2.315972E-1,2.929769E-3
2.319444E-1,2.924010E-3
2.322917E-1,2.918251E-3
2.326389E-1,2.912492E-3
2.329861E-1,2.906733E-3
2.333333E-1,2.900973E-3
2.336806E-1,2.895214E-3
2.340278E-1,2.889455E-3
2.343750E-1,2.883696E-3
2.347222E-1,2.877937E-3
2.350694E-1,2.872178E-3
2.354167E-1,2.866419E-3
2.357639E-1,2.860660E-3
2.361111E-1,2.854901E-3
2.364583E-1,2.849142E-3
2.368056E-1,2.843382E-3
2.371528E-1,2.837623E-3
2.375000E-1,2.831864E-3
2.378472E-1,2.826105E-3
2.381944E-1,2.820346E-3
2.385417E-1,2.814587E-3
2.388889E-1,2.808828E-3
2.392361E-1,2.803069E-3
2.395833E-1,2.797310E-3
2.399306E-1,2.791551E-3
2.402778E-1,2.785792E-3
2.406250E-1,2.780033E-3
2.409722E-1,2.774274E-3
2.413194E-1,2.768514E-3
2.416667E-1,2.762755E-3
2.420139E-1,2.756996E-3
2.423611E-1,2.751237E-3
2.427083E-1,2.745478E-3
2.430556E-1,2.739719E-3
2.434028E-1,2.733960E-3
2.437500E-1,2.728201E-3
2.440972E-1,2.722442E-3
2.444444E-1,2.716683E-3
2.447917E-1,2.710923E-3
2.451389E-1,2.705164E-3
2.454861E-1,2.699405E-3
2.458333E-1,2.693646E-3
2.461806E-1,2.687887E-3
2.465278E-1,2.682128E-3
2.468750E-1,2.676369E-3
2.472222E-1,2.670610E-3
2.475694E-1,2.664851E-3
2.479167E-1,2.659092E-3
2.482639E-1,2.653333E-3
2.486111E-1,2.647574E-3
2.489583E-1,2.641814E-3
2.493056E-1,2.636055E-3
2.496528E-1,2.630296E-3
2.500000E-1,2.624537E-3
2.503472E-1,2.618778E-3
2.506944E-1,2.613019E-3
2.510417E-1,2.607260E-3
2.513889E-1,2.601501E-3
2.517361E-1,2.595742E-3
2.520833E-1,2.589983E-3
2.524306E-1,2.584223E-3
2.527778E-1,2.578464E-3
2.531250E-1,2.572705E-3
2.534722E-1,2.566946E-3
2.538194E-1,2.561187E-3
2.541667E-1,2.555428E-3
2.545139E-1,2.549669E-3
2.548611E-1,2.543910E-3
2.552083E-1,2.538151E-3
2.555556E-1,2.532392E-3
2.559028E-1,2.526633E-3
2.562500E-1,2.520874E-3
2.565972E-1,2.515114E-3
2.569444E-1,2.509355E-3
2.572917E-1,2.503596E-3
2.576389E-1,2.497837E-3
2.579861E-1,2.492078E-3
2.583333E-1,2.486319E-3
2.586806E-1,2.480560E-3
2.590278E-1,2.474801E-3
2.593750E-1,2.469042E-3
2.597222E-1,2.463283E-3
2.600694E-1,2.457524E-3
2.604167E-1,2.451764E-3
2.607639E-1,2.446005E-3
2.611111E-1,2.440246E-3
2.614583E-1,2.434487E-3
2.618056E-1,2.428728E-3
2.621528E-1,2.422969E-3
2.625000E-1,2.417210E-3
2.628472E-1,2.411451E-3
2.631944E-1,2.405692E-3
2.635417E-1,2.399933E-3
2.638889E-1,2.394174E-3
2.642361E-1,2.388415E-3
2.645833E-1,2.382655E-3
2.649306E-1,2.376896E-3
2.652778E-1,2.371137E-3
2.656250E-1,2.365378E-3
2.659722E-1,2.359619E-3
2.663194E-1,2.353860E-3
2.666667E-1,2.348101E-3
2.670139E-1,2.342342E-3
2.673611E-1,2.336583E-3
2.677083E-1,2.330824E-3
2.680556E-1,2.325064E-3
2.684028E-1,2.319305E-3
2.687500E-1,2.313546E-3
2.690972E-1,2.307787E-3
2.694444E-1,2.302028E-3
2.697917E-1,2.296269E-3
2.701389E-1,2.290510E-3
2.704861E-1,2.284751E-3
2.708333E-1,2.278992E-3
2.711806E-1,2.273233E-3
2.715278E-1,2.267474E-3
2.718750E-1,2.261715E-3
2.722222E-1,2.255955E-3
2.725694E-1,2.250196E-3
2.729167E-1,2.244437E-3
2.732639E-1,2.238678E-3
2.736111E-1,2.232919E-3
2.739583E-1,2.227160E-3
2.743056E-1,2.221401E-3
2.746528E-1,2.215642E-3
2.750000E-1,2.209883E-3
2.753472E-1,2.204124E-3
2.756944E-1,2.198365E-3
2.760417E-1,2.192605E-3
2.763889E-1,2.186846E-3
2.767361E-1,2.181087E-3
2.770833E-1,2.175328E-3
2.774306E-1,2.169569E-3
2.777778E-1,2.163810E-3
2.781250E-1,2.158051E-3
2.784722E-1,2.152292E-3
2.788194E-1,2.146533E-3
2.791667E-1,2.140774E-3
2.795139E-1,2.135015E-3
2.798611E-1,2.129256E-3
2.802083E-1,2.123756E-3
2.805556E-1,2.121699E-3
2.809028E-1,2.119642E-3
2.812500E-1,2.117585E-3
2.815972E-1,2.115529E-3
2.819444E-1,2.113472E-3
2.822917E-1,2.111415E-3
2.826389E-1,2.109358E-3
2.829861E-1,2.107301E-3
2.833333E-1,2.105245E-3
2.836806E-1,2.103188E-3
2.840278E-1,2.101131E-3
2.843750E-1,2.099074E-3
2.847222E-1,2.097017E-3
2.850694E-1,2.094960E-3
2.854167E-1,2.092904E-3
2.857639E-1,2.090847E-3
2.861111E-1,2.088790E-3
2.864583E-1,2.086733E-3
2.868056E-1,2.084676E-3
2.871528E-1,2.082619E-3
2.875000E-1,2.080563E-3
2.878472E-1,2.078506E-3
2.881944E-1,2.076449E-3
2.885417E-1,2.074392E-3
2.888889E-1,2.072335E-3
2.892361E-1,2.070279E-3
2.895833E-1,2.068222E-3
2.899306E-1,2.066165E-3
2.902778E-1,2.064108E-3
2.906250E-1,2.062051E-3
2.909722E-1,2.059995E-3
2.913194E-1,2.057938E-3
2.916667E-1,2.055881E-3
2.920139E-1,2.053824E-3
2.923611E-1,2.051767E-3
2.927083E-1,2.049710E-3
2.930556E-1,2.047654E-3
2.934028E-1,2.045597E-3
2.937500E-1,2.043540E-3
2.940972E-1,2.041483E-3
2.944444E-1,2.039426E-3
2.947917E-1,2.037370E-3
2.951389E-1,2.035313E-3
2.954861E-1,2.033256E-3
2.958333E-1,2.031199E-3
2.961806E-1,2.029142E-3
2.965278E-1,2.027085E-3
2.968750E-1,2.025029E-3
2.972222E-1,2.022972E-3
2.975694E-1,2.020915E-3
2.979167E-1,2.018858E-3
2.982639E-1,2.016801E-3
2.986111E-1,2.014745E-3
2.989583E-1,2.012688E-3
2.993056E-1,2.010631E-3
2.996528E-1,2.008574E-3
3.000000E-1,2.006517E-3
3.003472E-1,2.004460E-3
3.006944E-1,2.002404E-3
3.010417E-1,2.000347E-3
3.013889E-1,1.998290E-3
3.017361E-1,1.996233E-3
3.020833E-1,1.994176E-3
3.024306E-1,1.992120E-3
3.027778E-1,1.990063E-3
3.031250E-1,1.988006E-3
3.034722E-1,1.985949E-3
3.038194E-1,1.983892E-3
3.041667E-1,1.981835E-3
3.045139E-1,1.979779E-3
3.048611E-1,1.977722E-3
3.052083E-1,1.975665E-3
3.055556E-1,1.973608E-3
3.059028E-1,1.971551E-3
3.062500E-1,1.969495E-3
3.065972E-1,1.967438E-3
3.069444E-1,1.965381E-3
3.072917E-1,1.963324E-3
3.076389E-1,1.961267E-3
3.079861E-1,1.959210E-3
3.083333E-1,1.957154E-3
3.086806E-1,1.955097E-3
3.090278E-1,1.953040E-3
3.093750E-1,1.950983E-3
3.097222E-1,1.948926E-3
3.100694E-1,1.946870E-3
3.104167E-1,1.944813E-3
3.107639E-1,1.942756E-3
3.111111E-1,1.940699E-3
3.114583E-1,1.938642E-3
3.118056E-1,1.936585E-3
3.121528E-1,1.934529E-3
3.125000E-1,1.932472E-3
3.128472E-1,1.930415E-3
3.131944E-1,1.928358E-3
3.135417E-1,1.926301E-3
3.138889E-1,1.924245E-3
3.142361E-1,1.922188E-3
3.145833E-1,1.920131E-3
3.149306E-1,1.918074E-3
3.152778E-1,1.916017E-3
3.156250E-1,1.913960E-3
3.159722E-1,1.911904E-3
3.163194E-1,1.909847E-3
3.166667E-1,1.907790E-3
3.170139E-1,1.905733E-3
3.173611E-1,1.903676E-3
3.177083E-1,1.901620E-3
3.180556E-1,1.899563E-3
3.184028E-1,1.897506E-3
3.187500E-1,1.895449E-3
3.190972E-1,1.893392E-3
3.194444E-1,1.891336E-3
3.197917E-1,1.889279E-3
3.201389E-1,1.887222E-3
3.204861E-1,1.885165E-3
3.208333E-1,1.883108E-3
3.211806E-1,1.881051E-3
3.215278E-1,1.878995E-3
3.218750E-1,1.876938E-3
3.222222E-1,1.874881E-3
3.225694E-1,1.872824E-3
3.229167E-1,1.870767E-3
3.232639E-1,1.868710E-3
3.236111E-1,1.867406E-3
3.239583E-1,1.867744E-3
3.243056E-1,1.868083E-3
3.246528E-1,1.868421E-3
3.250000E-1,1.868759E-3
3.253472E-1,1.869097E-3
3.256944E-1,1.869436E-3
3.260417E-1,1.869774E-3
3.263889E-1,1.870112E-3
3.267361E-1,1.870450E-3
3.270833E-1,1.870788E-3
3.274306E-1,1.871127E-3
3.277778E-1,1.871465E-3
3.281250E-1,1.871803E-3
3.284722E-1,1.872141E-3
3.288194E-1,1.872479E-3
3.291667E-1,1.872818E-3
3.295139E-1,1.873156E-3
3.298611E-1,1.873494E-3
3.302083E-1,1.873832E-3
3.305556E-1,1.874171E-3
3.309028E-1,1.874509E-3
3.312500E-1,1.874847E-3
3.315972E-1,1.875185E-3
3.319444E-1,1.875523E-3
3.322917E-1,1.875862E-3
3.326389E-1,1.876200E-3
3.329861E-1,1.876538E-3
3.333333E-1,1.876876E-3
3.336806E-1,1.877214E-3
3.340278E-1,1.877553E-3
3.343750E-1,1.877891E-3
3.347222E-1,1.878229E-3
3.350694E-1,1.878567E-3
3.354167E-1,1.878905E-3
3.357639E-1,1.879244E-3
3.361111E-1,1.879582E-3
3.364583E-1,1.879920E-3
3.368056E-1,1.880258E-3
3.371528E-1,1.880597E-3
3.375000E-1,1.880935E-3
3.378472E-1,1.881273E-3
3.381944E-1,1.881611E-3
3.385417E-1,1.881949E-3
3.388889E-1,1.882288E-3
3.392361E-1,1.882626E-3
3.395833E-1,1.882964E-3
3.399306E-1,1.883302E-3
3.402778E-1,1.883640E-3
3.406250E-1,1.883979E-3
3.409722E-1,1.884317E-3
3.413194E-1,1.884655E-3
3.416667E-1,1.884993E-3
3.420139E-1,1.885331E-3
3.423611E-1,1.885670E-3
3.427083E-1,1.886008E-3
3.430556E-1,1.886346E-3
3.434028E-1,1.886684E-3
3.437500E-1,1.887023E-3
3.440972E-1,1.887361E-3
3.444444E-1,1.887699E-3
3.447917E-1,1.888037E-3
3.451389E-1,1.888375E-3
3.454861E-1,1.888714E-3
3.458333E-1,1.889052E-3
3.461806E-1,1.889390E-3
3.465278E-1,1.889728E-3
3.468750E-1,1.890066E-3
3.472222E-1,1.890405E-3
3.475694E-1,1.890743E-3
3.479167E-1,1.891081E-3
3.482639E-1,1.891419E-3
3.486111E-1,1.891758E-3
3.489583E-1,1.892096E-3
3.493056E-1,1.892434E-3
3.496528E-1,1.892772E-3
3.500000E-1,1.893110E-3
3.503472E-1,1.893449E-3
3.506944E-1,1.893787E-3
3.510417E-1,1.894125E-3
3.513889E-1,1.894463E-3
3.517361E-1,1.894801E-3
3.520833E-1,1.895140E-3
3.524306E-1,1.895478E-3
3.527778E-1,1.895816E-3
3.531250E-1,1.896154E-3
3.534722E-1,1.896492E-3
3.538194E-1,1.896831E-3
3.541667E-1,1.897169E-3
3.545139E-1,1.897507E-3
3.548611E-1,1.897845E-3
3.552083E-1,1.898184E-3
3.555556E-1,1.898522E-3
3.559028E-1,1.898860E-3
3.562500E-1,1.899198E-3
3.565972E-1,1.899536E-3
3.569444E-1,1.899875E-3
3.572917E-1,1.900213E-3
3.576389E-1,1.900551E-3
3.579861E-1,1.900889E-3
3.583333E-1,1.901227E-3
3.586806E-1,1.901566E-3
3.590278E-1,1.901904E-3
3.593750E-1,1.902242E-3
3.597222E-1,1.902580E-3
3.600694E-1,1.902918E-3
3.604167E-1,1.903257E-3
3.607639E-1,1.903595E-3
3.611111E-1,1.903933E-3
3.614583E-1,1.904271E-3
3.618056E-1,1.904610E-3
3.621528E-1,1.904948E-3
3.625000E-1,1.905286E-3
3.628472E-1,1.905624E-3
3.631944E-1,1.905962E-3
3.635417E-1,1.906301E-3
3.638889E-1,1.906639E-3
3.642361E-1,1.906977E-3
3.645833E-1,1.907315E-3
3.649306E-1,1.907653E-3
3.652778E-1,1.907992E-3
3.656250E-1,1.908330E-3
3.659722E-1,1.908668E-3
3.663194E-1,1.909006E-3
3.666667E-1,1.909345E-3
3.670139E-1,1.909683E-3
3.673611E-1,1.910021E-3
3.677083E-1,1.910359E-3
3.680556E-1,1.910697E-3
3.684028E-1,1.911036E-3
3.687500E-1,1.911476E-3
3.690972E-1,1.912226E-3
3.694444E-1,1.912977E-3
3.697917E-1,1.913727E-3
3.701389E-1,1.914478E-3
3.704861E-1,1.915229E-3
3.708333E-1,1.915979E-3
3.711806E-1,1.916730E-3
3.715278E-1,1.917480E-3
3.718750E-1,1.918231E-3
3.722222E-1,1.918981E-3
3.725694E-1,1.919732E-3
3.729167E-1,1.920482E-3
3.732639E-1,1.921233E-3
3.736111E-1,1.921983E-3
3.739583E-1,1.922734E-3
3.743056E-1,1.923484E-3
3.746528E-1,1.924235E-3
3.750000E-1,1.924985E-3
3.753472E-1,1.925736E-3
3.756944E-1,1.926486E-3
3.760417E-1,1.927237E-3
3.763889E-1,1.927988E-3
3.767361E-1,1.928738E-3
3.770833E-1,1.929489E-3
3.774306E-1,1.930239E-3
3.777778E-1,1.930990E-3
3.781250E-1,1.931740E-3
3.784722E-1,1.932491E-3
3.788194E-1,1.933241E-3
3.791667E-1,1.933992E-3
3.795139E-1,1.934742E-3
3.798611E-1,1.935493E-3
3.802083E-1,1.936243E-3
3.805556E-1,1.936994E-3
3.809028E-1,1.937744E-3
3.812500E-1,1.938495E-3
3.815972E-1,1.939245E-3
3.819444E-1,1.939996E-3
3.822917E-1,1.940747E-3
3.826389E-1,1.941497E-3
3.829861E-1,1.942248E-3
3.833333E-1,1.942998E-3
3.836806E-1,1.943749E-3
3.840278E-1,1.944499E-3
3.843750E-1,1.945250E-3
3.847222E-1,1.946000E-3
3.850694E-1,1.946751E-3
3.854167E-1,1.947501E-3
3.857639E-1,1.948252E-3
3.861111E-1,1.949002E-3
3.864583E-1,1.949753E-3
3.868056E-1,1.950503E-3
3.871528E-1,1.951254E-3
3.875000E-1,1.952004E-3
3.878472E-1,1.952755E-3
3.881944E-1,1.953506E-3
3.885417E-1,1.954256E-3
3.888889E-1,1.955007E-3
3.892361E-1,1.955757E-3
3.895833E-1,1.956508E-3
3.899306E-1,1.957258E-3
3.902778E-1,1.958009E-3
3.906250E-1,1.958759E-3
3.909722E-1,1.959510E-3
3.913194E-1,1.960260E-3
3.916667E-1,1.961011E-3
3.920139E-1,1.961761E-3
3.923611E-1,1.962512E-3
3.927083E-1,1.963262E-3
3.930556E-1,1.964013E-3
3.934028E-1,1.964763E-3
3.937500E-1,1.965514E-3
3.940972E-1,1.966265E-3
3.944444E-1,1.967015E-3
3.947917E-1,1.967766E-3
3.951389E-1,1.968516E-3
3.954861E-1,1.969267E-3
3.958333E-1,1.970017E-3
3.961806E-1,1.970768E-3
3.965278E-1,1.971518E-3
3.968750E-1,1.972269E-3
3.972222E-1,1.973019E-3
3.975694E-1,1.973770E-3
3.979167E-1,1.974520E-3
3.982639E-1,1.975271E-3
3.986111E-1,1.976021E-3
3.989583E-1,1.976772E-3
3.993056E-1,1.977522E-3
3.996528E-1,1.978273E-3
4.000000E-1,1.979024E-3
4.003472E-1,1.979774E-3
4.006944E-1,1.980525E-3
4.010417E-1,1.981275E-3
4.013889E-1,1.982026E-3
4.017361E-1,1.982776E-3
4.020833E-1,1.983527E-3
4.024306E-1,1.984277E-3
4.027778E-1,1.985028E-3
4.031250E-1,1.985778E-3
4.034722E-1,1.986529E-3
4.038194E-1,1.987279E-3
4.041667E-1,1.988030E-3
4.045139E-1,1.988780E-3
4.048611E-1,1.989531E-3
4.052083E-1,1.990281E-3
4.055556E-1,1.991032E-3
4.059028E-1,1.991783E-3
4.062500E-1,1.992533E-3
4.065972E-1,1.993284E-3
4.069444E-1,1.994034E-3
4.072917E-1,1.994785E-3
4.076389E-1,1.995535E-3
4.079861E-1,1.996286E-3
4.083333E-1,1.997036E-3
4.086806E-1,1.997787E-3
4.090278E-1,1.998537E-3
4.093750E-1,1.999288E-3
4.097222E-1,2.000038E-3
4.100694E-1,2.000789E-3
4.104167E-1,2.001539E-3
4.107639E-1,2.002290E-3
4.111111E-1,2.002913E-3
4.114583E-1,2.002795E-3
4.118056E-1,2.002678E-3
4.121528E-1,2.002560E-3
4.125000E-1,2.002443E-3
4.128472E-1,2.002325E-3
4.131944E-1,2.002208E-3
4.135417E-1,2.002090E-3
4.138889E-1,2.001973E-3
4.142361E-1,2.001855E-3
4.145833E-1,2.001738E-3
4.149306E-1,2.001620E-3
4.152778E-1,2.001503E-3
4.156250E-1,2.001385E-3
4.159722E-1,2.001268E-3
4.163194E-1,2.001150E-3
4.166667E-1,2.001033E-3
4.170139E-1,2.000915E-3
4.173611E-1,2.000798E-3
4.177083E-1,2.000680E-3
4.180556E-1,2.000563E-3
4.184028E-1,2.000445E-3
4.187500E-1,2.000327E-3
4.190972E-1,2.000210E-3
4.194444E-1,2.000092E-3
4.197917E-1,1.999975E-3
4.201389E-1,1.999857E-3
4.204861E-1,1.999740E-3
4.208333E-1,1.999622E-3
4.211806E-1,1.999505E-3
4.215278E-1,1.999387E-3
4.218750E-1,1.999270E-3
4.222222E-1,1.999152E-3
4.225694E-1,1.999035E-3
4.229167E-1,1.998917E-3
4.232639E-1,1.998800E-3
4.236111E-1,1.998682E-3
4.239583E-1,1.998565E-3
4.243056E-1,1.998447E-3
4.246528E-1,1.998330E-3
4.250000E-1,1.998212E-3
4.253472E-1,1.998095E-3
4.256944E-1,1.997977E-3
4.260417E-1,1.997860E-3
4.263889E-1,1.997742E-3
4.267361E-1,1.997625E-3
4.270833E-1,1.997507E-3
4.274306E-1,1.997390E-3
4.277778E-1,1.997272E-3
4.281250E-1,1.997155E-3
4.284722E-1,1.997037E-3
4.288194E-1,1.996920E-3
4.291667E-1,1.996802E-3
4.295139E-1,1.996685E-3
4.298611E-1,1.996567E-3
4.302083E-1,1.996450E-3
4.305556E-1,1.996332E-3
4.309028E-1,1.996215E-3
4.312500E-1,1.996097E-3
4.315972E-1,1.995980E-3
4.319444E-1,1.995862E-3
4.322917E-1,1.995745E-3
4.326389E-1,1.995627E-3
4.329861E-1,1.995510E-3
4.333333E-1,1.995392E-3
4.336806E-1,1.995275E-3
4.340278E-1,1.995157E-3
4.343750E-1,1.995040E-3
4.347222E-1,1.994922E-3
4.350694E-1,1.994805E-3
4.354167E-1,1.994687E-3
4.357639E-1,1.994570E-3
4.361111E-1,1.994452E-3
4.364583E-1,1.994335E-3
4.368056E-1,1.994217E-3
4.371528E-1,1.994099E-3
4.375000E-1,1.993982E-3
4.378472E-1,1.993864E-3
4.381944E-1,1.993747E-3
4.385417E-1,1.993629E-3
4.388889E-1,1.993512E-3
4.392361E-1,1.993394E-3
4.395833E-1,1.993277E-3
4.399306E-1,1.993159E-3
4.402778E-1,1.993042E-3
4.406250E-1,1.992924E-3
4.409722E-1,1.992807E-3
4.413194E-1,1.992689E-3
4.416667E-1,1.992572E-3
4.420139E-1,1.992454E-3
4.423611E-1,1.992337E-3
4.427083E-1,1.992219E-3
4.430556E-1,1.992102E-3
4.434028E-1,1.991984E-3
4.437500E-1,1.991867E-3
4.440972E-1,1.991749E-3
4.444444E-1,1.991632E-3
4.447917E-1,1.991514E-3
4.451389E-1,1.991397E-3
4.454861E-1,1.991279E-3
4.458333E-1,1.991162E-3
4.461806E-1,1.991044E-3
4.465278E-1,1.990927E-3
4.468750E-1,1.990809E-3
4.472222E-1,1.990692E-3
4.475694E-1,1.990574E-3
4.479167E-1,1.990457E-3
4.482639E-1,1.990339E-3
4.486111E-1,1.990222E-3
4.489583E-1,1.990104E-3
4.493056E-1,1.989987E-3
4.496528E-1,1.989869E-3
4.500000E-1,1.989752E-3
4.503472E-1,1.989634E-3
4.506944E-1,1.989517E-3
4.510417E-1,1.989399E-3
4.513889E-1,1.989282E-3
4.517361E-1,1.989164E-3
4.520833E-1,1.989047E-3
4.524306E-1,1.988929E-3
4.527778E-1,1.988812E-3
4.531250E-1,1.988694E-3
4.534722E-1,1.988577E-3
4.538194E-1,1.988459E-3
4.541667E-1,1.988342E-3
4.545139E-1,1.987994E-3
4.548611E-1,1.987289E-3
4.552083E-1,1.986584E-3
4.555556E-1,1.985878E-3
4.559028E-1,1.985173E-3
4.562500E-1,1.984468E-3
4.565972E-1,1.983763E-3
4.569444E-1,1.983057E-3
4.572917E-1,1.982352E-3
4.576389E-1,1.981647E-3
4.579861E-1,1.980942E-3
4.583333E-1,1.980237E-3
4.586806E-1,1.979531E-3
4.590278E-1,1.978826E-3
4.593750E-1,1.978121E-3
4.597222E-1,1.977416E-3
4.600694E-1,1.976711E-3
4.604167E-1,1.976005E-3
4.607639E-1,1.975300E-3
4.611111E-1,1.974595E-3
4.614583E-1,1.973890E-3
4.618056E-1,1.973184E-3
4.621528E-1,1.972479E-3
4.625000E-1,1.971774E-3
4.628472E-1,1.971069E-3
4.631944E-1,1.970364E-3
4.635417E-1,1.969658E-3
4.638889E-1,1.968953E-3
4.642361E-1,1.968248E-3
4.645833E-1,1.967543E-3
4.649306E-1,1.966837E-3
4.652778E-1,1.966132E-3
4.656250E-1,1.965427E-3
4.659722E-1,1.964722E-3
4.663194E-1,1.964017E-3
4.666667E-1,1.963311E-3
4.670139E-1,1.962606E-3
4.673611E-1,1.961901E-3
4.677083E-1,1.961196E-3
4.680556E-1,1.960491E-3
4.684028E-1,1.959785E-3
4.687500E-1,1.959080E-3
4.690972E-1,1.958375E-3
4.694444E-1,1.957670E-3
4.697917E-1,1.956964E-3
4.701389E-1,1.956259E-3
4.704861E-1,1.955554E-3
4.708333E-1,1.954849E-3
4.711806E-1,1.954144E-3
4.715278E-1,1.953438E-3
4.718750E-1,1.952733E-3
4.722222E-1,1.952028E-3
4.725694E-1,1.951323E-3
4.729167E-1,1.950617E-3
4.732639E-1,1.949912E-3
4.736111E-1,1.949207E-3
4.739583E-1,1.948502E-3
4.743056E-1,1.947797E-3
4.746528E-1,1.947091E-3
4.750000E-1,1.946386E-3
4.753472E-1,1.945681E-3
4.756944E-1,1.944976E-3
4.760417E-1,1.944271E-3
4.763889E-1,1.943565E-3
4.767361E-1,1.942860E-3
4.770833E-1,1.942155E-3
4.774306E-1,1.941450E-3
4.777778E-1,1.940744E-3
4.781250E-1,1.940039E-3
4.784722E-1,1.939334E-3
4.788194E-1,1.938629E-3
4.791667E-1,1.937924E-3
4.795139E-1,1.937218E-3
4.798611E-1,1.936513E-3
4.802083E-1,1.935808E-3
4.805556E-1,1.935103E-3
4.809028E-1,1.934397E-3
4.812500E-1,1.933692E-3
4.815972E-1,1.932987E-3
4.819444E-1,1.932282E-3
4.822917E-1,1.931577E-3
4.826389E-1,1.930871E-3
4.829861E-1,1.930166E-3
4.833333E-1,1.929461E-3
4.836806E-1,1.928756E-3
4.840278E-1,1.928051E-3
4.843750E-1,1.927345E-3
4.847222E-1,1.926640E-3
4.850694E-1,1.925935E-3
4.854167E-1,1.925230E-3
4.857639E-1,1.924524E-3
4.861111E-1,1.923819E-3
4.864583E-1,1.923114E-3
4.868056E-1,1.922409E-3
4.871528E-1,1.921704E-3
4.875000E-1,1.920998E-3
4.878472E-1,1.920293E-3
4.881944E-1,1.919588E-3
4.885417E-1,1.918883E-3
4.888889E-1,1.918177E-3
4.892361E-1,1.917472E-3
4.895833E-1,1.916767E-3
4.899306E-1,1.916062E-3
4.902778E-1,1.915357E-3
4.906250E-1,1.914651E-3
4.909722E-1,1.913946E-3
4.913194E-1,1.913241E-3
4.916667E-1,1.912536E-3
4.920139E-1,1.911831E-3
4.923611E-1,1.911125E-3
4.927083E-1,1.910420E-3
4.930556E-1,1.909715E-3
4.934028E-1,1.909010E-3
4.937500E-1,1.908304E-3
4.940972E-1,1.907599E-3
4.944444E-1,1.906894E-3
4.947917E-1,1.906189E-3
4.951389E-1,1.905484E-3
4.954861E-1,1.904778E-3
4.958333E-1,1.904073E-3
4.961806E-1,1.903368E-3
4.965278E-1,1.902663E-3
4.968750E-1,1.901957E-3
4.972222E-1,1.901252E-3
4.975694E-1,1.900547E-3
4.979167E-1,1.899917E-3
4.982639E-1,1.899329E-3
4.986111E-1,1.898741E-3
4.989583E-1,1.898154E-3
4.993056E-1,1.897566E-3
4.996528E-1,1.896978E-3
5.000000E-1,1.896391E-3
5.003472E-1,1.895803E-3
5.006944E-1,1.895216E-3
5.010417E-1,1.894628E-3
5.013889E-1,1.894040E-3
5.017361E-1,1.893453E-3
5.020833E-1,1.892865E-3
5.024306E-1,1.892277E-3
5.027778E-1,1.891690E-3
5.031250E-1,1.891102E-3
5.034722E-1,1.890515E-3
5.038194E-1,1.889927E-3
5.041667E-1,1.889339E-3
5.045139E-1,1.888752E-3
5.048611E-1,1.888164E-3
5.052083E-1,1.887576E-3
5.055556E-1,1.886989E-3
5.059028E-1,1.886401E-3
5.062500E-1,1.885813E-3
5.065972E-1,1.885226E-3
5.069444E-1,1.884638E-3
5.072917E-1,1.884051E-3
5.076389E-1,1.883463E-3
5.079861E-1,1.882875E-3
5.083333E-1,1.882288E-3
5.086806E-1,1.881700E-3
5.090278E-1,1.881112E-3
5.093750E-1,1.880525E-3
5.097222E-1,1.879937E-3
5.100694E-1,1.879350E-3
5.104167E-1,1.878762E-3
5.107639E-1,1.878174E-3
5.111111E-1,1.877587E-3
5.114583E-1,1.876999E-3
5.118056E-1,1.876411E-3
5.121528E-1,1.875824E-3
5.125000E-1,1.875236E-3
5.128472E-1,1.874649E-3
5.131944E-1,1.874061E-3
5.135417E-1,1.873473E-3
5.138889E-1,1.872886E-3
5.142361E-1,1.872298E-3
5.145833E-1,1.871710E-3
5.149306E-1,1.871123E-3
5.152778E-1,1.870535E-3
5.156250E-1,1.869948E-3
5.159722E-1,1.869360E-3
5.163194E-1,1.868772E-3
5.166667E-1,1.868185E-3
5.170139E-1,1.867597E-3
5.173611E-1,1.867009E-3
5.177083E-1,1.866422E-3
5.180556E-1,1.865834E-3
5.184028E-1,1.865247E-3
5.187500E-1,1.864659E-3
5.190972E-1,1.864071E-3
5.194444E-1,1.863484E-3
5.197917E-1,1.862896E-3
5.201389E-1,1.862308E-3
5.204861E-1,1.861721E-3
5.208333E-1,1.861133E-3
5.211806E-1,1.860545E-3
5.215278E-1,1.859958E-3
5.218750E-1,1.859370E-3
5.222222E-1,1.858783E-3
5.225694E-1,1.858195E-3
5.229167E-1,1.857607E-3
5.232639E-1,1.857020E-3
5.236111E-1,1.856432E-3
5.239583E-1,1.855844E-3
5.243056E-1,1.855257E-3
5.246528E-1,1.854669E-3
5.250000E-1,1.854082E-3
5.253472E-1,1.853494E-3
5.256944E-1,1.852906E-3
5.260417E-1,1.852319E-3
5.263889E-1,1.851731E-3
5.267361E-1,1.851143E-3
5.270833E-1,1.850556E-3
5.274306E-1,1.849968E-3
5.277778E-1,1.849381E-3
5.281250E-1,1.848793E-3
5.284722E-1,1.848205E-3
5.288194E-1,1.847618E-3
5.291667E-1,1.847030E-3
5.295139E-1,1.846442E-3
5.298611E-1,1.845855E-3
5.302083E-1,1.845267E-3
5.305556E-1,1.844680E-3
5.309028E-1,1.844092E-3
5.312500E-1,1.843504E-3
5.315972E-1,1.842917E-3
5.319444E-1,1.842329E-3
5.322917E-1,1.841741E-3
5.326389E-1,1.841154E-3
5.329861E-1,1.840566E-3
5.333333E-1,1.839979E-3
5.336806E-1,1.839391E-3
5.340278E-1,1.838803E-3
5.343750E-1,1.838216E-3
5.347222E-1,1.837628E-3
5.350694E-1,1.837040E-3
5.354167E-1,1.836453E-3
5.357639E-1,1.835865E-3
5.361111E-1,1.835277E-3
5.364583E-1,1.834690E-3
5.368056E-1,1.834102E-3
5.371528E-1,1.833515E-3
5.375000E-1,1.832927E-3
5.378472E-1,1.832339E-3
5.381944E-1,1.831752E-3
5.385417E-1,1.831164E-3
5.388889E-1,1.830576E-3
5.392361E-1,1.829989E-3
5.395833E-1,1.829401E-3
5.399306E-1,1.828814E-3
5.402778E-1,1.828226E-3
5.406250E-1,1.827638E-3
5.409722E-1,1.827051E-3
5.413194E-1,1.826120E-3
5.416667E-1,1.825141E-3
5.420139E-1,1.824163E-3
5.423611E-1,1.823185E-3
5.427083E-1,1.822207E-3
5.430556E-1,1.821229E-3
5.434028E-1,1.820250E-3
5.437500E-1,1.819272E-3
5.440972E-1,1.818294E-3
5.444444E-1,1.817316E-3
5.447917E-1,1.816338E-3
5.451389E-1,1.815359E-3
5.454861E-1,1.814381E-3
5.458333E-1,1.813403E-3
5.461806E-1,1.812425E-3
5.465278E-1,1.811447E-3
5.468750E-1,1.810468E-3
5.472222E-1,1.809490E-3
5.475694E-1,1.808512E-3
5.479167E-1,1.807534E-3
5.482639E-1,1.806556E-3
5.486111E-1,1.805577E-3
5.489583E-1,1.804599E-3
5.493056E-1,1.803621E-3
5.496528E-1,1.802643E-3
5.500000E-1,1.801665E-3
5.503472E-1,1.800686E-3
5.506944E-1,1.799708E-3
5.510417E-1,1.798730E-3
5.513889E-1,1.797752E-3
5.517361E-1,1.796774E-3
5.520833E-1,1.795796E-3
5.524306E-1,1.794817E-3
5.527778E-1,1.793839E-3
5.531250E-1,1.792861E-3
5.534722E-1,1.791883E-3
5.538194E-1,1.790905E-3
5.541667E-1,1.789926E-3
5.545139E-1,1.788948E-3
5.548611E-1,1.787970E-3
5.552083E-1,1.786992E-3
5.555556E-1,1.786014E-3
5.559028E-1,1.785035E-3
5.562500E-1,1.784057E-3
5.565972E-1,1.783079E-3
5.569444E-1,1.782101E-3
5.572917E-1,1.781123E-3
5.576389E-1,1.780144E-3
5.579861E-1,1.779166E-3
5.583333E-1,1.778188E-3
5.586806E-1,1.777210E-3
5.590278E-1,1.776232E-3
5.593750E-1,1.775253E-3
5.597222E-1,1.774275E-3
5.600694E-1,1.773297E-3
5.604167E-1,1.772319E-3
5.607639E-1,1.771341E-3
5.611111E-1,1.770362E-3
5.614583E-1,1.769384E-3
5.618056E-1,1.768406E-3
5.621528E-1,1.767428E-3
5.625000E-1,1.766450E-3
5.628472E-1,1.765472E-3
5.631944E-1,1.764493E-3
5.635417E-1,1.763515E-3
5.638889E-1,1.762537E-3
5.642361E-1,1.761559E-3
5.645833E-1,1.760581E-3
5.649306E-1,1.759602E-3
5.652778E-1,1.758624E-3
5.656250E-1,1.757646E-3
5.659722E-1,1.756668E-3
5.663194E-1,1.755690E-3
5.666667E-1,1.754711E-3
5.670139E-1,1.753733E-3
5.673611E-1,1.752755E-3
5.677083E-1,1.751777E-3
5.680556E-1,1.750799E-3
5.684028E-1,1.749820E-3
5.687500E-1,1.748842E-3
5.690972E-1,1.747864E-3
5.694444E-1,1.746886E-3
5.697917E-1,1.745908E-3
5.701389E-1,1.744929E-3
5.704861E-1,1.743951E-3
5.708333E-1,1.742973E-3
5.711806E-1,1.741995E-3
5.715278E-1,1.741017E-3
5.718750E-1,1.740038E-3
5.722222E-1,1.739060E-3
5.725694E-1,1.738082E-3
5.729167E-1,1.737104E-3
5.732639E-1,1.736126E-3
5.736111E-1,1.735148E-3
5.739583E-1,1.734169E-3
5.743056E-1,1.733191E-3
5.746528E-1,1.732213E-3
5.750000E-1,1.731235E-3
5.753472E-1,1.730257E-3
5.756944E-1,1.729278E-3
5.760417E-1,1.728300E-3
5.763889E-1,1.727322E-3
5.767361E-1,1.726344E-3
5.770833E-1,1.725366E-3
5.774306E-1,1.724387E-3
5.777778E-1,1.723409E-3
5.781250E-1,1.722431E-3
5.784722E-1,1.721453E-3
5.788194E-1,1.720475E-3
5.791667E-1,1.719496E-3
5.795139E-1,1.718518E-3
5.798611E-1,1.717540E-3
5.802083E-1,1.716562E-3
5.805556E-1,1.715584E-3
5.809028E-1,1.714605E-3
5.812500E-1,1.713627E-3
5.815972E-1,1.712649E-3
5.819444E-1,1.711671E-3
5.822917E-1,1.710693E-3
5.826389E-1,1.709714E-3
5.829861E-1,1.708736E-3
5.833333E-1,1.707758E-3
5.836806E-1,1.706780E-3
5.840278E-1,1.705802E-3
5.843750E-1,1.704823E-3
5.847222E-1,1.703845E-3
5.850694E-1,1.702867E-3
5.854167E-1,1.702279E-3
5.857639E-1,1.702129E-3
5.861111E-1,1.701979E-3
5.864583E-1,1.701829E-3
5.868056E-1,1.701679E-3
5.871528E-1,1.701529E-3
5.875000E-1,1.701379E-3
5.878472E-1,1.701228E-3
5.881944E-1,1.701078E-3
5.885417E-1,1.700928E-3
5.888889E-1,1.700778E-3
5.892361E-1,1.700628E-3
5.895833E-1,1.700478E-3
5.899306E-1,1.700328E-3
5.902778E-1,1.700178E-3
5.906250E-1,1.700027E-3
5.909722E-1,1.699877E-3
5.913194E-1,1.699727E-3
5.916667E-1,1.699577E-3
5.920139E-1,1.699427E-3
5.923611E-1,1.699277E-3
5.927083E-1,1.699127E-3
5.930556E-1,1.698977E-3
5.934028E-1,1.698827E-3
5.937500E-1,1.698676E-3
5.940972E-1,1.698526E-3
5.944444E-1,1.698376E-3
5.947917E-1,1.698226E-3
5.951389E-1,1.698076E-3
5.954861E-1,1.697926E-3
5.958333E-1,1.697776E-3
5.961806E-1,1.697626E-3
5.965278E-1,1.697475E-3
5.968750E-1,1.697325E-3
5.972222E-1,1.697175E-3
5.975694E-1,1.697025E-3
5.979167E-1,1.696875E-3
5.982639E-1,1.696725E-3
5.986111E-1,1.696575E-3
5.989583E-1,1.696425E-3
5.993056E-1,1.696274E-3
5.996528E-1,1.696124E-3
6.000000E-1,1.695974E-3
6.003472E-1,1.695824E-3
6.006944E-1,1.695674E-3
6.010417E-1,1.695524E-3
6.013889E-1,1.695374E-3
6.017361E-1,1.695224E-3
6.020833E-1,1.695074E-3
6.024306E-1,1.694923E-3
6.027778E-1,1.694773E-3
6.031250E-1,1.694623E-3
6.034722E-1,1.694473E-3
6.038194E-1,1.694323E-3
6.041667E-1,1.694173E-3
6.045139E-1,1.694023E-3
6.048611E-1,1.693873E-3
6.052083E-1,1.693722E-3
6.055556E-1,1.693572E-3
6.059028E-1,1.693422E-3
6.062500E-1,1.693272E-3
6.065972E-1,1.693122E-3
6.069444E-1,1.692972E-3
6.072917E-1,1.692822E-3
6.076389E-1,1.692672E-3
6.079861E-1,1.692522E-3
6.083333E-1,1.692371E-3
6.086806E-1,1.692221E-3
6.090278E-1,1.692071E-3
6.093750E-1,1.691921E-3
6.097222E-1,1.691771E-3
6.100694E-1,1.691621E-3
6.104167E-1,1.691471E-3
6.107639E-1,1.691321E-3
6.111111E-1,1.691170E-3
6.114583E-1,1.691020E-3
6.118056E-1,1.690870E-3
6.121528E-1,1.690720E-3
6.125000E-1,1.690570E-3
6.128472E-1,1.690420E-3
6.131944E-1,1.690270E-3
6.135417E-1,1.690120E-3
6.138889E-1,1.689970E-3
6.142361E-1,1.689819E-3
6.145833E-1,1.689669E-3
6.149306E-1,1.689519E-3
6.152778E-1,1.689369E-3
6.156250E-1,1.689219E-3
6.159722E-1,1.689069E-3
6.163194E-1,1.688919E-3
6.166667E-1,1.688769E-3
6.170139E-1,1.688618E-3
6.173611E-1,1.688468E-3
6.177083E-1,1.688318E-3
6.180556E-1,1.688168E-3
6.184028E-1,1.688018E-3
6.187500E-1,1.687868E-3
6.190972E-1,1.687718E-3
6.194444E-1,1.687568E-3
6.197917E-1,1.687417E-3
6.201389E-1,1.687267E-3
6.204861E-1,1.687117E-3
6.208333E-1,1.686967E-3
6.211806E-1,1.686817E-3
6.215278E-1,1.686667E-3
6.218750E-1,1.686517E-3
6.222222E-1,1.686367E-3
6.225694E-1,1.686217E-3
6.229167E-1,1.686066E-3
6.232639E-1,1.685916E-3
6.236111E-1,1.685766E-3
6.239583E-1,1.685616E-3
6.243056E-1,1.685466E-3
6.246528E-1,1.685316E-3
6.250000E-1,1.685166E-3
6.253472E-1,1.685016E-3
6.256944E-1,1.684865E-3
6.260417E-1,1.684715E-3
6.263889E-1,1.684565E-3
6.267361E-1,1.684415E-3
6.270833E-1,1.684265E-3
6.274306E-1,1.684115E-3
6.277778E-1,1.683921E-3
6.281250E-1,1.683650E-3
6.284722E-1,1.683380E-3
6.288194E-1,1.683110E-3
6.291667E-1,1.682840E-3
6.295139E-1,1.682570E-3
6.298611E-1,1.682299E-3
6.302083E-1,1.682029E-3
6.305556E-1,1.681759E-3
6.309028E-1,1.681489E-3
6.312500E-1,1.681219E-3
6.315972E-1,1.680949E-3
6.319444E-1,1.680678E-3
6.322917E-1,1.680408E-3
6.326389E-1,1.680138E-3
6.329861E-1,1.679868E-3
6.333333E-1,1.679598E-3
6.336806E-1,1.679327E-3
6.340278E-1,1.679057E-3
6.343750E-1,1.678787E-3
6.347222E-1,1.678517E-3
6.350694E-1,1.678247E-3
6.354167E-1,1.677976E-3
6.357639E-1,1.677706E-3
6.361111E-1,1.677436E-3
6.364583E-1,1.677166E-3
6.368056E-1,1.676896E-3
6.371528E-1,1.676626E-3
6.375000E-1,1.676355E-3
6.378472E-1,1.676085E-3
6.381944E-1,1.675815E-3
6.385417E-1,1.675545E-3
6.388889E-1,1.675275E-3
6.392361E-1,1.675004E-3
6.395833E-1,1.674734E-3
6.399306E-1,1.674464E-3
6.402778E-1,1.674194E-3
6.406250E-1,1.673924E-3
6.409722E-1,1.673653E-3
6.413194E-1,1.673383E-3
6.416667E-1,1.673113E-3
6.420139E-1,1.672843E-3
6.423611E-1,1.672573E-3
6.427083E-1,1.672303E-3
6.430556E-1,1.672032E-3
6.434028E-1,1.671762E-3
6.437500E-1,1.671492E-3
6.440972E-1,1.671222E-3
6.444444E-1,1.670952E-3
6.447917E-1,1.670681E-3
6.451389E-1,1.670411E-3
6.454861E-1,1.670141E-3
6.458333E-1,1.669871E-3
6.461806E-1,1.669601E-3
6.465278E-1,1.669330E-3
6.468750E-1,1.669060E-3
6.472222E-1,1.668790E-3
6.475694E-1,1.668520E-3
6.479167E-1,1.668250E-3
6.482639E-1,1.667980E-3
6.486111E-1,1.667709E-3
6.489583E-1,1.667439E-3
6.493056E-1,1.667169E-3
6.496528E-1,1.666899E-3
6.500000E-1,1.666629E-3
6.503472E-1,1.666358E-3
6.506944E-1,1.666088E-3
6.510417E-1,1.665818E-3
6.513889E-1,1.665548E-3
6.517361E-1,1.665278E-3
6.520833E-1,1.665007E-3
6.524306E-1,1.664737E-3
6.527778E-1,1.664467E-3
6.531250E-1,1.664197E-3
6.534722E-1,1.663927E-3
6.538194E-1,1.663657E-3
6.541667E-1,1.663386E-3
6.545139E-1,1.663116E-3
6.548611E-1,1.662846E-3
6.552083E-1,1.662576E-3
6.555556E-1,1.662306E-3
6.559028E-1,1.662035E-3
6.562500E-1,1.661765E-3
6.565972E-1,1.661495E-3
6.569444E-1,1.661225E-3
6.572917E-1,1.660955E-3
6.576389E-1,1.660684E-3
6.579861E-1,1.660414E-3
6.583333E-1,1.660144E-3
6.586806E-1,1.659874E-3
6.590278E-1,1.659604E-3
6.593750E-1,1.659334E-3
6.597222E-1,1.659063E-3
6.600694E-1,1.658793E-3
6.604167E-1,1.658523E-3
6.607639E-1,1.658253E-3
6.611111E-1,1.657983E-3
6.614583E-1,1.657712E-3
6.618056E-1,1.657442E-3
6.621528E-1,1.657172E-3
6.625000E-1,1.656902E-3
6.628472E-1,1.656632E-3
6.631944E-1,1.656361E-3
6.635417E-1,1.656091E-3
6.638889E-1,1.655821E-3
6.642361E-1,1.655551E-3
6.645833E-1,1.655281E-3
6.649306E-1,1.655011E-3
6.652778E-1,1.654740E-3
6.656250E-1,1.654470E-3
6.659722E-1,1.654200E-3
6.663194E-1,1.653930E-3
6.666667E-1,1.653660E-3
6.670139E-1,1.653389E-3
6.673611E-1,1.653119E-3
6.677083E-1,1.652849E-3
6.680556E-1,1.652579E-3
6.684028E-1,1.652309E-3
6.687500E-1,1.652038E-3
6.690972E-1,1.651768E-3
6.694444E-1,1.651498E-3
6.697917E-1,1.651228E-3
6.701389E-1,1.651053E-3
6.704861E-1,1.651137E-3
6.708333E-1,1.651222E-3
6.711806E-1,1.651306E-3
6.715278E-1,1.651391E-3
6.718750E-1,1.651475E-3
6.722222E-1,1.651560E-3
6.725694E-1,1.651644E-3
6.729167E-1,1.651729E-3
6.732639E-1,1.651813E-3
6.736111E-1,1.651898E-3
6.739583E-1,1.651982E-3
6.743056E-1,1.652067E-3
6.746528E-1,1.652151E-3
6.750000E-1,1.652236E-3
6.753472E-1,1.652320E-3
6.756944E-1,1.652405E-3
6.760417E-1,1.652489E-3
6.763889E-1,1.652574E-3
6.767361E-1,1.652658E-3
6.770833E-1,1.652743E-3
6.774306E-1,1.652827E-3
6.777778E-1,1.652912E-3
6.781250E-1,1.652996E-3
6.784722E-1,1.653081E-3
6.788194E-1,1.653165E-3
6.791667E-1,1.653250E-3
6.795139E-1,1.653334E-3
6.798611E-1,1.653419E-3
6.802083E-1,1.653503E-3
6.805556E-1,1.653588E-3
6.809028E-1,1.653672E-3
6.812500E-1,1.653757E-3
6.815972E-1,1.653841E-3
6.819444E-1,1.653926E-3
6.822917E-1,1.654010E-3
6.826389E-1,1.654094E-3
6.829861E-1,1.654179E-3
6.833333E-1,1.654263E-3
6.836806E-1,1.654348E-3
6.840278E-1,1.654432E-3
6.843750E-1,1.654517E-3
6.847222E-1,1.654601E-3
6.850694E-1,1.654686E-3
6.854167E-1,1.654770E-3
6.857639E-1,1.654855E-3
6.861111E-1,1.654939E-3
6.864583E-1,1.655024E-3
6.868056E-1,1.655108E-3
6.871528E-1,1.655193E-3
6.875000E-1,1.655277E-3
6.878472E-1,1.655362E-3
6.881944E-1,1.655446E-3
6.885417E-1,1.655531E-3
6.888889E-1,1.655615E-3
6.892361E-1,1.655700E-3
6.895833E-1,1.655784E-3
6.899306E-1,1.655869E-3
6.902778E-1,1.655953E-3
6.906250E-1,1.656038E-3
6.909722E-1,1.656122E-3
6.913194E-1,1.656207E-3
6.916667E-1,1.656291E-3
6.920139E-1,1.656376E-3
6.923611E-1,1.656460E-3
6.927083E-1,1.656545E-3
6.930556E-1,1.656629E-3
6.934028E-1,1.656714E-3
6.937500E-1,1.656798E-3
6.940972E-1,1.656883E-3
6.944444E-1,1.656967E-3
6.947917E-1,1.657052E-3
6.951389E-1,1.657136E-3
6.954861E-1,1.657221E-3
6.958333E-1,1.657305E-3
6.961806E-1,1.657390E-3
6.965278E-1,1.657474E-3
6.968750E-1,1.657559E-3
6.972222E-1,1.657643E-3
6.975694E-1,1.657728E-3
6.979167E-1,1.657812E-3
6.982639E-1,1.657897E-3
6.986111E-1,1.657981E-3
6.989583E-1,1.658066E-3
6.993056E-1,1.658150E-3
6.996528E-1,1.658235E-3
7.000000E-1,1.658319E-3
7.003472E-1,1.658404E-3
7.006944E-1,1.658488E-3
7.010417E-1,1.658573E-3
7.013889E-1,1.658657E-3
7.017361E-1,1.658742E-3
7.020833E-1,1.658826E-3
7.024306E-1,1.658911E-3
7.027778E-1,1.658995E-3
7.031250E-1,1.659080E-3
7.034722E-1,1.659164E-3
7.038194E-1,1.659249E-3
7.041667E-1,1.659333E-3
7.045139E-1,1.659418E-3
7.048611E-1,1.659502E-3
7.052083E-1,1.659587E-3
7.055556E-1,1.659671E-3
7.059028E-1,1.659756E-3
7.062500E-1,1.659840E-3
7.065972E-1,1.659925E-3
7.069444E-1,1.660009E-3
7.072917E-1,1.660094E-3
7.076389E-1,1.660178E-3
7.079861E-1,1.660263E-3
7.083333E-1,1.660347E-3
7.086806E-1,1.660432E-3
7.090278E-1,1.660516E-3
7.093750E-1,1.660601E-3
7.097222E-1,1.660685E-3
7.100694E-1,1.660770E-3
7.104167E-1,1.660854E-3
7.107639E-1,1.660939E-3
7.111111E-1,1.661023E-3
7.114583E-1,1.661108E-3
7.118056E-1,1.661192E-3
7.121528E-1,1.661277E-3
7.125000E-1,1.661361E-3
7.128472E-1,1.661446E-3
7.131944E-1,1.661530E-3
7.135417E-1,1.661615E-3
7.138889E-1,1.661699E-3
7.142361E-1,1.661784E-3
7.145833E-1,1.661868E-3
7.149306E-1,1.661953E-3
7.152778E-1,1.662164E-3
7.156250E-1,1.662868E-3
7.159722E-1,1.663573E-3
7.163194E-1,1.664278E-3
7.166667E-1,1.664982E-3
7.170139E-1,1.665687E-3
7.173611E-1,1.666391E-3
7.177083E-1,1.667096E-3
7.180556E-1,1.667801E-3
7.184028E-1,1.668505E-3
7.187500E-1,1.669210E-3
7.190972E-1,1.669915E-3
7.194444E-1,1.670619E-3
7.197917E-1,1.671324E-3
7.201389E-1,1.672029E-3
7.204861E-1,1.672733E-3
7.208333E-1,1.673438E-3
7.211806E-1,1.674143E-3
7.215278E-1,1.674847E-3
7.218750E-1,1.675552E-3
7.222222E-1,1.676256E-3
7.225694E-1,1.676961E-3
7.229167E-1,1.677666E-3
7.232639E-1,1.678370E-3
7.236111E-1,1.679075E-3
7.239583E-1,1.679780E-3
7.243056E-1,1.680484E-3
7.246528E-1,1.681189E-3
7.250000E-1,1.681894E-3
7.253472E-1,1.682598E-3
7.256944E-1,1.683303E-3
7.260417E-1,1.684007E-3
7.263889E-1,1.684712E-3
7.267361E-1,1.685417E-3
7.270833E-1,1.686121E-3
7.274306E-1,1.686826E-3
7.277778E-1,1.687531E-3
7.281250E-1,1.688235E-3
7.284722E-1,1.688940E-3
7.288194E-1,1.689645E-3
7.291667E-1,1.690349E-3
7.295139E-1,1.691054E-3
7.298611E-1,1.691758E-3
7.302083E-1,1.692463E-3
7.305556E-1,1.693168E-3
7.309028E-1,1.693872E-3
7.312500E-1,1.694577E-3
7.315972E-1,1.695282E-3
7.319444E-1,1.695986E-3
7.322917E-1,1.696691E-3
7.326389E-1,1.697396E-3
7.329861E-1,1.698100E-3
7.333333E-1,1.698805E-3
7.336806E-1,1.699510E-3
7.340278E-1,1.700214E-3
7.343750E-1,1.700919E-3
7.347222E-1,1.701623E-3
7.350694E-1,1.702328E-3
7.354167E-1,1.703033E-3
7.357639E-1,1.703737E-3
7.361111E-1,1.704442E-3
7.364583E-1,1.705147E-3
7.368056E-1,1.705851E-3
7.371528E-1,1.706556E-3
7.375000E-1,1.707261E-3
7.378472E-1,1.707965E-3
7.381944E-1,1.708670E-3
7.385417E-1,1.709374E-3
7.388889E-1,1.710079E-3
7.392361E-1,1.710784E-3
7.395833E-1,1.711488E-3
7.399306E-1,1.712193E-3
7.402778E-1,1.712898E-3
7.406250E-1,1.713602E-3
7.409722E-1,1.714307E-3
7.413194E-1,1.715012E-3
7.416667E-1,1.715716E-3
7.420139E-1,1.716421E-3
7.423611E-1,1.717125E-3
7.427083E-1,1.717830E-3
7.430556E-1,1.718535E-3
7.434028E-1,1.719239E-3
7.437500E-1,1.719944E-3
7.440972E-1,1.720649E-3
7.444444E-1,1.721353E-3
7.447917E-1,1.722058E-3
7.451389E-1,1.722763E-3
7.454861E-1,1.723467E-3
7.458333E-1,1.724172E-3
7.461806E-1,1.724877E-3
7.465278E-1,1.725581E-3
7.468750E-1,1.726286E-3
7.472222E-1,1.726990E-3
7.475694E-1,1.727695E-3
7.479167E-1,1.728400E-3
7.482639E-1,1.729104E-3
7.486111E-1,1.729809E-3
7.489583E-1,1.730514E-3
7.493056E-1,1.731218E-3
7.496528E-1,1.731923E-3
7.500000E-1,1.732628E-3
7.503472E-1,1.733332E-3
7.506944E-1,1.734037E-3
7.510417E-1,1.734741E-3
7.513889E-1,1.735446E-3
7.517361E-1,1.736151E-3
7.520833E-1,1.736855E-3
7.524306E-1,1.737560E-3
7.527778E-1,1.738265E-3
7.531250E-1,1.738969E-3
7.534722E-1,1.739674E-3
7.538194E-1,1.740379E-3
7.541667E-1,1.741083E-3
7.545139E-1,1.741788E-3
7.548611E-1,1.742493E-3
7.552083E-1,1.743197E-3
7.555556E-1,1.743902E-3
7.559028E-1,1.744606E-3
7.562500E-1,1.745311E-3
7.565972E-1,1.746016E-3
7.569444E-1,1.746720E-3
7.572917E-1,1.747425E-3
7.576389E-1,1.748130E-3
7.579861E-1,1.748834E-3
7.583333E-1,1.749539E-3
7.586806E-1,1.750244E-3
7.590278E-1,1.750948E-3
7.593750E-1,1.751653E-3
7.597222E-1,1.752357E-3
7.600694E-1,1.753062E-3
7.604167E-1,1.753921E-3
7.607639E-1,1.755753E-3
7.611111E-1,1.757584E-3
7.614583E-1,1.759415E-3
7.618056E-1,1.761247E-3
7.621528E-1,1.763078E-3
7.625000E-1,1.764909E-3
7.628472E-1,1.766740E-3
7.631944E-1,1.768572E-3
7.635417E-1,1.770403E-3
7.638889E-1,1.772234E-3
7.642361E-1,1.774065E-3
7.645833E-1,1.775897E-3
7.649306E-1,1.777728E-3
7.652778E-1,1.779559E-3
7.656250E-1,1.781391E-3
7.659722E-1,1.783222E-3
7.663194E-1,1.785053E-3
7.666667E-1,1.786884E-3
7.670139E-1,1.788716E-3
7.673611E-1,1.790547E-3
7.677083E-1,1.792378E-3
7.680556E-1,1.794210E-3
7.684028E-1,1.796041E-3
7.687500E-1,1.797872E-3
7.690972E-1,1.799703E-3
7.694444E-1,1.801535E-3
7.697917E-1,1.803366E-3
7.701389E-1,1.805197E-3
7.704861E-1,1.807028E-3
7.708333E-1,1.808860E-3
7.711806E-1,1.810691E-3
7.715278E-1,1.812522E-3
7.718750E-1,1.814354E-3
7.722222E-1,1.816185E-3
7.725694E-1,1.818016E-3
7.729167E-1,1.819847E-3
7.732639E-1,1.821679E-3
7.736111E-1,1.823510E-3
7.739583E-1,1.825341E-3
7.743056E-1,1.827173E-3
7.746528E-1,1.829004E-3
7.750000E-1,1.830835E-3
7.753472E-1,1.832666E-3
7.756944E-1,1.834498E-3
7.760417E-1,1.836329E-3
7.763889E-1,1.838160E-3
7.767361E-1,1.839991E-3
7.770833E-1,1.841823E-3
7.774306E-1,1.843654E-3
7.777778E-1,1.845485E-3
7.781250E-1,1.847317E-3
7.784722E-1,1.849148E-3
7.788194E-1,1.850979E-3
7.791667E-1,1.852810E-3
7.795139E-1,1.854642E-3
7.798611E-1,1.856473E-3
7.802083E-1,1.858304E-3
7.805556E-1,1.860136E-3
7.809028E-1,1.861967E-3
7.812500E-1,1.863798E-3
7.815972E-1,1.865629E-3
7.819444E-1,1.867461E-3
7.822917E-1,1.869292E-3
7.826389E-1,1.871123E-3
7.829861E-1,1.872955E-3
7.833333E-1,1.874786E-3
7.836806E-1,1.876617E-3
7.840278E-1,1.878448E-3
7.843750E-1,1.880280E-3
7.847222E-1,1.882111E-3
7.850694E-1,1.883942E-3
7.854167E-1,1.885773E-3
7.857639E-1,1.887605E-3
7.861111E-1,1.889436E-3
7.864583E-1,1.891267E-3
7.868056E-1,1.893099E-3
7.871528E-1,1.894930E-3
7.875000E-1,1.896761E-3
7.878472E-1,1.898592E-3
7.881944E-1,1.900424E-3
7.885417E-1,1.902255E-3
7.888889E-1,1.904086E-3
7.892361E-1,1.905918E-3
7.895833E-1,1.907749E-3
7.899306E-1,1.909580E-3
7.902778E-1,1.911411E-3
7.906250E-1,1.913243E-3
7.909722E-1,1.915074E-3
7.913194E-1,1.916905E-3
7.916667E-1,1.918736E-3
7.920139E-1,1.920568E-3
7.923611E-1,1.922399E-3
7.927083E-1,1.924230E-3
7.930556E-1,1.926062E-3
7.934028E-1,1.927893E-3
7.937500E-1,1.929724E-3
7.940972E-1,1.931555E-3
7.944444E-1,1.933387E-3
7.947917E-1,1.935218E-3
7.951389E-1,1.937049E-3
7.954861E-1,1.938881E-3
7.958333E-1,1.940712E-3
7.961806E-1,1.942543E-3
7.965278E-1,1.944374E-3
7.968750E-1,1.946206E-3
7.972222E-1,1.948037E-3
7.975694E-1,1.949868E-3
7.979167E-1,1.951700E-3
7.982639E-1,1.953531E-3
7.986111E-1,1.955362E-3
7.989583E-1,1.957193E-3
7.993056E-1,1.959025E-3
7.996528E-1,1.960856E-3
8.000000E-1,1.962687E-3
8.003472E-1,1.964518E-3
8.006944E-1,1.966350E-3
8.010417E-1,1.968181E-3
8.013889E-1,1.970012E-3
8.017361E-1,1.971844E-3
8.020833E-1,1.973675E-3
8.024306E-1,1.975506E-3
8.027778E-1,1.977316E-3
8.031250E-1,1.978553E-3
8.034722E-1,1.979790E-3
8.038194E-1,1.981027E-3
8.041667E-1,1.982264E-3
8.045139E-1,1.983501E-3
8.048611E-1,1.984739E-3
8.052083E-1,1.985976E-3
8.055556E-1,1.987213E-3
8.059028E-1,1.988450E-3
8.062500E-1,1.989687E-3
8.065972E-1,1.990924E-3
8.069444E-1,1.992162E-3
8.072917E-1,1.993399E-3
8.076389E-1,1.994636E-3
8.079861E-1,1.995873E-3
8.083333E-1,1.997110E-3
8.086806E-1,1.998348E-3
8.090278E-1,1.999585E-3
8.093750E-1,2.000822E-3
8.097222E-1,2.002059E-3
8.100694E-1,2.003296E-3
8.104167E-1,2.004533E-3
8.107639E-1,2.005771E-3
8.111111E-1,2.007008E-3
8.114583E-1,2.008245E-3
8.118056E-1,2.009482E-3
8.121528E-1,2.010719E-3
8.125000E-1,2.011956E-3
8.128472E-1,2.013194E-3
8.131944E-1,2.014431E-3
8.135417E-1,2.015668E-3
8.138889E-1,2.016905E-3
8.142361E-1,2.018142E-3
8.145833E-1,2.019379E-3
8.149306E-1,2.020617E-3
8.152778E-1,2.021854E-3
8.156250E-1,2.023091E-3
8.159722E-1,2.024328E-3
8.163194E-1,2.025565E-3
8.166667E-1,2.026803E-3
8.170139E-1,2.028040E-3
8.173611E-1,2.029277E-3
8.177083E-1,2.030514E-3
8.180556E-1,2.031751E-3
8.184028E-1,2.032988E-3
8.187500E-1,2.034226E-3
8.190972E-1,2.035463E-3
8.194444E-1,2.036700E-3
8.197917E-1,2.037937E-3
8.201389E-1,2.039174E-3
8.204861E-1,2.040411E-3
8.208333E-1,2.041649E-3
8.211806E-1,2.042886E-3
8.215278E-1,2.044123E-3
8.218750E-1,2.045360E-3
8.222222E-1,2.046597E-3
8.225694E-1,2.047835E-3
8.229167E-1,2.049072E-3
8.232639E-1,2.050309E-3
8.236111E-1,2.051546E-3
8.239583E-1,2.052783E-3
8.243056E-1,2.054020E-3
8.246528E-1,2.055258E-3
8.250000E-1,2.056495E-3
8.253472E-1,2.057732E-3
8.256944E-1,2.058969E-3
8.260417E-1,2.060206E-3
8.263889E-1,2.061443E-3
8.267361E-1,2.062681E-3
8.270833E-1,2.063918E-3
8.274306E-1,2.065155E-3
8.277778E-1,2.066392E-3
8.281250E-1,2.067629E-3
8.284722E-1,2.068866E-3
8.288194E-1,2.070104E-3
8.291667E-1,2.071341E-3
8.295139E-1,2.072578E-3
8.298611E-1,2.073815E-3
8.302083E-1,2.075052E-3
8.305556E-1,2.076290E-3
8.309028E-1,2.077527E-3
8.312500E-1,2.078764E-3
8.315972E-1,2.080001E-3
8.319444E-1,2.081238E-3
8.322917E-1,2.082475E-3
8.326389E-1,2.083713E-3
8.329861E-1,2.084950E-3
8.333333E-1,2.086187E-3
8.336806E-1,2.087424E-3
8.340278E-1,2.088661E-3
8.343750E-1,2.089898E-3
8.347222E-1,2.091136E-3
8.350694E-1,2.092373E-3
8.354167E-1,2.093610E-3
8.357639E-1,2.094847E-3
8.361111E-1,2.096084E-3
8.364583E-1,2.097322E-3
8.368056E-1,2.098559E-3
8.371528E-1,2.099796E-3
8.375000E-1,2.101033E-3
8.378472E-1,2.102270E-3
8.381944E-1,2.103507E-3
8.385417E-1,2.104745E-3
8.388889E-1,2.105982E-3
8.392361E-1,2.107219E-3
8.395833E-1,2.108456E-3
8.399306E-1,2.109693E-3
8.402778E-1,2.110930E-3
8.406250E-1,2.112168E-3
8.409722E-1,2.113405E-3
8.413194E-1,2.114642E-3
8.416667E-1,2.115879E-3
8.420139E-1,2.117116E-3
8.423611E-1,2.118354E-3
8.427083E-1,2.119591E-3
8.430556E-1,2.120828E-3
8.434028E-1,2.122065E-3
8.437500E-1,2.123302E-3
8.440972E-1,2.124539E-3
8.444444E-1,2.125777E-3
8.447917E-1,2.127014E-3
8.451389E-1,2.128251E-3
8.454861E-1,2.129488E-3
8.458333E-1,2.130725E-3
8.461806E-1,2.131962E-3
8.465278E-1,2.133200E-3
8.468750E-1,2.134437E-3
8.472222E-1,2.133736E-3
8.475694E-1,2.131874E-3
8.479167E-1,2.130013E-3
8.482639E-1,2.128151E-3
8.486111E-1,2.126290E-3
8.489583E-1,2.124428E-3
8.493056E-1,2.122567E-3
8.496528E-1,2.120706E-3
8.500000E-1,2.118844E-3
8.503472E-1,2.116983E-3
8.506944E-1,2.115121E-3
8.510417E-1,2.113260E-3
8.513889E-1,2.111398E-3
8.517361E-1,2.109537E-3
8.520833E-1,2.107676E-3
8.524306E-1,2.105814E-3
8.527778E-1,2.103953E-3
8.531250E-1,2.102091E-3
8.534722E-1,2.100230E-3
8.538194E-1,2.098369E-3
8.541667E-1,2.096507E-3
8.545139E-1,2.094646E-3
8.548611E-1,2.092784E-3
8.552083E-1,2.090923E-3
8.555556E-1,2.089061E-3
8.559028E-1,2.087200E-3
8.562500E-1,2.085339E-3
8.565972E-1,2.083477E-3
8.569444E-1,2.081616E-3
8.572917E-1,2.079754E-3
8.576389E-1,2.077893E-3
8.579861E-1,2.076032E-3
8.583333E-1,2.074170E-3
8.586806E-1,2.072309E-3
8.590278E-1,2.070447E-3
8.593750E-1,2.068586E-3
8.597222E-1,2.066724E-3
8.600694E-1,2.064863E-3
8.604167E-1,2.063002E-3
8.607639E-1,2.061140E-3
8.611111E-1,2.059279E-3
8.614583E-1,2.057417E-3
8.618056E-1,2.055556E-3
8.621528E-1,2.053695E-3
8.625000E-1,2.051833E-3
8.628472E-1,2.049972E-3
8.631944E-1,2.048110E-3
8.635417E-1,2.046249E-3
8.638889E-1,2.044387E-3
8.642361E-1,2.042526E-3
8.645833E-1,2.040665E-3
8.649306E-1,2.038803E-3
8.652778E-1,2.036942E-3
8.656250E-1,2.035080E-3
8.659722E-1,2.033219E-3
8.663194E-1,2.031358E-3
8.666667E-1,2.029496E-3
8.670139E-1,2.027635E-3
8.673611E-1,2.025773E-3
8.677083E-1,2.023912E-3
8.680556E-1,2.022050E-3
8.684028E-1,2.020189E-3
8.687500E-1,2.018328E-3
8.690972E-1,2.016466E-3
8.694444E-1,2.014605E-3
8.697917E-1,2.012743E-3
8.701389E-1,2.010882E-3
8.704861E-1,2.009021E-3
8.708333E-1,2.007159E-3
8.711806E-1,2.005298E-3
8.715278E-1,2.003436E-3
8.718750E-1,2.001575E-3
8.722222E-1,1.999713E-3
8.725694E-1,1.997852E-3
8.729167E-1,1.995991E-3
8.732639E-1,1.994129E-3
8.736111E-1,1.992268E-3
8.739583E-1,1.990406E-3
8.743056E-1,1.988545E-3
8.746528E-1,1.986683E-3
8.750000E-1,1.984822E-3
8.753472E-1,1.982961E-3
8.756944E-1,1.981099E-3
8.760417E-1,1.979238E-3
8.763889E-1,1.977376E-3
8.767361E-1,1.975515E-3
8.770833E-1,1.973654E-3
8.774306E-1,1.971792E-3
8.777778E-1,1.969931E-3
8.781250E-1,1.968069E-3
8.784722E-1,1.966208E-3
8.788194E-1,1.964347E-3
8.791667E-1,1.962485E-3
8.795139E-1,1.960624E-3
8.798611E-1,1.958762E-3
8.802083E-1,1.956901E-3
8.805556E-1,1.955039E-3
8.809028E-1,1.953178E-3
8.812500E-1,1.951317E-3
8.815972E-1,1.949455E-3
8.819444E-1,1.947594E-3
8.822917E-1,1.945732E-3
8.826389E-1,1.943871E-3
8.829861E-1,1.942009E-3
8.833333E-1,1.940148E-3
8.836806E-1,1.938287E-3
8.840278E-1,1.936425E-3
8.843750E-1,1.934564E-3
8.847222E-1,1.932702E-3
8.850694E-1,1.930841E-3
8.854167E-1,1.928980E-3
8.857639E-1,1.927118E-3
8.861111E-1,1.925257E-3
8.864583E-1,1.923395E-3
8.868056E-1,1.921534E-3
8.871528E-1,1.919672E-3
8.875000E-1,1.917811E-3
8.878472E-1,1.915950E-3
8.881944E-1,1.914088E-3
8.885417E-1,1.912227E-3
8.888889E-1,1.910365E-3
8.892361E-1,1.908504E-3
8.895833E-1,1.906910E-3
8.899306E-1,1.905558E-3
8.902778E-1,1.904206E-3
8.906250E-1,1.902853E-3
8.909722E-1,1.901501E-3
8.913194E-1,1.900149E-3
8.916667E-1,1.898797E-3
8.920139E-1,1.897445E-3
8.923611E-1,1.896093E-3
8.927083E-1,1.894741E-3
8.930556E-1,1.893388E-3
8.934028E-1,1.892036E-3
8.937500E-1,1.890684E-3
8.940972E-1,1.889332E-3
8.944444E-1,1.887980E-3
8.947917E-1,1.886628E-3
8.951389E-1,1.885275E-3
8.954861E-1,1.883923E-3
8.958333E-1,1.882571E-3
8.961806E-1,1.881219E-3
8.965278E-1,1.879867E-3
8.968750E-1,1.878515E-3
8.972222E-1,1.877163E-3
8.975694E-1,1.875810E-3
8.979167E-1,1.874458E-3
8.982639E-1,1.873106E-3
8.986111E-1,1.871754E-3
8.989583E-1,1.870402E-3
8.993056E-1,1.869050E-3
8.996528E-1,1.867697E-3
9.000000E-1,1.866345E-3
9.003472E-1,1.864993E-3
9.006944E-1,1.863641E-3
9.010417E-1,1.862289E-3
9.013889E-1,1.860937E-3
9.017361E-1,1.859584E-3
9.020833E-1,1.858232E-3
9.024306E-1,1.856880E-3
9.027778E-1,1.855528E-3
9.031250E-1,1.854176E-3
9.034722E-1,1.852824E-3
9.038194E-1,1.851472E-3
9.041667E-1,1.850119E-3
9.045139E-1,1.848767E-3
9.048611E-1,1.847415E-3
9.052083E-1,1.846063E-3
9.055556E-1,1.844711E-3
9.059028E-1,1.843359E-3
9.062500E-1,1.842006E-3
9.065972E-1,1.840654E-3
9.069444E-1,1.839302E-3
9.072917E-1,1.837950E-3
9.076389E-1,1.836598E-3
9.079861E-1,1.835246E-3
9.083333E-1,1.833893E-3
9.086806E-1,1.832541E-3
9.090278E-1,1.831189E-3
9.093750E-1,1.829837E-3
9.097222E-1,1.828485E-3
9.100694E-1,1.827133E-3
9.104167E-1,1.825780E-3
9.107639E-1,1.824428E-3
9.111111E-1,1.823076E-3
9.114583E-1,1.821724E-3
9.118056E-1,1.820372E-3
9.121528E-1,1.819020E-3
9.125000E-1,1.817668E-3
9.128472E-1,1.816315E-3
9.131944E-1,1.814963E-3
9.135417E-1,1.813611E-3
9.138889E-1,1.812259E-3
9.142361E-1,1.810907E-3
9.145833E-1,1.809555E-3
9.149306E-1,1.808202E-3
9.152778E-1,1.806850E-3
9.156250E-1,1.805498E-3
9.159722E-1,1.804146E-3
9.163194E-1,1.802794E-3
9.166667E-1,1.801442E-3
9.170139E-1,1.800090E-3
9.173611E-1,1.798737E-3
9.177083E-1,1.797385E-3
9.180556E-1,1.796033E-3
9.184028E-1,1.794681E-3
9.187500E-1,1.793329E-3
9.190972E-1,1.791977E-3
9.194444E-1,1.790624E-3
9.197917E-1,1.789272E-3
9.201389E-1,1.787920E-3
9.204861E-1,1.786568E-3
9.208333E-1,1.785216E-3
9.211806E-1,1.783864E-3
9.215278E-1,1.782511E-3
9.218750E-1,1.781159E-3
9.222222E-1,1.779807E-3
9.225694E-1,1.778455E-3
9.229167E-1,1.777103E-3
9.232639E-1,1.775751E-3
9.236111E-1,1.774399E-3
9.239583E-1,1.773046E-3
9.243056E-1,1.771694E-3
9.246528E-1,1.770342E-3
9.250000E-1,1.768990E-3
9.253472E-1,1.767638E-3
9.256944E-1,1.766286E-3
9.260417E-1,1.764933E-3
9.263889E-1,1.763581E-3
9.267361E-1,1.762229E-3
9.270833E-1,1.760877E-3
9.274306E-1,1.759525E-3
9.277778E-1,1.758173E-3
9.281250E-1,1.756820E-3
9.284722E-1,1.755468E-3
9.288194E-1,1.754116E-3
9.291667E-1,1.752764E-3
9.295139E-1,1.751412E-3
9.298611E-1,1.750060E-3
9.302083E-1,1.748708E-3
9.305556E-1,1.747355E-3
9.309028E-1,1.746003E-3
9.312500E-1,1.744651E-3
9.315972E-1,1.743299E-3
9.319444E-1,1.741947E-3
9.322917E-1,1.740595E-3
9.326389E-1,1.739242E-3
9.329861E-1,1.737890E-3
9.333333E-1,1.736538E-3
9.336806E-1,1.735092E-3
9.340278E-1,1.732918E-3
9.343750E-1,1.730744E-3
9.347222E-1,1.728569E-3
9.350694E-1,1.726395E-3
9.354167E-1,1.724221E-3
9.357639E-1,1.722046E-3
9.361111E-1,1.719872E-3
9.364583E-1,1.717698E-3
9.368056E-1,1.715523E-3
9.371528E-1,1.713349E-3
9.375000E-1,1.711175E-3
9.378472E-1,1.709000E-3
9.381944E-1,1.706826E-3
9.385417E-1,1.704652E-3
9.388889E-1,1.702477E-3
9.392361E-1,1.700303E-3
9.395833E-1,1.698129E-3
9.399306E-1,1.695954E-3
9.402778E-1,1.693780E-3
9.406250E-1,1.691606E-3
9.409722E-1,1.689431E-3
9.413194E-1,1.687257E-3
9.416667E-1,1.685083E-3
9.420139E-1,1.682908E-3
9.423611E-1,1.680734E-3
9.427083E-1,1.678560E-3
9.430556E-1,1.676385E-3
9.434028E-1,1.674211E-3
9.437500E-1,1.672037E-3
9.440972E-1,1.669863E-3
9.444444E-1,1.667688E-3
9.447917E-1,1.665514E-3
9.451389E-1,1.663340E-3
9.454861E-1,1.661165E-3
9.458333E-1,1.658991E-3
9.461806E-1,1.656816E-3
9.465278E-1,1.654642E-3
9.468750E-1,1.652468E-3
9.472222E-1,1.650294E-3
9.475694E-1,1.648119E-3
9.479167E-1,1.645945E-3
9.482639E-1,1.643771E-3
9.486111E-1,1.641596E-3
9.489583E-1,1.639422E-3
9.493056E-1,1.637248E-3
9.496528E-1,1.635073E-3
9.500000E-1,1.632899E-3
9.503472E-1,1.630725E-3
9.506944E-1,1.628550E-3
9.510417E-1,1.626376E-3
9.513889E-1,1.624202E-3
9.517361E-1,1.622027E-3
9.520833E-1,1.619853E-3
9.524306E-1,1.617679E-3
9.527778E-1,1.615504E-3
9.531250E-1,1.613330E-3
9.534722E-1,1.611156E-3
9.538194E-1,1.608981E-3
9.541667E-1,1.606807E-3
9.545139E-1,1.604633E-3
9.548611E-1,1.602458E-3
9.552083E-1,1.600284E-3
9.555556E-1,1.598110E-3
9.559028E-1,1.595935E-3
9.562500E-1,1.593761E-3
9.565972E-1,1.591587E-3
9.569444E-1,1.589412E-3
9.572917E-1,1.587238E-3
9.576389E-1,1.585064E-3
9.579861E-1,1.582889E-3
9.583333E-1,1.580715E-3
9.586806E-1,1.578541E-3
9.590278E-1,1.576366E-3
9.593750E-1,1.574192E-3
9.597222E-1,1.572018E-3
9.600694E-1,1.569843E-3
9.604167E-1,1.567669E-3
9.607639E-1,1.565495E-3
9.611111E-1,1.563320E-3
9.614583E-1,1.561146E-3
9.618056E-1,1.558972E-3
9.621528E-1,1.556797E-3
9.625000E-1,1.554623E-3
9.628472E-1,1.552449E-3
9.631944E-1,1.550275E-3
9.635417E-1,1.548100E-3
9.638889E-1,1.545926E-3
9.642361E-1,1.543752E-3
9.645833E-1,1.541577E-3
9.649306E-1,1.539403E-3
9.652778E-1,1.537229E-3
9.656250E-1,1.535054E-3
9.659722E-1,1.532880E-3
9.663194E-1,1.530706E-3
9.666667E-1,1.528531E-3
9.670139E-1,1.526357E-3
9.673611E-1,1.524183E-3
9.677083E-1,1.522008E-3
9.680556E-1,1.519834E-3
9.684028E-1,1.517660E-3
9.687500E-1,1.515485E-3
9.690972E-1,1.513311E-3
9.694444E-1,1.511137E-3
9.697917E-1,1.508962E-3
9.701389E-1,1.506788E-3
9.704861E-1,1.504614E-3
9.708333E-1,1.502439E-3
9.711806E-1,1.500265E-3
9.715278E-1,1.498091E-3
9.718750E-1,1.495916E-3
9.722222E-1,1.493742E-3
9.725694E-1,1.491568E-3
9.729167E-1,1.489393E-3
9.732639E-1,1.487219E-3
9.736111E-1,1.485045E-3
9.739583E-1,1.482870E-3
9.743056E-1,1.480696E-3
9.746528E-1,1.478522E-3
9.750000E-1,1.476347E-3
9.753472E-1,1.474173E-3
9.756944E-1,1.471999E-3
9.760417E-1,1.469824E-3
9.763889E-1,1.467650E-3
9.767361E-1,1.465476E-3
9.770833E-1,1.463301E-3
9.774306E-1,1.461127E-3
9.777778E-1,1.458953E-3
9.781250E-1,1.456778E-3
9.784722E-1,1.454604E-3
9.788194E-1,1.452430E-3
9.791667E-1,1.450255E-3
9.795139E-1,1.448081E-3
9.798611E-1,1.445907E-3
9.802083E-1,1.443732E-3
9.805556E-1,1.441558E-3
9.809028E-1,1.439384E-3
9.812500E-1,1.437209E-3
9.815972E-1,1.435035E-3
9.819444E-1,1.432861E-3
9.822917E-1,1.430686E-3
9.826389E-1,1.428512E-3
9.829861E-1,1.426338E-3
9.833333E-1,1.424164E-3
9.836806E-1,1.421989E-3
9.840278E-1,1.419815E-3
9.843750E-1,1.417641E-3
9.847222E-1,1.415466E-3
9.850694E-1,1.413292E-3
9.854167E-1,1.411118E-3
9.857639E-1,1.408943E-3
9.861111E-1,1.406769E-3
9.864583E-1,1.404595E-3
9.868056E-1,1.402420E-3
9.871528E-1,1.400246E-3
9.875000E-1,1.398072E-3
9.878472E-1,1.395897E-3
9.881944E-1,1.393723E-3
9.885417E-1,1.391549E-3
9.888889E-1,1.389374E-3
9.892361E-1,1.387200E-3
9.895833E-1,1.385026E-3
9.899306E-1,1.382851E-3
9.902778E-1,1.380677E-3
9.906250E-1,1.378503E-3
9.909722E-1,1.376328E-3
9.913194E-1,1.374154E-3
9.916667E-1,1.371980E-3
9.920139E-1,1.369805E-3
9.923611E-1,1.367631E-3
9.927083E-1,1.365457E-3
9.930556E-1,1.363282E-3
9.934028E-1,1.361108E-3
9.937500E-1,1.358934E-3
9.940972E-1,1.356759E-3
9.944444E-1,1.354585E-3
9.947917E-1,1.352411E-3
9.951389E-1,1.350236E-3
9.954861E-1,1.348062E-3
9.958333E-1,1.345888E-3
9.961806E-1,1.343713E-3
9.965278E-1,1.341539E-3
9.968750E-1,1.339365E-3
9.972222E-1,1.337190E-3
9.975694E-1,1.335016E-3
9.979167E-1,1.332842E-3
9.982639E-1,1.330667E-3
9.986111E-1,1.328493E-3
9.989583E-1,1.326319E-3
9.993056E-1,1.324144E-3
9.996528E-1,1.321970E-3
