7.139351E-12,4.659290E+3
3.472222E-2,4.680076E+3
6.944444E-2,4.700861E+3
1.041667E-1,4.721647E+3
1.388889E-1,4.742433E+3
1.736111E-1,4.763219E+3
2.083333E-1,4.784005E+3
2.430556E-1,4.804791E+3
2.777778E-1,4.825576E+3
3.125000E-1,4.846362E+3
3.472222E-1,4.867148E+3
3.819444E-1,4.887934E+3
4.166667E-1,4.908720E+3
4.513889E-1,4.929506E+3
4.861111E-1,4.950291E+3
5.208333E-1,4.971077E+3
5.555556E-1,4.991863E+3
5.902778E-1,5.012649E+3
6.250000E-1,5.033435E+3
6.597222E-1,5.054220E+3
6.944444E-1,5.075006E+3
7.291667E-1,5.095792E+3
7.638889E-1,5.116578E+3
7.986111E-1,5.137364E+3
8.333333E-1,5.158150E+3
8.680556E-1,5.178935E+3
9.027778E-1,5.199721E+3
9.375000E-1,5.220507E+3
9.722222E-1,5.241293E+3
1.006944E+0,5.262079E+3
1.041667E+0,5.282865E+3
1.076389E+0,5.303650E+3
1.111111E+0,5.324436E+3
1.145833E+0,5.345222E+3
1.180556E+0,5.366008E+3
1.215278E+0,5.386794E+3
1.250000E+0,5.407580E+3
1.284722E+0,5.428365E+3
1.319444E+0,5.449151E+3
1.354167E+0,5.469937E+3
1.388889E+0,5.490723E+3
1.423611E+0,5.511509E+3
1.458333E+0,5.532294E+3
1.493056E+0,5.553080E+3
1.527778E+0,5.573866E+3
1.562500E+0,5.594652E+3
1.597222E+0,5.615438E+3
1.631944E+0,5.636224E+3
1.666667E+0,5.657009E+3
1.701389E+0,5.677795E+3
1.736111E+0,5.698581E+3
1.770833E+0,5.719367E+3
1.805556E+0,5.740153E+3
1.840278E+0,5.760939E+3
1.875000E+0,5.781724E+3
1.909722E+0,5.802510E+3
1.944444E+0,5.823296E+3
1.979167E+0,5.844082E+3
2.013889E+0,5.864868E+3
2.048611E+0,5.885654E+3
2.083333E+0,5.906439E+3
2.118056E+0,5.927225E+3
2.152778E+0,5.948011E+3
2.187500E+0,5.968797E+3
2.222222E+0,5.989583E+3
2.256944E+0,6.010368E+3
2.291667E+0,6.031154E+3
2.326389E+0,6.051940E+3
2.361111E+0,6.072726E+3
2.395833E+0,6.093512E+3
2.430556E+0,6.114298E+3
2.465278E+0,6.135083E+3
2.500000E+0,6.155869E+3
2.534722E+0,6.176655E+3
2.569444E+0,6.197441E+3
2.604167E+0,6.218227E+3
2.638889E+0,6.239013E+3
2.673611E+0,6.259798E+3
2.708333E+0,6.280584E+3
2.743056E+0,6.301370E+3
2.777778E+0,6.322156E+3
2.812500E+0,6.342942E+3
2.847222E+0,6.363727E+3
2.881944E+0,6.384513E+3
2.916667E+0,6.405299E+3
2.951389E+0,6.426085E+3
2.986111E+0,6.446871E+3
3.020833E+0,6.467657E+3
3.055556E+0,6.488442E+3
3.090278E+0,6.509228E+3
3.125000E+0,6.530014E+3
3.159722E+0,6.550800E+3
3.194444E+0,6.571586E+3
3.229167E+0,6.592372E+3
3.263889E+0,6.613157E+3
3.298611E+0,6.633943E+3
3.333333E+0,6.654729E+3
3.368056E+0,6.675515E+3
3.402778E+0,6.696301E+3
3.437500E+0,6.717087E+3
3.472222E+0,6.737872E+3
3.506944E+0,6.758658E+3
3.541667E+0,6.779444E+3
3.576389E+0,6.800230E+3
3.611111E+0,6.821016E+3
3.645833E+0,6.841801E+3
3.680556E+0,6.862587E+3
3.715278E+0,6.883373E+3
3.750000E+0,6.904159E+3
3.784722E+0,6.924945E+3
3.819444E+0,6.945731E+3
3.854167E+0,6.966516E+3
3.888889E+0,6.987302E+3
3.923611E+0,7.008088E+3
3.958333E+0,7.028874E+3
3.993056E+0,7.049660E+3
4.027778E+0,7.070446E+3
4.062500E+0,7.091231E+3
4.097222E+0,7.112017E+3
4.131944E+0,7.132803E+3
4.166667E+0,7.153589E+3
4.201389E+0,7.174375E+3
4.236111E+0,7.195161E+3
4.270833E+0,7.215946E+3
4.305556E+0,7.236732E+3
4.340278E+0,7.257518E+3
4.375000E+0,7.278304E+3
4.409722E+0,7.299090E+3
4.444444E+0,7.319875E+3
4.479167E+0,7.340661E+3
4.513889E+0,7.361447E+3
4.548611E+0,7.382233E+3
4.583333E+0,7.403019E+3
4.618056E+0,7.423805E+3
4.652778E+0,7.444590E+3
4.687500E+0,7.465376E+3
4.722222E+0,7.486162E+3
4.756944E+0,7.506948E+3
4.791667E+0,7.527734E+3
4.826389E+0,7.548520E+3
4.861111E+0,7.569305E+3
4.895833E+0,7.590091E+3
4.930556E+0,7.610877E+3
4.965278E+0,7.631663E+3
5.000000E+0,7.652449E+3
5.034722E+0,7.673235E+3
5.069444E+0,7.694020E+3
5.104167E+0,7.714806E+3
5.138889E+0,7.735592E+3
5.173611E+0,7.756378E+3
5.208333E+0,7.777164E+3
5.243056E+0,7.797950E+3
5.277778E+0,7.818735E+3
5.312500E+0,7.839521E+3
5.347222E+0,7.860307E+3
5.381944E+0,7.881093E+3
5.416667E+0,7.901879E+3
5.451389E+0,7.922664E+3
5.486111E+0,7.943450E+3
5.520833E+0,7.964236E+3
5.555556E+0,7.985022E+3
5.590278E+0,8.005808E+3
5.625000E+0,8.026594E+3
5.659722E+0,8.047379E+3
5.694444E+0,8.068165E+3
5.729167E+0,8.088951E+3
5.763889E+0,8.109737E+3
5.798611E+0,8.130523E+3
5.833333E+0,8.151308E+3
5.868056E+0,8.172094E+3
5.902778E+0,8.192880E+3
5.937500E+0,8.213666E+3
5.972222E+0,8.234452E+3
6.006944E+0,8.255238E+3
6.041667E+0,8.276023E+3
6.076389E+0,8.296809E+3
6.111111E+0,8.317595E+3
6.145833E+0,8.338381E+3
6.180556E+0,8.359167E+3
6.215278E+0,8.379953E+3
6.250000E+0,8.400738E+3
6.284722E+0,8.421524E+3
6.319444E+0,8.442310E+3
6.354167E+0,8.463096E+3
6.388889E+0,8.483882E+3
6.423611E+0,8.504668E+3
6.458333E+0,8.525453E+3
6.493056E+0,8.546239E+3
6.527778E+0,8.567025E+3
6.562500E+0,8.587811E+3
6.597222E+0,8.608597E+3
6.631944E+0,8.629382E+3
6.666667E+0,8.650168E+3
6.701389E+0,8.670954E+3
6.736111E+0,8.691740E+3
6.770833E+0,8.712526E+3
6.805556E+0,8.733312E+3
6.840278E+0,8.754097E+3
6.875000E+0,8.774883E+3
6.909722E+0,8.795669E+3
6.944444E+0,8.816455E+3
6.979167E+0,8.837241E+3
7.013889E+0,8.851924E+3
7.048611E+0,8.861451E+3
7.083333E+0,8.870978E+3
7.118056E+0,8.880505E+3
7.152778E+0,8.890031E+3
7.187500E+0,8.899558E+3
7.222222E+0,8.909085E+3
7.256944E+0,8.918612E+3
7.291667E+0,8.928138E+3
7.326389E+0,8.937665E+3
7.361111E+0,8.947192E+3
7.395833E+0,8.956719E+3
7.430556E+0,8.966245E+3
7.465278E+0,8.975772E+3
7.500000E+0,8.985299E+3
7.534722E+0,8.994826E+3
7.569444E+0,9.004352E+3
7.604167E+0,9.013879E+3
7.638889E+0,9.023406E+3
7.673611E+0,9.032933E+3
7.708333E+0,9.042459E+3
7.743056E+0,9.051986E+3
7.777778E+0,9.061513E+3
7.812500E+0,9.071040E+3
7.847222E+0,9.080566E+3
7.881944E+0,9.090093E+3
7.916667E+0,9.099620E+3
7.951389E+0,9.109147E+3
7.986111E+0,9.118673E+3
8.020833E+0,9.128200E+3
8.055556E+0,9.137727E+3
8.090278E+0,9.147254E+3
8.125000E+0,9.156780E+3
8.159722E+0,9.166307E+3
8.194444E+0,9.175834E+3
8.229167E+0,9.185360E+3
8.263889E+0,9.194887E+3
8.298611E+0,9.204414E+3
8.333333E+0,9.213941E+3
8.368056E+0,9.223467E+3
8.402778E+0,9.232994E+3
8.437500E+0,9.242521E+3
8.472222E+0,9.252048E+3
8.506944E+0,9.261574E+3
8.541667E+0,9.271101E+3
8.576389E+0,9.280628E+3
8.611111E+0,9.290155E+3
8.645833E+0,9.299681E+3
8.680556E+0,9.309208E+3
8.715278E+0,9.318735E+3
8.750000E+0,9.328262E+3
8.784722E+0,9.337788E+3
8.819444E+0,9.347315E+3
8.854167E+0,9.356842E+3
8.888889E+0,9.366369E+3
8.923611E+0,9.375895E+3
8.958333E+0,9.385422E+3
8.993056E+0,9.394949E+3
9.027778E+0,9.404476E+3
9.062500E+0,9.414002E+3
9.097222E+0,9.423529E+3
9.131944E+0,9.433056E+3
9.166667E+0,9.442583E+3
9.201389E+0,9.452109E+3
9.236111E+0,9.461636E+3
9.270833E+0,9.471163E+3
9.305556E+0,9.480690E+3
9.340278E+0,9.490216E+3
9.375000E+0,9.499743E+3
9.409722E+0,9.509270E+3
9.444444E+0,9.518797E+3
9.479167E+0,9.528323E+3
9.513889E+0,9.537850E+3
9.548611E+0,9.547377E+3
9.583333E+0,9.556904E+3
9.618056E+0,9.566430E+3
9.652778E+0,9.575957E+3
9.687500E+0,9.585484E+3
9.722222E+0,9.595011E+3
9.756944E+0,9.604537E+3
9.791667E+0,9.614064E+3
9.826389E+0,9.623591E+3
9.861111E+0,9.633118E+3
9.895833E+0,9.642644E+3
9.930556E+0,9.652171E+3
9.965278E+0,9.661698E+3
1.000000E+1,9.671225E+3
1.003472E+1,9.680751E+3
1.006944E+1,9.690278E+3
1.010417E+1,9.699805E+3
1.013889E+1,9.709332E+3
1.017361E+1,9.718858E+3
1.020833E+1,9.728385E+3
1.024306E+1,9.737912E+3
1.027778E+1,9.747439E+3
1.031250E+1,9.756965E+3
1.034722E+1,9.766492E+3
1.038194E+1,9.776019E+3
1.041667E+1,9.785546E+3
1.045139E+1,9.795072E+3
1.048611E+1,9.804599E+3
1.052083E+1,9.814126E+3
1.055556E+1,9.823653E+3
1.059028E+1,9.833179E+3
1.062500E+1,9.842706E+3
1.065972E+1,9.852233E+3
1.069444E+1,9.861759E+3
1.072917E+1,9.871286E+3
1.076389E+1,9.880813E+3
1.079861E+1,9.890340E+3
1.083333E+1,9.899866E+3
1.086806E+1,9.909393E+3
1.090278E+1,9.918920E+3
1.093750E+1,9.928447E+3
1.097222E+1,9.937973E+3
1.100694E+1,9.947500E+3
1.104167E+1,9.957027E+3
1.107639E+1,9.966554E+3
1.111111E+1,9.976080E+3
1.114583E+1,9.985607E+3
1.118056E+1,9.995134E+3
1.121528E+1,1.000466E+4
1.125000E+1,1.001419E+4
1.128472E+1,1.002371E+4
1.131944E+1,1.003324E+4
1.135417E+1,1.004277E+4
1.138889E+1,1.005229E+4
1.142361E+1,1.006182E+4
1.145833E+1,1.006547E+4
1.149306E+1,1.006812E+4
1.152778E+1,1.007078E+4
1.156250E+1,1.007344E+4
1.159722E+1,1.007609E+4
1.163194E+1,1.007875E+4
1.166667E+1,1.008141E+4
1.170139E+1,1.008407E+4
1.173611E+1,1.008672E+4
1.177083E+1,1.008938E+4
1.180556E+1,1.009204E+4
1.184028E+1,1.009470E+4
1.187500E+1,1.009735E+4
1.190972E+1,1.010001E+4
1.194444E+1,1.010267E+4
1.197917E+1,1.010533E+4
1.201389E+1,1.010798E+4
1.204861E+1,1.011064E+4
1.208333E+1,1.011330E+4
1.211806E+1,1.011595E+4
1.215278E+1,1.011861E+4
1.218750E+1,1.012127E+4
1.222222E+1,1.012393E+4
1.225694E+1,1.012658E+4
1.229167E+1,1.012924E+4
1.232639E+1,1.013190E+4
1.236111E+1,1.013456E+4
1.239583E+1,1.013721E+4
1.243056E+1,1.013987E+4
1.246528E+1,1.014253E+4
1.250000E+1,1.014518E+4
1.253472E+1,1.014784E+4
1.256944E+1,1.015050E+4
1.260417E+1,1.015316E+4
1.263889E+1,1.015581E+4
1.267361E+1,1.015847E+4
1.270833E+1,1.016113E+4
1.274306E+1,1.016379E+4
1.277778E+1,1.016644E+4
1.281250E+1,1.016910E+4
1.284722E+1,1.017176E+4
1.288194E+1,1.017441E+4
1.291667E+1,1.017707E+4
1.295139E+1,1.017973E+4
1.298611E+1,1.018239E+4
1.302083E+1,1.018504E+4
1.305556E+1,1.018770E+4
1.309028E+1,1.019036E+4
1.312500E+1,1.019302E+4
1.315972E+1,1.019567E+4
1.319444E+1,1.019833E+4
1.322917E+1,1.020099E+4
1.326389E+1,1.020365E+4
1.329861E+1,1.020630E+4
1.333333E+1,1.020896E+4
1.336806E+1,1.021162E+4
1.340278E+1,1.021427E+4
1.343750E+1,1.021693E+4
1.347222E+1,1.021959E+4
1.350694E+1,1.022225E+4
1.354167E+1,1.022490E+4
1.357639E+1,1.022756E+4
1.361111E+1,1.023022E+4
1.364583E+1,1.023288E+4
1.368056E+1,1.023553E+4
1.371528E+1,1.023819E+4
1.375000E+1,1.024085E+4
1.378472E+1,1.024350E+4
1.381944E+1,1.024616E+4
1.385417E+1,1.024882E+4
1.388889E+1,1.025148E+4
1.392361E+1,1.025413E+4
1.395833E+1,1.025679E+4
1.399306E+1,1.025945E+4
1.402778E+1,1.026211E+4
1.406250E+1,1.026476E+4
1.409722E+1,1.026742E+4
1.413194E+1,1.027008E+4
1.416667E+1,1.027274E+4
1.420139E+1,1.027539E+4
1.423611E+1,1.027805E+4
1.427083E+1,1.028071E+4
1.430556E+1,1.028336E+4
1.434028E+1,1.028602E+4
1.437500E+1,1.028868E+4
1.440972E+1,1.029134E+4
1.444444E+1,1.029399E+4
1.447917E+1,1.029665E+4
1.451389E+1,1.029931E+4
1.454861E+1,1.030197E+4
1.458333E+1,1.030462E+4
1.461806E+1,1.030728E+4
1.465278E+1,1.030994E+4
1.468750E+1,1.031259E+4
1.472222E+1,1.031525E+4
1.475694E+1,1.031791E+4
1.479167E+1,1.032057E+4
1.482639E+1,1.032322E+4
1.486111E+1,1.032588E+4
1.489583E+1,1.032854E+4
1.493056E+1,1.033120E+4
1.496528E+1,1.033385E+4
1.500000E+1,1.033651E+4
1.503472E+1,1.033917E+4
1.506944E+1,1.034182E+4
1.510417E+1,1.034448E+4
1.513889E+1,1.034714E+4
1.517361E+1,1.034980E+4
1.520833E+1,1.035245E+4
1.524306E+1,1.035511E+4
1.527778E+1,1.035777E+4
1.531250E+1,1.036043E+4
1.534722E+1,1.036308E+4
1.538194E+1,1.036574E+4
1.541667E+1,1.036840E+4
1.545139E+1,1.037106E+4
1.548611E+1,1.037371E+4
1.552083E+1,1.037637E+4
1.555556E+1,1.037903E+4
1.559028E+1,1.038168E+4
1.562500E+1,1.038434E+4
1.565972E+1,1.038700E+4
1.569444E+1,1.038966E+4
1.572917E+1,1.039231E+4
1.576389E+1,1.039497E+4
1.579861E+1,1.039763E+4
1.583333E+1,1.040029E+4
1.586806E+1,1.040294E+4
1.590278E+1,1.040560E+4
1.593750E+1,1.040826E+4
1.597222E+1,1.041091E+4
1.600694E+1,1.041357E+4
1.604167E+1,1.041623E+4
1.607639E+1,1.041889E+4
1.611111E+1,1.042154E+4
1.614583E+1,1.042420E+4
1.618056E+1,1.042686E+4
1.621528E+1,1.042952E+4
1.625000E+1,1.043217E+4
1.628472E+1,1.043483E+4
1.631944E+1,1.043749E+4
1.635417E+1,1.044015E+4
1.638889E+1,1.044280E+4
1.642361E+1,1.044546E+4
1.645833E+1,1.044812E+4
1.649306E+1,1.045077E+4
1.652778E+1,1.045343E+4
1.656250E+1,1.045609E+4
1.659722E+1,1.045875E+4
1.663194E+1,1.046140E+4
1.666667E+1,1.046406E+4
1.670139E+1,1.046672E+4
1.673611E+1,1.046938E+4
1.677083E+1,1.047203E+4
1.680556E+1,1.047469E+4
1.684028E+1,1.047735E+4
1.687500E+1,1.048000E+4
1.690972E+1,1.048266E+4
1.694444E+1,1.048532E+4
1.697917E+1,1.048798E+4
1.701389E+1,1.049063E+4
1.704861E+1,1.049329E+4
1.708333E+1,1.049595E+4
1.711806E+1,1.049861E+4
1.715278E+1,1.050126E+4
1.718750E+1,1.050392E+4
1.722222E+1,1.050658E+4
1.725694E+1,1.050923E+4
1.729167E+1,1.051189E+4
1.732639E+1,1.051455E+4
1.736111E+1,1.051721E+4
1.739583E+1,1.051986E+4
1.743056E+1,1.052252E+4
1.746528E+1,1.052518E+4
1.750000E+1,1.052784E+4
1.753472E+1,1.053049E+4
1.756944E+1,1.053315E+4
1.760417E+1,1.053581E+4
1.763889E+1,1.053847E+4
1.767361E+1,1.054112E+4
1.770833E+1,1.054378E+4
1.774306E+1,1.054644E+4
1.777778E+1,1.054909E+4
1.781250E+1,1.055175E+4
1.784722E+1,1.055441E+4
1.788194E+1,1.055707E+4
1.791667E+1,1.055972E+4
1.795139E+1,1.056238E+4
1.798611E+1,1.056504E+4
1.802083E+1,1.056770E+4
1.805556E+1,1.057035E+4
1.809028E+1,1.057301E+4
1.812500E+1,1.057567E+4
1.815972E+1,1.057832E+4
1.819444E+1,1.058098E+4
1.822917E+1,1.058364E+4
1.826389E+1,1.058630E+4
1.829861E+1,1.058895E+4
1.833333E+1,1.059161E+4
1.836806E+1,1.059427E+4
1.840278E+1,1.059693E+4
1.843750E+1,1.059958E+4
1.847222E+1,1.060224E+4
1.850694E+1,1.060490E+4
1.854167E+1,1.060756E+4
1.857639E+1,1.061021E+4
1.861111E+1,1.061287E+4
1.864583E+1,1.061553E+4
1.868056E+1,1.061818E+4
1.871528E+1,1.062084E+4
1.875000E+1,1.062350E+4
1.878472E+1,1.062616E+4
1.881944E+1,1.062881E+4
1.885417E+1,1.063147E+4
1.888889E+1,1.063413E+4
1.892361E+1,1.063679E+4
1.895833E+1,1.063944E+4
1.899306E+1,1.064210E+4
1.902778E+1,1.064476E+4
1.906250E+1,1.064741E+4
1.909722E+1,1.065007E+4
1.913194E+1,1.065273E+4
1.916667E+1,1.065539E+4
1.920139E+1,1.065804E+4
1.923611E+1,1.066070E+4
1.927083E+1,1.066336E+4
1.930556E+1,1.066602E+4
1.934028E+1,1.066867E+4
1.937500E+1,1.067133E+4
1.940972E+1,1.067399E+4
1.944444E+1,1.067664E+4
1.947917E+1,1.067930E+4
1.951389E+1,1.068196E+4
1.954861E+1,1.068462E+4
1.958333E+1,1.068727E+4
1.961806E+1,1.068993E+4
1.965278E+1,1.069259E+4
1.968750E+1,1.069525E+4
1.972222E+1,1.069790E+4
1.975694E+1,1.070056E+4
1.979167E+1,1.070322E+4
1.982639E+1,1.070588E+4
1.986111E+1,1.070853E+4
1.989583E+1,1.071119E+4
1.993056E+1,1.071385E+4
1.996528E+1,1.071650E+4
2.000000E+1,1.071916E+4
2.003472E+1,1.072182E+4
2.006944E+1,1.072448E+4
2.010417E+1,1.078206E+4
2.013889E+1,1.112125E+4
2.017361E+1,1.146045E+4
2.020833E+1,1.179964E+4
2.024306E+1,1.213884E+4
2.027778E+1,1.247803E+4
2.031250E+1,1.281723E+4
2.034722E+1,1.315642E+4
2.038194E+1,1.349561E+4
2.041667E+1,1.383482E+4
2.045139E+1,1.417401E+4
2.048611E+1,1.451320E+4
2.052083E+1,1.485239E+4
2.055556E+1,1.519160E+4
2.059028E+1,1.553079E+4
2.062500E+1,1.586998E+4
2.065972E+1,1.620918E+4
2.069444E+1,1.654837E+4
2.072917E+1,1.688757E+4
2.076389E+1,1.722677E+4
2.079861E+1,1.756596E+4
2.083333E+1,1.790515E+4
2.086806E+1,1.824435E+4
2.090278E+1,1.858355E+4
2.093750E+1,1.892274E+4
2.097222E+1,1.926193E+4
2.100694E+1,1.960113E+4
2.104167E+1,1.994033E+4
2.107639E+1,2.027952E+4
2.111111E+1,2.061871E+4
2.114583E+1,2.095791E+4
2.118056E+1,2.129711E+4
2.121528E+1,2.163630E+4
2.125000E+1,2.197550E+4
2.128472E+1,2.231469E+4
2.131944E+1,2.265388E+4
2.135417E+1,2.299308E+4
2.138889E+1,2.333228E+4
2.142361E+1,2.367147E+4
2.145833E+1,2.401066E+4
2.149306E+1,2.434987E+4
2.152778E+1,2.468906E+4
2.156250E+1,2.502825E+4
2.159722E+1,2.536745E+4
2.163194E+1,2.570664E+4
2.166667E+1,2.604584E+4
2.170139E+1,2.638503E+4
2.173611E+1,2.672423E+4
2.177083E+1,2.706342E+4
2.180556E+1,2.740262E+4
2.184028E+1,2.774182E+4
2.187500E+1,2.808101E+4
2.190972E+1,2.842020E+4
2.194444E+1,2.875939E+4
2.197917E+1,2.909860E+4
2.201389E+1,2.943779E+4
2.204861E+1,2.977698E+4
2.208333E+1,3.011618E+4
2.211806E+1,3.045538E+4
2.215278E+1,3.079457E+4
2.218750E+1,3.113376E+4
2.222222E+1,3.147296E+4
2.225694E+1,3.181215E+4
2.229167E+1,3.215135E+4
2.232639E+1,3.249055E+4
2.236111E+1,3.282974E+4
2.239583E+1,3.316893E+4
2.243056E+1,3.350813E+4
2.246528E+1,3.384733E+4
2.250000E+1,3.418652E+4
2.253472E+1,3.452571E+4
2.256944E+1,3.486491E+4
2.260417E+1,3.520411E+4
2.263889E+1,3.554330E+4
2.267361E+1,3.588250E+4
2.270833E+1,3.622169E+4
2.274306E+1,3.656089E+4
2.277778E+1,3.690008E+4
2.281250E+1,3.723928E+4
2.284722E+1,3.757847E+4
2.288194E+1,3.791766E+4
2.291667E+1,3.825687E+4
2.295139E+1,3.859606E+4
2.298611E+1,3.893525E+4
2.302083E+1,3.927444E+4
2.305556E+1,3.961365E+4
2.309028E+1,3.995284E+4
2.312500E+1,4.029203E+4
2.315972E+1,4.063123E+4
2.319444E+1,4.097042E+4
2.322917E+1,4.130962E+4
2.326389E+1,4.164881E+4
2.329861E+1,4.198801E+4
2.333333E+1,4.232720E+4
2.336806E+1,4.266640E+4
2.340278E+1,4.300560E+4
2.343750E+1,4.334479E+4
2.347222E+1,4.368398E+4
2.350694E+1,4.402318E+4
2.354167E+1,4.436238E+4
2.357639E+1,4.470157E+4
2.361111E+1,4.504076E+4
2.364583E+1,4.537996E+4
2.368056E+1,4.571916E+4
2.371528E+1,4.605835E+4
2.375000E+1,4.639755E+4
2.378472E+1,4.673674E+4
2.381944E+1,4.707593E+4
2.385417E+1,4.741513E+4
2.388889E+1,4.771662E+4
2.392361E+1,4.800694E+4
2.395833E+1,4.829726E+4
2.399306E+1,4.858759E+4
2.402778E+1,4.887791E+4
2.406250E+1,4.916823E+4
2.409722E+1,4.945855E+4
2.413194E+1,4.974887E+4
2.416667E+1,5.003919E+4
2.420139E+1,5.032951E+4
2.423611E+1,5.061983E+4
2.427083E+1,5.091015E+4
2.430556E+1,5.120048E+4
2.434028E+1,5.149080E+4
2.437500E+1,5.178112E+4
2.440972E+1,5.207144E+4
2.444444E+1,5.236176E+4
2.447917E+1,5.265209E+4
2.451389E+1,5.294241E+4
2.454861E+1,5.323273E+4
2.458333E+1,5.352305E+4
2.461806E+1,5.381337E+4
2.465278E+1,5.410369E+4
2.468750E+1,5.439401E+4
2.472222E+1,5.468433E+4
2.475694E+1,5.497465E+4
2.479167E+1,5.526498E+4
2.482639E+1,5.555530E+4
2.486111E+1,5.584562E+4
2.489583E+1,5.613594E+4
2.493056E+1,5.642627E+4
2.496528E+1,5.671659E+4
2.500000E+1,5.700691E+4
2.503472E+1,5.729723E+4
2.506944E+1,5.758755E+4
2.510417E+1,5.787787E+4
2.513889E+1,5.816819E+4
2.517361E+1,5.845851E+4
2.520833E+1,5.874883E+4
2.524306E+1,5.903916E+4
2.527778E+1,5.932948E+4
2.531250E+1,5.961980E+4
2.534722E+1,5.991012E+4
2.538194E+1,6.020044E+4
2.541667E+1,6.049077E+4
2.545139E+1,6.078109E+4
2.548611E+1,6.107141E+4
2.552083E+1,6.136173E+4
2.555556E+1,6.165205E+4
2.559028E+1,6.194237E+4
2.562500E+1,6.223269E+4
2.565972E+1,6.252301E+4
2.569444E+1,6.281333E+4
2.572917E+1,6.310366E+4
2.576389E+1,6.339398E+4
2.579861E+1,6.368430E+4
2.583333E+1,6.397462E+4
2.586806E+1,6.426495E+4
2.590278E+1,6.455527E+4
2.593750E+1,6.484559E+4
2.597222E+1,6.513591E+4
2.600694E+1,6.542623E+4
2.604167E+1,6.571655E+4
2.607639E+1,6.600687E+4
2.611111E+1,6.629719E+4
2.614583E+1,6.658751E+4
2.618056E+1,6.687784E+4
2.621528E+1,6.716816E+4
2.625000E+1,6.745848E+4
2.628472E+1,6.774880E+4
2.631944E+1,6.803912E+4
2.635417E+1,6.832945E+4
2.638889E+1,6.861977E+4
2.642361E+1,6.891009E+4
2.645833E+1,6.920041E+4
2.649306E+1,6.949074E+4
2.652778E+1,6.978105E+4
2.656250E+1,7.007137E+4
2.659722E+1,7.036169E+4
2.663194E+1,7.065201E+4
2.666667E+1,7.094234E+4
2.670139E+1,7.123266E+4
2.673611E+1,7.152298E+4
2.677083E+1,7.181330E+4
2.680556E+1,7.210363E+4
2.684028E+1,7.239395E+4
2.687500E+1,7.268427E+4
2.690972E+1,7.297459E+4
2.694444E+1,7.326491E+4
2.697917E+1,7.355524E+4
2.701389E+1,7.384555E+4
2.704861E+1,7.413587E+4
2.708333E+1,7.442619E+4
2.711806E+1,7.471652E+4
2.715278E+1,7.500684E+4
2.718750E+1,7.529716E+4
2.722222E+1,7.558748E+4
2.725694E+1,7.587780E+4
2.729167E+1,7.616813E+4
2.732639E+1,7.645845E+4
2.736111E+1,7.674877E+4
2.739583E+1,7.703909E+4
2.743056E+1,7.732942E+4
2.746528E+1,7.761974E+4
2.750000E+1,7.791005E+4
2.753472E+1,7.820037E+4
2.756944E+1,7.849069E+4
2.760417E+1,7.878102E+4
2.763889E+1,7.907134E+4
2.767361E+1,7.936166E+4
2.770833E+1,7.965198E+4
2.774306E+1,7.994231E+4
2.777778E+1,8.023263E+4
2.781250E+1,8.052295E+4
2.784722E+1,8.081327E+4
2.788194E+1,8.110359E+4
2.791667E+1,8.139392E+4
2.795139E+1,8.168424E+4
2.798611E+1,8.197455E+4
2.802083E+1,8.226487E+4
2.805556E+1,8.255520E+4
2.809028E+1,8.284552E+4
2.812500E+1,8.313584E+4
2.815972E+1,8.342616E+4
2.819444E+1,8.369381E+4
2.822917E+1,8.390948E+4
2.826389E+1,8.412515E+4
2.829861E+1,8.434082E+4
2.833333E+1,8.455648E+4
2.836806E+1,8.477215E+4
2.840278E+1,8.498782E+4
2.843750E+1,8.520349E+4
2.847222E+1,8.541915E+4
2.850694E+1,8.563482E+4
2.854167E+1,8.585049E+4
2.857639E+1,8.606616E+4
2.861111E+1,8.628182E+4
2.864583E+1,8.649749E+4
2.868056E+1,8.671316E+4
2.871528E+1,8.692883E+4
2.875000E+1,8.714450E+4
2.878472E+1,8.736016E+4
2.881944E+1,8.757583E+4
2.885417E+1,8.779150E+4
2.888889E+1,8.800717E+4
2.892361E+1,8.822283E+4
2.895833E+1,8.843850E+4
2.899306E+1,8.865417E+4
2.902778E+1,8.886984E+4
2.906250E+1,8.908550E+4
2.909722E+1,8.930117E+4
2.913194E+1,8.951684E+4
2.916667E+1,8.973251E+4
2.920139E+1,8.994817E+4
2.923611E+1,9.016384E+4
2.927083E+1,9.037951E+4
2.930556E+1,9.059518E+4
2.934028E+1,9.081085E+4
2.937500E+1,9.102651E+4
2.940972E+1,9.124218E+4
2.944444E+1,9.145784E+4
2.947917E+1,9.167352E+4
2.951389E+1,9.188918E+4
2.954861E+1,9.210485E+4
2.958333E+1,9.232052E+4
2.961806E+1,9.253619E+4
2.965278E+1,9.275185E+4
2.968750E+1,9.296752E+4
2.972222E+1,9.318319E+4
2.975694E+1,9.339885E+4
2.979167E+1,9.361453E+4
2.982639E+1,9.383019E+4
2.986111E+1,9.404586E+4
2.989583E+1,9.426152E+4
2.993056E+1,9.447720E+4
2.996528E+1,9.469286E+4
3.000000E+1,9.490853E+4
3.003472E+1,9.512420E+4
3.006944E+1,9.533986E+4
3.010417E+1,9.555553E+4
3.013889E+1,9.577120E+4
3.017361E+1,9.598687E+4
3.020833E+1,9.620253E+4
3.024306E+1,9.641820E+4
3.027778E+1,9.663387E+4
3.031250E+1,9.684954E+4
3.034722E+1,9.706520E+4
3.038194E+1,9.728087E+4
3.041667E+1,9.749654E+4
3.045139E+1,9.771221E+4
3.048611E+1,9.792787E+4
3.052083E+1,9.814354E+4
3.055556E+1,9.835921E+4
3.059028E+1,9.857488E+4
3.062500E+1,9.879055E+4
3.065972E+1,9.900621E+4
3.069444E+1,9.922188E+4
3.072917E+1,9.943755E+4
3.076389E+1,9.965322E+4
3.079861E+1,9.986888E+4
3.083333E+1,1.000845E+5
3.086806E+1,1.003002E+5
3.090278E+1,1.005159E+5
3.093750E+1,1.007316E+5
3.097222E+1,1.009472E+5
3.100694E+1,1.011629E+5
3.104167E+1,1.013786E+5
3.107639E+1,1.015942E+5
3.111111E+1,1.018099E+5
3.114583E+1,1.020256E+5
3.118056E+1,1.022412E+5
3.121528E+1,1.024569E+5
3.125000E+1,1.026726E+5
3.128472E+1,1.028882E+5
3.131944E+1,1.031039E+5
3.135417E+1,1.033196E+5
3.138889E+1,1.035352E+5
3.142361E+1,1.037509E+5
3.145833E+1,1.039666E+5
3.149306E+1,1.041822E+5
3.152778E+1,1.043979E+5
3.156250E+1,1.046136E+5
3.159722E+1,1.048292E+5
3.163194E+1,1.050449E+5
3.166667E+1,1.052606E+5
3.170139E+1,1.054762E+5
3.173611E+1,1.056919E+5
3.177083E+1,1.059076E+5
3.180556E+1,1.061232E+5
3.184028E+1,1.063389E+5
3.187500E+1,1.065546E+5
3.190972E+1,1.067702E+5
3.194444E+1,1.069859E+5
3.197917E+1,1.072016E+5
3.201389E+1,1.074173E+5
3.204861E+1,1.076329E+5
3.208333E+1,1.078486E+5
3.211806E+1,1.080643E+5
3.215278E+1,1.082799E+5
3.218750E+1,1.084956E+5
3.222222E+1,1.087113E+5
3.225694E+1,1.089269E+5
3.229167E+1,1.091426E+5
3.232639E+1,1.093583E+5
3.236111E+1,1.095739E+5
3.239583E+1,1.097896E+5
3.243056E+1,1.100053E+5
3.246528E+1,1.102209E+5
3.250000E+1,1.104366E+5
3.253472E+1,1.105917E+5
3.256944E+1,1.107349E+5
3.260417E+1,1.108781E+5
3.263889E+1,1.110213E+5
3.267361E+1,1.111645E+5
3.270833E+1,1.113078E+5
3.274306E+1,1.114510E+5
3.277778E+1,1.115942E+5
3.281250E+1,1.117374E+5
3.284722E+1,1.118806E+5
3.288194E+1,1.120238E+5
3.291667E+1,1.121670E+5
3.295139E+1,1.123102E+5
3.298611E+1,1.124534E+5
3.302083E+1,1.125966E+5
3.305556E+1,1.127399E+5
3.309028E+1,1.128831E+5
3.312500E+1,1.130263E+5
3.315972E+1,1.131695E+5
3.319444E+1,1.133127E+5
3.322917E+1,1.134559E+5
3.326389E+1,1.135991E+5
3.329861E+1,1.137423E+5
3.333333E+1,1.138855E+5
3.336806E+1,1.140288E+5
3.340278E+1,1.141720E+5
3.343750E+1,1.143152E+5
3.347222E+1,1.144584E+5
3.350694E+1,1.146016E+5
3.354167E+1,1.147448E+5
3.357639E+1,1.148880E+5
3.361111E+1,1.150312E+5
3.364583E+1,1.151744E+5
3.368056E+1,1.153176E+5
3.371528E+1,1.154609E+5
3.375000E+1,1.156041E+5
3.378472E+1,1.157473E+5
3.381944E+1,1.158905E+5
3.385417E+1,1.160337E+5
3.388889E+1,1.161769E+5
3.392361E+1,1.163201E+5
3.395833E+1,1.164633E+5
3.399306E+1,1.166065E+5
3.402778E+1,1.167498E+5
3.406250E+1,1.168930E+5
3.409722E+1,1.170362E+5
3.413194E+1,1.171794E+5
3.416667E+1,1.173226E+5
3.420139E+1,1.174658E+5
3.423611E+1,1.176090E+5
3.427083E+1,1.177522E+5
3.430556E+1,1.178954E+5
3.434028E+1,1.180386E+5
3.437500E+1,1.181819E+5
3.440972E+1,1.183251E+5
3.444444E+1,1.184683E+5
3.447917E+1,1.186115E+5
3.451389E+1,1.187547E+5
3.454861E+1,1.188979E+5
3.458333E+1,1.190411E+5
3.461806E+1,1.191843E+5
3.465278E+1,1.193275E+5
3.468750E+1,1.194708E+5
3.472222E+1,1.196140E+5
3.475694E+1,1.197572E+5
3.479167E+1,1.199004E+5
3.482639E+1,1.200436E+5
3.486111E+1,1.201868E+5
3.489583E+1,1.203300E+5
3.493056E+1,1.204732E+5
3.496528E+1,1.206164E+5
3.500000E+1,1.207596E+5
3.503472E+1,1.209029E+5
3.506944E+1,1.210461E+5
3.510417E+1,1.211893E+5
3.513889E+1,1.213325E+5
3.517361E+1,1.214757E+5
3.520833E+1,1.216189E+5
3.524306E+1,1.217621E+5
3.527778E+1,1.219053E+5
3.531250E+1,1.220485E+5
3.534722E+1,1.221917E+5
3.538194E+1,1.223350E+5
3.541667E+1,1.224782E+5
3.545139E+1,1.226214E+5
3.548611E+1,1.227646E+5
3.552083E+1,1.229078E+5
3.555556E+1,1.230510E+5
3.559028E+1,1.231942E+5
3.562500E+1,1.233374E+5
3.565972E+1,1.234806E+5
3.569444E+1,1.236239E+5
3.572917E+1,1.237671E+5
3.576389E+1,1.239103E+5
3.579861E+1,1.240535E+5
3.583333E+1,1.241967E+5
3.586806E+1,1.243399E+5
3.590278E+1,1.244831E+5
3.593750E+1,1.246263E+5
3.597222E+1,1.247695E+5
3.600694E+1,1.249127E+5
3.604167E+1,1.250560E+5
3.607639E+1,1.251992E+5
3.611111E+1,1.253424E+5
3.614583E+1,1.254856E+5
3.618056E+1,1.256288E+5
3.621528E+1,1.257720E+5
3.625000E+1,1.259152E+5
3.628472E+1,1.260584E+5
3.631944E+1,1.262016E+5
3.635417E+1,1.263449E+5
3.638889E+1,1.264881E+5
3.642361E+1,1.266313E+5
3.645833E+1,1.267745E+5
3.649306E+1,1.269177E+5
3.652778E+1,1.270609E+5
3.656250E+1,1.272041E+5
3.659722E+1,1.273473E+5
3.663194E+1,1.274905E+5
3.666667E+1,1.276337E+5
3.670139E+1,1.277770E+5
3.673611E+1,1.279202E+5
3.677083E+1,1.280634E+5
3.680556E+1,1.282066E+5
3.684028E+1,1.283498E+5
3.687500E+1,1.284930E+5
3.690972E+1,1.286362E+5
3.694444E+1,1.287794E+5
3.697917E+1,1.289226E+5
3.701389E+1,1.290530E+5
3.704861E+1,1.290097E+5
3.708333E+1,1.289664E+5
3.711806E+1,1.289231E+5
3.715278E+1,1.288797E+5
3.718750E+1,1.288364E+5
3.722222E+1,1.287931E+5
3.725694E+1,1.287498E+5
3.729167E+1,1.287065E+5
3.732639E+1,1.286632E+5
3.736111E+1,1.286198E+5
3.739583E+1,1.285765E+5
3.743056E+1,1.285332E+5
3.746528E+1,1.284899E+5
3.750000E+1,1.284466E+5
3.753472E+1,1.284033E+5
3.756944E+1,1.283599E+5
3.760417E+1,1.283166E+5
3.763889E+1,1.282733E+5
3.767361E+1,1.282300E+5
3.770833E+1,1.281867E+5
3.774306E+1,1.281434E+5
3.777778E+1,1.281000E+5
3.781250E+1,1.280567E+5
3.784722E+1,1.280134E+5
3.788194E+1,1.279701E+5
3.791667E+1,1.279268E+5
3.795139E+1,1.278834E+5
3.798611E+1,1.278401E+5
3.802083E+1,1.277968E+5
3.805556E+1,1.277535E+5
3.809028E+1,1.277102E+5
3.812500E+1,1.276669E+5
3.815972E+1,1.276235E+5
3.819444E+1,1.275802E+5
3.822917E+1,1.275369E+5
3.826389E+1,1.274936E+5
3.829861E+1,1.274503E+5
3.833333E+1,1.274070E+5
3.836806E+1,1.273636E+5
3.840278E+1,1.273203E+5
3.843750E+1,1.272770E+5
3.847222E+1,1.272337E+5
3.850694E+1,1.271904E+5
3.854167E+1,1.271471E+5
3.857639E+1,1.271037E+5
3.861111E+1,1.270604E+5
3.864583E+1,1.270171E+5
3.868056E+1,1.269738E+5
3.871528E+1,1.269305E+5
3.875000E+1,1.268871E+5
3.878472E+1,1.268438E+5
3.881944E+1,1.268005E+5
3.885417E+1,1.267572E+5
3.888889E+1,1.267139E+5
3.892361E+1,1.266706E+5
3.895833E+1,1.266272E+5
3.899306E+1,1.265839E+5
3.902778E+1,1.265406E+5
3.906250E+1,1.264973E+5
3.909722E+1,1.264540E+5
3.913194E+1,1.264107E+5
3.916667E+1,1.263673E+5
3.920139E+1,1.263240E+5
3.923611E+1,1.262807E+5
3.927083E+1,1.262374E+5
3.930556E+1,1.261941E+5
3.934028E+1,1.261508E+5
3.937500E+1,1.261074E+5
3.940972E+1,1.260641E+5
3.944444E+1,1.260208E+5
3.947917E+1,1.259775E+5
3.951389E+1,1.259342E+5
3.954861E+1,1.258908E+5
3.958333E+1,1.258475E+5
3.961806E+1,1.258042E+5
3.965278E+1,1.257609E+5
3.968750E+1,1.257176E+5
3.972222E+1,1.256743E+5
3.975694E+1,1.256309E+5
3.979167E+1,1.255876E+5
3.982639E+1,1.255443E+5
3.986111E+1,1.255010E+5
3.989583E+1,1.254577E+5
3.993056E+1,1.254144E+5
3.996528E+1,1.253710E+5
4.000000E+1,1.253277E+5
4.003472E+1,1.252844E+5
4.006944E+1,1.252411E+5
4.010417E+1,1.251978E+5
4.013889E+1,1.251545E+5
4.017361E+1,1.251111E+5
4.020833E+1,1.250678E+5
4.024306E+1,1.250245E+5
4.027778E+1,1.249812E+5
4.031250E+1,1.249379E+5
4.034722E+1,1.248945E+5
4.038194E+1,1.248512E+5
4.041667E+1,1.248079E+5
4.045139E+1,1.247646E+5
4.048611E+1,1.247213E+5
4.052083E+1,1.246780E+5
4.055556E+1,1.246346E+5
4.059028E+1,1.245913E+5
4.062500E+1,1.245480E+5
4.065972E+1,1.245047E+5
4.069444E+1,1.244614E+5
4.072917E+1,1.244181E+5
4.076389E+1,1.243747E+5
4.079861E+1,1.243314E+5
4.083333E+1,1.242881E+5
4.086806E+1,1.242448E+5
4.090278E+1,1.242015E+5
4.093750E+1,1.241582E+5
4.097222E+1,1.241148E+5
4.100694E+1,1.240715E+5
4.104167E+1,1.240282E+5
4.107639E+1,1.239849E+5
4.111111E+1,1.239416E+5
4.114583E+1,1.238982E+5
4.118056E+1,1.237970E+5
4.121528E+1,1.236892E+5
4.125000E+1,1.235814E+5
4.128472E+1,1.234736E+5
4.131944E+1,1.233657E+5
4.135417E+1,1.232579E+5
4.138889E+1,1.231501E+5
4.142361E+1,1.230422E+5
4.145833E+1,1.229344E+5
4.149306E+1,1.228266E+5
4.152778E+1,1.227187E+5
4.156250E+1,1.226109E+5
4.159722E+1,1.225031E+5
4.163194E+1,1.223952E+5
4.166667E+1,1.222874E+5
4.170139E+1,1.221796E+5
4.173611E+1,1.220718E+5
4.177083E+1,1.219639E+5
4.180556E+1,1.218561E+5
4.184028E+1,1.217483E+5
4.187500E+1,1.216404E+5
4.190972E+1,1.215326E+5
4.194444E+1,1.214248E+5
4.197917E+1,1.213169E+5
4.201389E+1,1.212091E+5
4.204861E+1,1.211013E+5
4.208333E+1,1.209934E+5
4.211806E+1,1.208856E+5
4.215278E+1,1.207778E+5
4.218750E+1,1.206699E+5
4.222222E+1,1.205621E+5
4.225694E+1,1.204543E+5
4.229167E+1,1.203465E+5
4.232639E+1,1.202386E+5
4.236111E+1,1.201308E+5
4.239583E+1,1.200230E+5
4.243056E+1,1.199151E+5
4.246528E+1,1.198073E+5
4.250000E+1,1.196995E+5
4.253472E+1,1.195916E+5
4.256944E+1,1.194838E+5
4.260417E+1,1.193760E+5
4.263889E+1,1.192681E+5
4.267361E+1,1.191603E+5
4.270833E+1,1.190525E+5
4.274306E+1,1.189446E+5
4.277778E+1,1.188368E+5
4.281250E+1,1.187290E+5
4.284722E+1,1.186212E+5
4.288194E+1,1.185133E+5
4.291667E+1,1.184055E+5
4.295139E+1,1.182977E+5
4.298611E+1,1.181898E+5
4.302083E+1,1.180820E+5
4.305556E+1,1.179742E+5
4.309028E+1,1.178663E+5
4.312500E+1,1.177585E+5
4.315972E+1,1.176507E+5
4.319444E+1,1.175428E+5
4.322917E+1,1.174350E+5
4.326389E+1,1.173272E+5
4.329861E+1,1.172194E+5
4.333333E+1,1.171115E+5
4.336806E+1,1.170037E+5
4.340278E+1,1.168959E+5
4.343750E+1,1.167880E+5
4.347222E+1,1.166802E+5
4.350694E+1,1.165724E+5
4.354167E+1,1.164645E+5
4.357639E+1,1.163567E+5
4.361111E+1,1.162489E+5
4.364583E+1,1.161410E+5
4.368056E+1,1.160332E+5
4.371528E+1,1.159254E+5
4.375000E+1,1.158176E+5
4.378472E+1,1.157097E+5
4.381944E+1,1.156019E+5
4.385417E+1,1.154941E+5
4.388889E+1,1.153862E+5
4.392361E+1,1.152784E+5
4.395833E+1,1.151706E+5
4.399306E+1,1.150627E+5
4.402778E+1,1.149549E+5
4.406250E+1,1.148471E+5
4.409722E+1,1.147392E+5
4.413194E+1,1.146314E+5
4.416667E+1,1.145236E+5
4.420139E+1,1.144157E+5
4.423611E+1,1.143079E+5
4.427083E+1,1.142001E+5
4.430556E+1,1.140923E+5
4.434028E+1,1.139844E+5
4.437500E+1,1.138766E+5
4.440972E+1,1.137688E+5
4.444444E+1,1.136609E+5
4.447917E+1,1.135531E+5
4.451389E+1,1.134453E+5
4.454861E+1,1.133374E+5
4.458333E+1,1.132296E+5
4.461806E+1,1.131218E+5
4.465278E+1,1.130139E+5
4.468750E+1,1.129061E+5
4.472222E+1,1.127983E+5
4.475694E+1,1.126905E+5
4.479167E+1,1.125826E+5
4.482639E+1,1.124748E+5
4.486111E+1,1.123670E+5
4.489583E+1,1.122591E+5
4.493056E+1,1.121513E+5
4.496528E+1,1.120435E+5
4.500000E+1,1.119356E+5
4.503472E+1,1.118278E+5
4.506944E+1,1.117200E+5
4.510417E+1,1.116121E+5
4.513889E+1,1.115043E+5
4.517361E+1,1.113965E+5
4.520833E+1,1.112887E+5
4.524306E+1,1.111808E+5
4.527778E+1,1.110730E+5
4.531250E+1,1.109652E+5
4.534722E+1,1.108573E+5
4.538194E+1,1.107495E+5
4.541667E+1,1.106417E+5
4.545139E+1,1.105338E+5
4.548611E+1,1.104443E+5
4.552083E+1,1.103793E+5
4.555556E+1,1.103143E+5
4.559028E+1,1.102494E+5
4.562500E+1,1.101844E+5
4.565972E+1,1.101194E+5
4.569444E+1,1.100544E+5
4.572917E+1,1.099895E+5
4.576389E+1,1.099245E+5
4.579861E+1,1.098595E+5
4.583333E+1,1.097945E+5
4.586806E+1,1.097295E+5
4.590278E+1,1.096646E+5
4.593750E+1,1.095996E+5
4.597222E+1,1.095346E+5
4.600694E+1,1.094696E+5
4.604167E+1,1.094047E+5
4.607639E+1,1.093397E+5
4.611111E+1,1.092747E+5
4.614583E+1,1.092097E+5
4.618056E+1,1.091448E+5
4.621528E+1,1.090798E+5
4.625000E+1,1.090148E+5
4.628472E+1,1.089498E+5
4.631944E+1,1.088849E+5
4.635417E+1,1.088199E+5
4.638889E+1,1.087549E+5
4.642361E+1,1.086899E+5
4.645833E+1,1.086250E+5
4.649306E+1,1.085600E+5
4.652778E+1,1.084950E+5
4.656250E+1,1.084300E+5
4.659722E+1,1.083650E+5
4.663194E+1,1.083001E+5
4.666667E+1,1.082351E+5
4.670139E+1,1.081701E+5
4.673611E+1,1.081051E+5
4.677083E+1,1.080402E+5
4.680556E+1,1.079752E+5
4.684028E+1,1.079102E+5
4.687500E+1,1.078452E+5
4.690972E+1,1.077803E+5
4.694444E+1,1.077153E+5
4.697917E+1,1.076503E+5
4.701389E+1,1.075853E+5
4.704861E+1,1.075204E+5
4.708333E+1,1.074554E+5
4.711806E+1,1.073904E+5
4.715278E+1,1.073254E+5
4.718750E+1,1.072605E+5
4.722222E+1,1.071955E+5
4.725694E+1,1.071305E+5
4.729167E+1,1.070655E+5
4.732639E+1,1.070005E+5
4.736111E+1,1.069356E+5
4.739583E+1,1.068706E+5
4.743056E+1,1.068056E+5
4.746528E+1,1.067406E+5
4.750000E+1,1.066757E+5
4.753472E+1,1.066107E+5
4.756944E+1,1.065457E+5
4.760417E+1,1.064807E+5
4.763889E+1,1.064158E+5
4.767361E+1,1.063508E+5
4.770833E+1,1.062858E+5
4.774306E+1,1.062208E+5
4.777778E+1,1.061559E+5
4.781250E+1,1.060909E+5
4.784722E+1,1.060259E+5
4.788194E+1,1.059609E+5
4.791667E+1,1.058960E+5
4.795139E+1,1.058310E+5
4.798611E+1,1.057660E+5
4.802083E+1,1.057010E+5
4.805556E+1,1.056360E+5
4.809028E+1,1.055711E+5
4.812500E+1,1.055061E+5
4.815972E+1,1.054411E+5
4.819444E+1,1.053761E+5
4.822917E+1,1.053112E+5
4.826389E+1,1.052462E+5
4.829861E+1,1.051812E+5
4.833333E+1,1.051162E+5
4.836806E+1,1.050513E+5
4.840278E+1,1.049863E+5
4.843750E+1,1.049213E+5
4.847222E+1,1.048563E+5
4.850694E+1,1.047914E+5
4.854167E+1,1.047264E+5
4.857639E+1,1.046614E+5
4.861111E+1,1.045964E+5
4.864583E+1,1.045315E+5
4.868056E+1,1.044665E+5
4.871528E+1,1.044015E+5
4.875000E+1,1.043365E+5
4.878472E+1,1.042716E+5
4.881944E+1,1.042066E+5
4.885417E+1,1.041416E+5
4.888889E+1,1.040766E+5
4.892361E+1,1.040116E+5
4.895833E+1,1.039467E+5
4.899306E+1,1.038817E+5
4.902778E+1,1.038167E+5
4.906250E+1,1.037517E+5
4.909722E+1,1.036868E+5
4.913194E+1,1.036218E+5
4.916667E+1,1.035568E+5
4.920139E+1,1.034918E+5
4.923611E+1,1.034269E+5
4.927083E+1,1.033619E+5
4.930556E+1,1.032969E+5
4.934028E+1,1.032319E+5
4.937500E+1,1.031670E+5
4.940972E+1,1.031020E+5
4.944444E+1,1.030370E+5
4.947917E+1,1.029720E+5
4.951389E+1,1.029071E+5
4.954861E+1,1.028421E+5
4.958333E+1,1.027771E+5
4.961806E+1,1.027121E+5
4.965278E+1,1.026471E+5
4.968750E+1,1.025822E+5
4.972222E+1,1.025172E+5
4.975694E+1,1.024522E+5
4.979167E+1,1.023872E+5
4.982639E+1,1.023223E+5
4.986111E+1,1.022573E+5
4.989583E+1,1.022050E+5
4.993056E+1,1.021812E+5
4.996528E+1,1.021573E+5
5.000000E+1,1.021334E+5
5.003472E+1,1.021095E+5
5.006944E+1,1.020857E+5
5.010417E+1,1.020618E+5
5.013889E+1,1.020379E+5
5.017361E+1,1.020141E+5
5.020833E+1,1.019902E+5
5.024306E+1,1.019663E+5
5.027778E+1,1.019425E+5
5.031250E+1,1.019186E+5
5.034722E+1,1.018947E+5
5.038194E+1,1.018709E+5
5.041667E+1,1.018470E+5
5.045139E+1,1.018231E+5
5.048611E+1,1.017992E+5
5.052083E+1,1.017754E+5
5.055556E+1,1.017515E+5
5.059028E+1,1.017276E+5
5.062500E+1,1.017038E+5
5.065972E+1,1.016799E+5
5.069444E+1,1.016560E+5
5.072917E+1,1.016322E+5
5.076389E+1,1.016083E+5
5.079861E+1,1.015844E+5
5.083333E+1,1.015606E+5
5.086806E+1,1.015367E+5
5.090278E+1,1.015128E+5
5.093750E+1,1.014889E+5
5.097222E+1,1.014651E+5
5.100694E+1,1.014412E+5
5.104167E+1,1.014173E+5
5.107639E+1,1.013935E+5
5.111111E+1,1.013696E+5
5.114583E+1,1.013457E+5
5.118056E+1,1.013219E+5
5.121528E+1,1.012980E+5
5.125000E+1,1.012741E+5
5.128472E+1,1.012503E+5
5.131944E+1,1.012264E+5
5.135417E+1,1.012025E+5
5.138889E+1,1.011786E+5
5.142361E+1,1.011548E+5
5.145833E+1,1.011309E+5
5.149306E+1,1.011070E+5
5.152778E+1,1.010832E+5
5.156250E+1,1.010593E+5
5.159722E+1,1.010354E+5
5.163194E+1,1.010116E+5
5.166667E+1,1.009877E+5
5.170139E+1,1.009638E+5
5.173611E+1,1.009400E+5
5.177083E+1,1.009161E+5
5.180556E+1,1.008922E+5
5.184028E+1,1.008683E+5
5.187500E+1,1.008445E+5
5.190972E+1,1.008206E+5
5.194444E+1,1.007967E+5
5.197917E+1,1.007729E+5
5.201389E+1,1.007490E+5
5.204861E+1,1.007251E+5
5.208333E+1,1.007013E+5
5.211806E+1,1.006774E+5
5.215278E+1,1.006535E+5
5.218750E+1,1.006297E+5
5.222222E+1,1.006058E+5
5.225694E+1,1.005819E+5
5.229167E+1,1.005581E+5
5.232639E+1,1.005342E+5
5.236111E+1,1.005103E+5
5.239583E+1,1.004864E+5
5.243056E+1,1.004626E+5
5.246528E+1,1.004387E+5
5.250000E+1,1.004148E+5
5.253472E+1,1.003910E+5
5.256944E+1,1.003671E+5
5.260417E+1,1.003432E+5
5.263889E+1,1.003194E+5
5.267361E+1,1.002955E+5
5.270833E+1,1.002716E+5
5.274306E+1,1.002478E+5
5.277778E+1,1.002239E+5
5.281250E+1,1.002000E+5
5.284722E+1,1.001761E+5
5.288194E+1,1.001523E+5
5.291667E+1,1.001284E+5
5.295139E+1,1.001045E+5
5.298611E+1,1.000807E+5
5.302083E+1,1.000568E+5
5.305556E+1,1.000329E+5
5.309028E+1,1.000091E+5
5.312500E+1,9.998519E+4
5.315972E+1,9.996132E+4
5.319444E+1,9.993745E+4
5.322917E+1,9.991358E+4
5.326389E+1,9.988971E+4
5.329861E+1,9.986585E+4
5.333333E+1,9.984198E+4
5.336806E+1,9.981811E+4
5.340278E+1,9.979424E+4
5.343750E+1,9.977037E+4
5.347222E+1,9.974650E+4
5.350694E+1,9.972263E+4
5.354167E+1,9.969876E+4
5.357639E+1,9.967489E+4
5.361111E+1,9.965102E+4
5.364583E+1,9.962715E+4
5.368056E+1,9.960328E+4
5.371528E+1,9.957942E+4
5.375000E+1,9.955555E+4
5.378472E+1,9.953168E+4
5.381944E+1,9.950781E+4
5.385417E+1,9.948394E+4
5.388889E+1,9.946007E+4
5.392361E+1,9.943620E+4
5.395833E+1,9.941233E+4
5.399306E+1,9.938846E+4
5.402778E+1,9.936459E+4
5.406250E+1,9.934072E+4
5.409722E+1,9.931685E+4
5.413194E+1,9.929299E+4
5.416667E+1,9.926912E+4
5.420139E+1,9.924525E+4
5.423611E+1,9.922138E+4
5.427083E+1,9.919751E+4
5.430556E+1,9.917364E+4
5.434028E+1,9.914977E+4
5.437500E+1,9.912590E+4
5.440972E+1,9.913865E+4
5.444444E+1,9.918196E+4
5.447917E+1,9.922528E+4
5.451389E+1,9.926860E+4
5.454861E+1,9.931192E+4
5.458333E+1,9.935524E+4
5.461806E+1,9.939855E+4
5.465278E+1,9.944187E+4
5.468750E+1,9.948519E+4
5.472222E+1,9.952851E+4
5.475694E+1,9.957182E+4
5.479167E+1,9.961514E+4
5.482639E+1,9.965846E+4
5.486111E+1,9.970178E+4
5.489583E+1,9.974510E+4
5.493056E+1,9.978842E+4
5.496528E+1,9.983173E+4
5.500000E+1,9.987505E+4
5.503472E+1,9.991837E+4
5.506944E+1,9.996169E+4
5.510417E+1,1.000050E+5
5.513889E+1,1.000483E+5
5.517361E+1,1.000916E+5
5.520833E+1,1.001350E+5
5.524306E+1,1.001783E+5
5.527778E+1,1.002216E+5
5.531250E+1,1.002649E+5
5.534722E+1,1.003082E+5
5.538194E+1,1.003515E+5
5.541667E+1,1.003949E+5
5.545139E+1,1.004382E+5
5.548611E+1,1.004815E+5
5.552083E+1,1.005248E+5
5.555556E+1,1.005681E+5
5.559028E+1,1.006115E+5
5.562500E+1,1.006548E+5
5.565972E+1,1.006981E+5
5.569444E+1,1.007414E+5
5.572917E+1,1.007847E+5
5.576389E+1,1.008280E+5
5.579861E+1,1.008714E+5
5.583333E+1,1.009147E+5
5.586806E+1,1.009580E+5
5.590278E+1,1.010013E+5
5.593750E+1,1.010446E+5
5.597222E+1,1.010880E+5
5.600694E+1,1.011313E+5
5.604167E+1,1.011746E+5
5.607639E+1,1.012179E+5
5.611111E+1,1.012612E+5
5.614583E+1,1.013045E+5
5.618056E+1,1.013479E+5
5.621528E+1,1.013912E+5
5.625000E+1,1.014345E+5
5.628472E+1,1.014778E+5
5.631944E+1,1.015211E+5
5.635417E+1,1.015644E+5
5.638889E+1,1.016078E+5
5.642361E+1,1.016511E+5
5.645833E+1,1.016944E+5
5.649306E+1,1.017377E+5
5.652778E+1,1.017810E+5
5.656250E+1,1.018244E+5
5.659722E+1,1.018677E+5
5.663194E+1,1.019110E+5
5.666667E+1,1.019543E+5
5.670139E+1,1.019976E+5
5.673611E+1,1.020409E+5
5.677083E+1,1.020843E+5
5.680556E+1,1.021276E+5
5.684028E+1,1.021709E+5
5.687500E+1,1.022142E+5
5.690972E+1,1.022575E+5
5.694444E+1,1.023009E+5
5.697917E+1,1.023442E+5
5.701389E+1,1.023875E+5
5.704861E+1,1.024308E+5
5.708333E+1,1.024741E+5
5.711806E+1,1.025174E+5
5.715278E+1,1.025608E+5
5.718750E+1,1.026041E+5
5.722222E+1,1.026474E+5
5.725694E+1,1.026907E+5
5.729167E+1,1.027340E+5
5.732639E+1,1.027774E+5
5.736111E+1,1.028207E+5
5.739583E+1,1.028640E+5
5.743056E+1,1.029073E+5
5.746528E+1,1.029506E+5
5.750000E+1,1.029939E+5
5.753472E+1,1.030373E+5
5.756944E+1,1.030806E+5
5.760417E+1,1.031239E+5
5.763889E+1,1.031672E+5
5.767361E+1,1.032105E+5
5.770833E+1,1.032538E+5
5.774306E+1,1.032972E+5
5.777778E+1,1.033405E+5
5.781250E+1,1.033838E+5
5.784722E+1,1.034271E+5
5.788194E+1,1.034704E+5
5.791667E+1,1.035138E+5
5.795139E+1,1.035571E+5
5.798611E+1,1.036004E+5
5.802083E+1,1.036437E+5
5.805556E+1,1.036870E+5
5.809028E+1,1.037303E+5
5.812500E+1,1.037737E+5
5.815972E+1,1.038170E+5
5.819444E+1,1.038603E+5
5.822917E+1,1.039036E+5
5.826389E+1,1.039469E+5
5.829861E+1,1.039903E+5
5.833333E+1,1.040336E+5
5.836806E+1,1.040769E+5
5.840278E+1,1.041202E+5
5.843750E+1,1.041635E+5
5.847222E+1,1.042068E+5
5.850694E+1,1.042502E+5
5.854167E+1,1.042682E+5
5.857639E+1,1.042438E+5
5.861111E+1,1.042195E+5
5.864583E+1,1.041951E+5
5.868056E+1,1.041707E+5
5.871528E+1,1.041464E+5
5.875000E+1,1.041220E+5
5.878472E+1,1.040976E+5
5.881944E+1,1.040733E+5
5.885417E+1,1.040489E+5
5.888889E+1,1.040245E+5
5.892361E+1,1.040002E+5
5.895833E+1,1.039758E+5
5.899306E+1,1.039514E+5
5.902778E+1,1.039271E+5
5.906250E+1,1.039027E+5
5.909722E+1,1.038783E+5
5.913194E+1,1.038540E+5
5.916667E+1,1.038296E+5
5.920139E+1,1.038052E+5
5.923611E+1,1.037809E+5
5.927083E+1,1.037565E+5
5.930556E+1,1.037321E+5
5.934028E+1,1.037078E+5
5.937500E+1,1.036834E+5
5.940972E+1,1.036590E+5
5.944444E+1,1.036347E+5
5.947917E+1,1.036103E+5
5.951389E+1,1.035859E+5
5.954861E+1,1.035616E+5
5.958333E+1,1.035372E+5
5.961806E+1,1.035128E+5
5.965278E+1,1.034885E+5
5.968750E+1,1.034641E+5
5.972222E+1,1.034397E+5
5.975694E+1,1.034154E+5
5.979167E+1,1.033910E+5
5.982639E+1,1.033666E+5
5.986111E+1,1.033423E+5
5.989583E+1,1.033179E+5
5.993056E+1,1.032935E+5
5.996528E+1,1.032692E+5
6.000000E+1,1.032448E+5
6.003472E+1,1.032204E+5
6.006944E+1,1.031961E+5
6.010417E+1,1.031717E+5
6.013889E+1,1.031473E+5
6.017361E+1,1.031230E+5
6.020833E+1,1.030986E+5
6.024306E+1,1.030742E+5
6.027778E+1,1.030499E+5
6.031250E+1,1.030255E+5
6.034722E+1,1.030011E+5
6.038194E+1,1.029768E+5
6.041667E+1,1.029524E+5
6.045139E+1,1.029280E+5
6.048611E+1,1.029037E+5
6.052083E+1,1.028793E+5
6.055556E+1,1.028549E+5
6.059028E+1,1.028306E+5
6.062500E+1,1.028062E+5
6.065972E+1,1.027818E+5
6.069444E+1,1.027575E+5
6.072917E+1,1.027331E+5
6.076389E+1,1.027087E+5
6.079861E+1,1.026844E+5
6.083333E+1,1.026600E+5
6.086806E+1,1.026356E+5
6.090278E+1,1.026113E+5
6.093750E+1,1.025869E+5
6.097222E+1,1.025625E+5
6.100694E+1,1.025382E+5
6.104167E+1,1.025138E+5
6.107639E+1,1.024895E+5
6.111111E+1,1.024651E+5
6.114583E+1,1.024407E+5
6.118056E+1,1.024164E+5
6.121528E+1,1.023920E+5
6.125000E+1,1.023676E+5
6.128472E+1,1.023433E+5
6.131944E+1,1.023189E+5
6.135417E+1,1.022945E+5
6.138889E+1,1.022702E+5
6.142361E+1,1.022458E+5
6.145833E+1,1.022214E+5
6.149306E+1,1.021971E+5
6.152778E+1,1.021727E+5
6.156250E+1,1.021483E+5
6.159722E+1,1.021240E+5
6.163194E+1,1.020996E+5
6.166667E+1,1.020752E+5
6.170139E+1,1.020509E+5
6.173611E+1,1.020265E+5
6.177083E+1,1.020021E+5
6.180556E+1,1.019778E+5
6.184028E+1,1.019534E+5
6.187500E+1,1.019290E+5
6.190972E+1,1.019047E+5
6.194444E+1,1.018803E+5
6.197917E+1,1.018559E+5
6.201389E+1,1.018316E+5
6.204861E+1,1.018072E+5
6.208333E+1,1.017828E+5
6.211806E+1,1.017585E+5
6.215278E+1,1.017341E+5
6.218750E+1,1.017097E+5
6.222222E+1,1.016854E+5
6.225694E+1,1.016610E+5
6.229167E+1,1.016366E+5
6.232639E+1,1.016123E+5
6.236111E+1,1.015879E+5
6.239583E+1,1.015635E+5
6.243056E+1,1.015392E+5
6.246528E+1,1.015148E+5
6.250000E+1,1.014904E+5
6.253472E+1,1.014661E+5
6.256944E+1,1.014417E+5
6.260417E+1,1.014173E+5
6.263889E+1,1.013930E+5
6.267361E+1,1.013686E+5
6.270833E+1,1.013442E+5
6.274306E+1,1.013199E+5
6.277778E+1,1.012955E+5
6.281250E+1,1.012711E+5
6.284722E+1,1.012468E+5
6.288194E+1,1.012224E+5
6.291667E+1,1.011980E+5
6.295139E+1,1.012038E+5
6.298611E+1,1.012970E+5
6.302083E+1,1.013902E+5
6.305556E+1,1.014834E+5
6.309028E+1,1.015767E+5
6.312500E+1,1.016699E+5
6.315972E+1,1.017631E+5
6.319444E+1,1.018564E+5
6.322917E+1,1.019496E+5
6.326389E+1,1.020428E+5
6.329861E+1,1.021360E+5
6.333333E+1,1.022293E+5
6.336806E+1,1.023225E+5
6.340278E+1,1.024157E+5
6.343750E+1,1.025089E+5
6.347222E+1,1.026022E+5
6.350694E+1,1.026954E+5
6.354167E+1,1.027886E+5
6.357639E+1,1.028818E+5
6.361111E+1,1.029751E+5
6.364583E+1,1.030683E+5
6.368056E+1,1.031615E+5
6.371528E+1,1.032548E+5
6.375000E+1,1.033480E+5
6.378472E+1,1.034412E+5
6.381944E+1,1.035344E+5
6.385417E+1,1.036277E+5
6.388889E+1,1.037209E+5
6.392361E+1,1.038141E+5
6.395833E+1,1.039073E+5
6.399306E+1,1.040006E+5
6.402778E+1,1.040938E+5
6.406250E+1,1.041870E+5
6.409722E+1,1.042803E+5
6.413194E+1,1.043735E+5
6.416667E+1,1.044667E+5
6.420139E+1,1.045599E+5
6.423611E+1,1.046532E+5
6.427083E+1,1.047464E+5
6.430556E+1,1.048396E+5
6.434028E+1,1.049328E+5
6.437500E+1,1.050261E+5
6.440972E+1,1.051193E+5
6.444444E+1,1.052125E+5
6.447917E+1,1.053057E+5
6.451389E+1,1.053990E+5
6.454861E+1,1.054922E+5
6.458333E+1,1.055854E+5
6.461806E+1,1.056787E+5
6.465278E+1,1.057719E+5
6.468750E+1,1.058651E+5
6.472222E+1,1.059583E+5
6.475694E+1,1.060516E+5
6.479167E+1,1.061448E+5
6.482639E+1,1.062380E+5
6.486111E+1,1.063312E+5
6.489583E+1,1.064245E+5
6.493056E+1,1.065177E+5
6.496528E+1,1.066109E+5
6.500000E+1,1.067042E+5
6.503472E+1,1.067974E+5
6.506944E+1,1.068906E+5
6.510417E+1,1.069838E+5
6.513889E+1,1.070771E+5
6.517361E+1,1.071703E+5
6.520833E+1,1.072635E+5
6.524306E+1,1.073567E+5
6.527778E+1,1.074500E+5
6.531250E+1,1.075432E+5
6.534722E+1,1.076364E+5
6.538194E+1,1.077296E+5
6.541667E+1,1.078229E+5
6.545139E+1,1.079161E+5
6.548611E+1,1.080093E+5
6.552083E+1,1.081026E+5
6.555556E+1,1.081958E+5
6.559028E+1,1.082890E+5
6.562500E+1,1.083822E+5
6.565972E+1,1.084755E+5
6.569444E+1,1.085687E+5
6.572917E+1,1.086619E+5
6.576389E+1,1.087551E+5
6.579861E+1,1.088484E+5
6.583333E+1,1.089416E+5
6.586806E+1,1.090348E+5
6.590278E+1,1.091280E+5
6.593750E+1,1.092213E+5
6.597222E+1,1.093145E+5
6.600694E+1,1.094077E+5
6.604167E+1,1.095010E+5
6.607639E+1,1.095942E+5
6.611111E+1,1.096874E+5
6.614583E+1,1.097806E+5
6.618056E+1,1.098739E+5
6.621528E+1,1.099671E+5
6.625000E+1,1.100603E+5
6.628472E+1,1.101535E+5
6.631944E+1,1.102468E+5
6.635417E+1,1.103400E+5
6.638889E+1,1.104332E+5
6.642361E+1,1.105265E+5
6.645833E+1,1.106197E+5
6.649306E+1,1.107129E+5
6.652778E+1,1.108061E+5
6.656250E+1,1.108994E+5
6.659722E+1,1.109926E+5
6.663194E+1,1.110858E+5
6.666667E+1,1.111790E+5
6.670139E+1,1.112723E+5
6.673611E+1,1.113655E+5
6.677083E+1,1.114587E+5
6.680556E+1,1.115519E+5
6.684028E+1,1.116452E+5
6.687500E+1,1.117384E+5
6.690972E+1,1.118316E+5
6.694444E+1,1.119249E+5
6.697917E+1,1.120181E+5
6.701389E+1,1.121113E+5
6.704861E+1,1.122045E+5
6.708333E+1,1.122978E+5
6.711806E+1,1.123910E+5
6.715278E+1,1.124842E+5
6.718750E+1,1.126047E+5
6.722222E+1,1.127607E+5
6.725694E+1,1.129166E+5
6.729167E+1,1.130725E+5
6.732639E+1,1.132285E+5
6.736111E+1,1.133844E+5
6.739583E+1,1.135404E+5
6.743056E+1,1.136963E+5
6.746528E+1,1.138523E+5
6.750000E+1,1.140082E+5
6.753472E+1,1.141641E+5
6.756944E+1,1.143201E+5
6.760417E+1,1.144760E+5
6.763889E+1,1.146320E+5
6.767361E+1,1.147879E+5
6.770833E+1,1.149438E+5
6.774306E+1,1.150998E+5
6.777778E+1,1.152557E+5
6.781250E+1,1.154117E+5
6.784722E+1,1.155676E+5
6.788194E+1,1.157236E+5
6.791667E+1,1.158795E+5
6.795139E+1,1.160354E+5
6.798611E+1,1.161914E+5
6.802083E+1,1.163473E+5
6.805556E+1,1.165033E+5
6.809028E+1,1.166592E+5
6.812500E+1,1.168152E+5
6.815972E+1,1.169711E+5
6.819444E+1,1.171270E+5
6.822917E+1,1.172830E+5
6.826389E+1,1.174389E+5
6.829861E+1,1.175949E+5
6.833333E+1,1.177508E+5
6.836806E+1,1.179068E+5
6.840278E+1,1.180627E+5
6.843750E+1,1.182186E+5
6.847222E+1,1.183746E+5
6.850694E+1,1.185305E+5
6.854167E+1,1.186865E+5
6.857639E+1,1.188424E+5
6.861111E+1,1.189983E+5
6.864583E+1,1.191543E+5
6.868056E+1,1.193102E+5
6.871528E+1,1.194662E+5
6.875000E+1,1.196221E+5
6.878472E+1,1.197781E+5
6.881944E+1,1.199340E+5
6.885417E+1,1.200899E+5
6.888889E+1,1.202459E+5
6.892361E+1,1.204018E+5
6.895833E+1,1.205578E+5
6.899306E+1,1.207137E+5
6.902778E+1,1.208697E+5
6.906250E+1,1.210256E+5
6.909722E+1,1.211815E+5
6.913194E+1,1.213375E+5
6.916667E+1,1.214934E+5
6.920139E+1,1.216494E+5
6.923611E+1,1.218053E+5
6.927083E+1,1.219612E+5
6.930556E+1,1.221172E+5
6.934028E+1,1.222731E+5
6.937500E+1,1.224291E+5
6.940972E+1,1.225850E+5
6.944444E+1,1.227410E+5
6.947917E+1,1.228969E+5
6.951389E+1,1.230528E+5
6.954861E+1,1.232088E+5
6.958333E+1,1.233647E+5
6.961806E+1,1.235207E+5
6.965278E+1,1.236766E+5
6.968750E+1,1.238326E+5
6.972222E+1,1.239885E+5
6.975694E+1,1.241444E+5
6.979167E+1,1.243004E+5
6.982639E+1,1.244563E+5
6.986111E+1,1.246123E+5
6.989583E+1,1.247682E+5
6.993056E+1,1.249242E+5
6.996528E+1,1.250801E+5
7.000000E+1,1.252360E+5
7.003472E+1,1.253920E+5
7.006944E+1,1.255479E+5
7.010417E+1,1.257039E+5
7.013889E+1,1.258598E+5
7.017361E+1,1.260157E+5
7.020833E+1,1.261717E+5
7.024306E+1,1.263276E+5
7.027778E+1,1.264836E+5
7.031250E+1,1.266395E+5
7.034722E+1,1.267955E+5
7.038194E+1,1.269514E+5
7.041667E+1,1.271073E+5
7.045139E+1,1.272633E+5
7.048611E+1,1.274192E+5
7.052083E+1,1.275752E+5
7.055556E+1,1.277311E+5
7.059028E+1,1.278871E+5
7.062500E+1,1.280430E+5
7.065972E+1,1.281989E+5
7.069444E+1,1.283549E+5
7.072917E+1,1.285108E+5
7.076389E+1,1.286668E+5
7.079861E+1,1.288227E+5
7.083333E+1,1.289787E+5
7.086806E+1,1.291346E+5
7.090278E+1,1.292905E+5
7.093750E+1,1.294465E+5
7.097222E+1,1.296024E+5
7.100694E+1,1.297584E+5
7.104167E+1,1.299143E+5
7.107639E+1,1.300702E+5
7.111111E+1,1.302262E+5
7.114583E+1,1.303821E+5
7.118056E+1,1.305381E+5
7.121528E+1,1.306940E+5
7.125000E+1,1.308500E+5
7.128472E+1,1.310059E+5
7.131944E+1,1.311618E+5
7.135417E+1,1.313178E+5
7.138889E+1,1.314737E+5
7.142361E+1,1.316297E+5
7.145833E+1,1.317856E+5
7.149306E+1,1.319416E+5
7.152778E+1,1.320975E+5
7.156250E+1,1.322534E+5
7.159722E+1,1.324094E+5
7.163194E+1,1.325653E+5
7.166667E+1,1.327213E+5
7.170139E+1,1.328772E+5
7.173611E+1,1.330332E+5
7.177083E+1,1.331856E+5
7.180556E+1,1.331770E+5
7.184028E+1,1.331683E+5
7.187500E+1,1.331596E+5
7.190972E+1,1.331510E+5
7.194444E+1,1.331423E+5
7.197917E+1,1.331336E+5
7.201389E+1,1.331250E+5
7.204861E+1,1.331163E+5
7.208333E+1,1.331076E+5
7.211806E+1,1.330990E+5
7.215278E+1,1.330903E+5
7.218750E+1,1.330817E+5
7.222222E+1,1.330730E+5
7.225694E+1,1.330643E+5
7.229167E+1,1.330557E+5
7.232639E+1,1.330470E+5
7.236111E+1,1.330383E+5
7.239583E+1,1.330297E+5
7.243056E+1,1.330210E+5
7.246528E+1,1.330124E+5
7.250000E+1,1.330037E+5
7.253472E+1,1.329950E+5
7.256944E+1,1.329864E+5
7.260417E+1,1.329777E+5
7.263889E+1,1.329690E+5
7.267361E+1,1.329604E+5
7.270833E+1,1.329517E+5
7.274306E+1,1.329430E+5
7.277778E+1,1.329344E+5
7.281250E+1,1.329257E+5
7.284722E+1,1.329171E+5
7.288194E+1,1.329084E+5
7.291667E+1,1.328997E+5
7.295139E+1,1.328911E+5
7.298611E+1,1.328824E+5
7.302083E+1,1.328737E+5
7.305556E+1,1.328651E+5
7.309028E+1,1.328564E+5
7.312500E+1,1.328478E+5
7.315972E+1,1.328391E+5
7.319444E+1,1.328304E+5
7.322917E+1,1.328218E+5
7.326389E+1,1.328131E+5
7.329861E+1,1.328044E+5
7.333333E+1,1.327958E+5
7.336806E+1,1.327871E+5
7.340278E+1,1.327784E+5
7.343750E+1,1.327698E+5
7.347222E+1,1.327611E+5
7.350694E+1,1.327525E+5
7.354167E+1,1.327438E+5
7.357639E+1,1.327351E+5
7.361111E+1,1.327265E+5
7.364583E+1,1.327178E+5
7.368056E+1,1.327091E+5
7.371528E+1,1.327005E+5
7.375000E+1,1.326918E+5
7.378472E+1,1.326832E+5
7.381944E+1,1.326745E+5
7.385417E+1,1.326658E+5
7.388889E+1,1.326572E+5
7.392361E+1,1.326485E+5
7.395833E+1,1.326398E+5
7.399306E+1,1.326312E+5
7.402778E+1,1.326225E+5
7.406250E+1,1.326138E+5
7.409722E+1,1.326052E+5
7.413194E+1,1.325965E+5
7.416667E+1,1.325879E+5
7.420139E+1,1.325792E+5
7.423611E+1,1.325705E+5
7.427083E+1,1.325619E+5
7.430556E+1,1.325532E+5
7.434028E+1,1.325445E+5
7.437500E+1,1.325359E+5
7.440972E+1,1.325272E+5
7.444444E+1,1.325186E+5
7.447917E+1,1.325099E+5
7.451389E+1,1.325012E+5
7.454861E+1,1.324926E+5
7.458333E+1,1.324839E+5
7.461806E+1,1.324752E+5
7.465278E+1,1.324666E+5
7.468750E+1,1.324579E+5
7.472222E+1,1.324492E+5
7.475694E+1,1.324406E+5
7.479167E+1,1.324319E+5
7.482639E+1,1.324233E+5
7.486111E+1,1.324146E+5
7.489583E+1,1.324059E+5
7.493056E+1,1.323973E+5
7.496528E+1,1.323886E+5
7.500000E+1,1.323799E+5
7.503472E+1,1.323713E+5
7.506944E+1,1.323626E+5
7.510417E+1,1.323540E+5
7.513889E+1,1.323453E+5
7.517361E+1,1.323366E+5
7.520833E+1,1.323280E+5
7.524306E+1,1.323193E+5
7.527778E+1,1.323106E+5
7.531250E+1,1.323020E+5
7.534722E+1,1.322933E+5
7.538194E+1,1.322847E+5
7.541667E+1,1.322760E+5
7.545139E+1,1.322673E+5
7.548611E+1,1.322587E+5
7.552083E+1,1.322500E+5
7.555556E+1,1.322413E+5
7.559028E+1,1.322327E+5
7.562500E+1,1.322240E+5
7.565972E+1,1.322153E+5
7.569444E+1,1.322067E+5
7.572917E+1,1.321980E+5
7.576389E+1,1.321894E+5
7.579861E+1,1.321807E+5
7.583333E+1,1.321720E+5
7.586806E+1,1.321634E+5
7.590278E+1,1.321547E+5
7.593750E+1,1.320430E+5
7.597222E+1,1.319130E+5
7.600694E+1,1.317831E+5
7.604167E+1,1.316531E+5
7.607639E+1,1.315232E+5
7.611111E+1,1.313932E+5
7.614583E+1,1.312633E+5
7.618056E+1,1.311333E+5
7.621528E+1,1.310034E+5
7.625000E+1,1.308734E+5
7.628472E+1,1.307435E+5
7.631944E+1,1.306135E+5
7.635417E+1,1.304836E+5
7.638889E+1,1.303536E+5
7.642361E+1,1.302237E+5
7.645833E+1,1.300937E+5
7.649306E+1,1.299638E+5
7.652778E+1,1.298338E+5
7.656250E+1,1.297039E+5
7.659722E+1,1.295739E+5
7.663194E+1,1.294439E+5
7.666667E+1,1.293140E+5
7.670139E+1,1.291840E+5
7.673611E+1,1.290541E+5
7.677083E+1,1.289241E+5
7.680556E+1,1.287942E+5
7.684028E+1,1.286642E+5
7.687500E+1,1.285343E+5
7.690972E+1,1.284043E+5
7.694444E+1,1.282744E+5
7.697917E+1,1.281444E+5
7.701389E+1,1.280145E+5
7.704861E+1,1.278845E+5
7.708333E+1,1.277546E+5
7.711806E+1,1.276246E+5
7.715278E+1,1.274947E+5
7.718750E+1,1.273647E+5
7.722222E+1,1.272348E+5
7.725694E+1,1.271048E+5
7.729167E+1,1.269749E+5
7.732639E+1,1.268449E+5
7.736111E+1,1.267149E+5
7.739583E+1,1.265850E+5
7.743056E+1,1.264550E+5
7.746528E+1,1.263251E+5
7.750000E+1,1.261951E+5
7.753472E+1,1.260652E+5
7.756944E+1,1.259352E+5
7.760417E+1,1.258053E+5
7.763889E+1,1.256753E+5
7.767361E+1,1.255454E+5
7.770833E+1,1.254154E+5
7.774306E+1,1.252855E+5
7.777778E+1,1.251555E+5
7.781250E+1,1.250256E+5
7.784722E+1,1.248956E+5
7.788194E+1,1.247657E+5
7.791667E+1,1.246357E+5
7.795139E+1,1.245058E+5
7.798611E+1,1.243758E+5
7.802083E+1,1.242459E+5
7.805556E+1,1.241159E+5
7.809028E+1,1.239860E+5
7.812500E+1,1.238560E+5
7.815972E+1,1.237260E+5
7.819444E+1,1.235961E+5
7.822917E+1,1.234661E+5
7.826389E+1,1.233362E+5
7.829861E+1,1.232062E+5
7.833333E+1,1.230763E+5
7.836806E+1,1.229463E+5
7.840278E+1,1.228164E+5
7.843750E+1,1.226864E+5
7.847222E+1,1.225565E+5
7.850694E+1,1.224265E+5
7.854167E+1,1.222966E+5
7.857639E+1,1.221666E+5
7.861111E+1,1.220367E+5
7.864583E+1,1.219067E+5
7.868056E+1,1.217768E+5
7.871528E+1,1.216468E+5
7.875000E+1,1.215169E+5
7.878472E+1,1.213869E+5
7.881944E+1,1.212570E+5
7.885417E+1,1.211270E+5
7.888889E+1,1.209970E+5
7.892361E+1,1.208671E+5
7.895833E+1,1.207371E+5
7.899306E+1,1.206072E+5
7.902778E+1,1.204772E+5
7.906250E+1,1.203473E+5
7.909722E+1,1.202173E+5
7.913194E+1,1.200874E+5
7.916667E+1,1.199574E+5
7.920139E+1,1.198275E+5
7.923611E+1,1.196975E+5
7.927083E+1,1.195676E+5
7.930556E+1,1.194376E+5
7.934028E+1,1.193077E+5
7.937500E+1,1.191777E+5
7.940972E+1,1.190478E+5
7.944444E+1,1.189178E+5
7.947917E+1,1.187879E+5
7.951389E+1,1.186579E+5
7.954861E+1,1.185280E+5
7.958333E+1,1.183980E+5
7.961806E+1,1.182681E+5
7.965278E+1,1.181381E+5
7.968750E+1,1.180081E+5
7.972222E+1,1.178782E+5
7.975694E+1,1.177482E+5
7.979167E+1,1.176183E+5
7.982639E+1,1.174883E+5
7.986111E+1,1.173584E+5
7.989583E+1,1.172284E+5
7.993056E+1,1.170985E+5
7.996528E+1,1.169685E+5
8.000000E+1,1.168386E+5
8.003472E+1,1.167086E+5
8.006944E+1,1.165787E+5
8.010417E+1,1.164487E+5
8.013889E+1,1.163188E+5
8.017361E+1,1.161888E+5
8.020833E+1,1.160589E+5
8.024306E+1,1.159289E+5
8.027778E+1,1.157990E+5
8.031250E+1,1.156690E+5
8.034722E+1,1.154886E+5
8.038194E+1,1.152897E+5
8.041667E+1,1.150908E+5
8.045139E+1,1.148919E+5
8.048611E+1,1.146930E+5
8.052083E+1,1.144941E+5
8.055556E+1,1.142951E+5
8.059028E+1,1.140962E+5
8.062500E+1,1.138973E+5
8.065972E+1,1.136984E+5
8.069444E+1,1.134995E+5
8.072917E+1,1.133006E+5
8.076389E+1,1.131017E+5
8.079861E+1,1.129028E+5
8.083333E+1,1.127039E+5
8.086806E+1,1.125050E+5
8.090278E+1,1.123061E+5
8.093750E+1,1.121072E+5
8.097222E+1,1.119083E+5
8.100694E+1,1.117094E+5
8.104167E+1,1.115105E+5
8.107639E+1,1.113116E+5
8.111111E+1,1.111127E+5
8.114583E+1,1.109138E+5
8.118056E+1,1.107149E+5
8.121528E+1,1.105160E+5
8.125000E+1,1.103171E+5
8.128472E+1,1.101182E+5
8.131944E+1,1.099193E+5
8.135417E+1,1.097204E+5
8.138889E+1,1.095214E+5
8.142361E+1,1.093225E+5
8.145833E+1,1.091236E+5
8.149306E+1,1.089247E+5
8.152778E+1,1.087258E+5
8.156250E+1,1.085269E+5
8.159722E+1,1.083280E+5
8.163194E+1,1.081291E+5
8.166667E+1,1.079302E+5
8.170139E+1,1.077313E+5
8.173611E+1,1.075324E+5
8.177083E+1,1.073335E+5
8.180556E+1,1.071346E+5
8.184028E+1,1.069357E+5
8.187500E+1,1.067368E+5
8.190972E+1,1.065379E+5
8.194444E+1,1.063390E+5
8.197917E+1,1.061401E+5
8.201389E+1,1.059412E+5
8.204861E+1,1.057423E+5
8.208333E+1,1.055434E+5
8.211806E+1,1.053445E+5
8.215278E+1,1.051456E+5
8.218750E+1,1.049467E+5
8.222222E+1,1.047478E+5
8.225694E+1,1.045489E+5
8.229167E+1,1.043499E+5
8.232639E+1,1.041510E+5
8.236111E+1,1.039521E+5
8.239583E+1,1.037532E+5
8.243056E+1,1.035543E+5
8.246528E+1,1.033554E+5
8.250000E+1,1.031565E+5
8.253472E+1,1.029576E+5
8.256944E+1,1.027587E+5
8.260417E+1,1.025598E+5
8.263889E+1,1.023609E+5
8.267361E+1,1.021620E+5
8.270833E+1,1.019631E+5
8.274306E+1,1.017642E+5
8.277778E+1,1.015653E+5
8.281250E+1,1.013664E+5
8.284722E+1,1.011675E+5
8.288194E+1,1.009686E+5
8.291667E+1,1.007697E+5
8.295139E+1,1.005708E+5
8.298611E+1,1.003719E+5
8.302083E+1,1.001730E+5
8.305556E+1,9.997405E+4
8.309028E+1,9.977515E+4
8.312500E+1,9.957625E+4
8.315972E+1,9.937734E+4
8.319444E+1,9.917844E+4
8.322917E+1,9.897953E+4
8.326389E+1,9.878063E+4
8.329861E+1,9.858173E+4
8.333333E+1,9.838282E+4
8.336806E+1,9.818392E+4
8.340278E+1,9.798501E+4
8.343750E+1,9.778611E+4
8.347222E+1,9.758721E+4
8.350694E+1,9.738830E+4
8.354167E+1,9.718940E+4
8.357639E+1,9.699049E+4
8.361111E+1,9.679159E+4
8.364583E+1,9.659269E+4
8.368056E+1,9.639378E+4
8.371528E+1,9.619488E+4
8.375000E+1,9.599597E+4
8.378472E+1,9.579707E+4
8.381944E+1,9.559817E+4
8.385417E+1,9.539926E+4
8.388889E+1,9.520036E+4
8.392361E+1,9.500145E+4
8.395833E+1,9.480255E+4
8.399306E+1,9.460364E+4
8.402778E+1,9.440474E+4
8.406250E+1,9.420584E+4
8.409722E+1,9.400693E+4
8.413194E+1,9.380803E+4
8.416667E+1,9.360912E+4
8.420139E+1,9.341022E+4
8.423611E+1,9.321132E+4
8.427083E+1,9.301241E+4
8.430556E+1,9.281351E+4
8.434028E+1,9.261460E+4
8.437500E+1,9.241570E+4
8.440972E+1,9.221680E+4
8.444444E+1,9.201789E+4
8.447917E+1,9.181899E+4
8.451389E+1,9.162008E+4
8.454861E+1,9.142118E+4
8.458333E+1,9.122228E+4
8.461806E+1,9.102337E+4
8.465278E+1,9.082447E+4
8.468750E+1,9.062556E+4
8.472222E+1,9.042666E+4
8.475694E+1,9.022776E+4
8.479167E+1,9.002885E+4
8.482639E+1,8.982995E+4
8.486111E+1,8.987432E+4
8.489583E+1,8.992748E+4
8.493056E+1,8.998064E+4
8.496528E+1,9.003380E+4
8.500000E+1,9.008697E+4
8.503472E+1,9.014013E+4
8.506944E+1,9.019329E+4
8.510417E+1,9.024645E+4
8.513889E+1,9.029961E+4
8.517361E+1,9.035278E+4
8.520833E+1,9.040594E+4
8.524306E+1,9.045910E+4
8.527778E+1,9.051226E+4
8.531250E+1,9.056542E+4
8.534722E+1,9.061859E+4
8.538194E+1,9.067175E+4
8.541667E+1,9.072491E+4
8.545139E+1,9.077807E+4
8.548611E+1,9.083123E+4
8.552083E+1,9.088439E+4
8.555556E+1,9.093756E+4
8.559028E+1,9.099072E+4
8.562500E+1,9.104388E+4
8.565972E+1,9.109704E+4
8.569444E+1,9.115020E+4
8.572917E+1,9.120337E+4
8.576389E+1,9.125653E+4
8.579861E+1,9.130969E+4
8.583333E+1,9.136285E+4
8.586806E+1,9.141602E+4
8.590278E+1,9.146918E+4
8.593750E+1,9.152234E+4
8.597222E+1,9.157550E+4
8.600694E+1,9.162866E+4
8.604167E+1,9.168183E+4
8.607639E+1,9.173499E+4
8.611111E+1,9.178815E+4
8.614583E+1,9.184131E+4
8.618056E+1,9.189447E+4
8.621528E+1,9.194764E+4
8.625000E+1,9.200080E+4
8.628472E+1,9.205396E+4
8.631944E+1,9.210712E+4
8.635417E+1,9.216028E+4
8.638889E+1,9.221345E+4
8.642361E+1,9.226661E+4
8.645833E+1,9.231977E+4
8.649306E+1,9.237293E+4
8.652778E+1,9.242609E+4
8.656250E+1,9.247926E+4
8.659722E+1,9.253242E+4
8.663194E+1,9.258558E+4
8.666667E+1,9.263874E+4
8.670139E+1,9.269190E+4
8.673611E+1,9.274506E+4
8.677083E+1,9.279823E+4
8.680556E+1,9.285139E+4
8.684028E+1,9.290455E+4
8.687500E+1,9.295771E+4
8.690972E+1,9.301087E+4
8.694444E+1,9.306404E+4
8.697917E+1,9.311720E+4
8.701389E+1,9.317036E+4
8.704861E+1,9.322352E+4
8.708333E+1,9.327668E+4
8.711806E+1,9.332985E+4
8.715278E+1,9.338301E+4
8.718750E+1,9.343617E+4
8.722222E+1,9.348933E+4
8.725694E+1,9.354249E+4
8.729167E+1,9.359566E+4
8.732639E+1,9.364882E+4
8.736111E+1,9.370198E+4
8.739583E+1,9.375514E+4
8.743056E+1,9.380831E+4
8.746528E+1,9.386147E+4
8.750000E+1,9.391463E+4
8.753472E+1,9.396779E+4
8.756944E+1,9.402095E+4
8.760417E+1,9.407412E+4
8.763889E+1,9.412728E+4
8.767361E+1,9.418044E+4
8.770833E+1,9.423360E+4
8.774306E+1,9.428676E+4
8.777778E+1,9.433993E+4
8.781250E+1,9.439309E+4
8.784722E+1,9.444625E+4
8.788194E+1,9.449941E+4
8.791667E+1,9.455257E+4
8.795139E+1,9.460573E+4
8.798611E+1,9.465890E+4
8.802083E+1,9.471206E+4
8.805556E+1,9.476522E+4
8.809028E+1,9.481838E+4
8.812500E+1,9.487154E+4
8.815972E+1,9.492471E+4
8.819444E+1,9.497787E+4
8.822917E+1,9.503103E+4
8.826389E+1,9.508419E+4
8.829861E+1,9.513735E+4
8.833333E+1,9.519052E+4
8.836806E+1,9.524368E+4
8.840278E+1,9.529684E+4
8.843750E+1,9.535000E+4
8.847222E+1,9.540316E+4
8.850694E+1,9.545633E+4
8.854167E+1,9.550949E+4
8.857639E+1,9.556265E+4
8.861111E+1,9.561581E+4
8.864583E+1,9.566897E+4
8.868056E+1,9.572214E+4
8.871528E+1,9.577530E+4
8.875000E+1,9.582846E+4
8.878472E+1,9.588162E+4
8.881944E+1,9.593478E+4
8.885417E+1,9.598795E+4
8.888889E+1,9.601770E+4
8.892361E+1,9.601770E+4
8.895833E+1,9.601770E+4
8.899306E+1,9.601770E+4
8.902778E+1,9.601770E+4
8.906250E+1,9.601770E+4
8.909722E+1,9.601770E+4
8.913194E+1,9.601770E+4
8.916667E+1,9.601770E+4
8.920139E+1,9.601770E+4
8.923611E+1,9.601770E+4
8.927083E+1,9.601770E+4
8.930556E+1,9.601770E+4
8.934028E+1,9.601770E+4
8.937500E+1,9.601770E+4
8.940972E+1,9.601770E+4
8.944444E+1,9.601770E+4
8.947917E+1,9.601770E+4
8.951389E+1,9.601770E+4
8.954861E+1,9.601770E+4
8.958333E+1,9.601770E+4
8.961806E+1,9.601770E+4
8.965278E+1,9.601770E+4
8.968750E+1,9.601770E+4
8.972222E+1,9.601770E+4
8.975694E+1,9.601770E+4
8.979167E+1,9.601770E+4
8.982639E+1,9.601770E+4
8.986111E+1,9.601770E+4
8.989583E+1,9.601770E+4
8.993056E+1,9.601770E+4
8.996528E+1,9.601770E+4
9.000000E+1,9.601770E+4
9.003472E+1,9.601770E+4
9.006944E+1,9.601770E+4
9.010417E+1,9.601770E+4
9.013889E+1,9.601770E+4
9.017361E+1,9.601770E+4
9.020833E+1,9.601770E+4
9.024306E+1,9.601770E+4
9.027778E+1,9.601770E+4
9.031250E+1,9.601770E+4
9.034722E+1,9.601770E+4
9.038194E+1,9.601770E+4
9.041667E+1,9.601770E+4
9.045139E+1,9.601770E+4
9.048611E+1,9.601770E+4
9.052083E+1,9.601770E+4
9.055556E+1,9.601770E+4
9.059028E+1,9.601770E+4
9.062500E+1,9.601770E+4
9.065972E+1,9.601770E+4
9.069444E+1,9.601770E+4
9.072917E+1,9.601770E+4
9.076389E+1,9.601770E+4
9.079861E+1,9.601770E+4
9.083333E+1,9.601770E+4
9.086806E+1,9.601770E+4
9.090278E+1,9.601770E+4
9.093750E+1,9.601770E+4
9.097222E+1,9.601770E+4
9.100694E+1,9.601770E+4
9.104167E+1,9.601770E+4
9.107639E+1,9.601770E+4
9.111111E+1,9.601770E+4
9.114583E+1,9.601770E+4
9.118056E+1,9.601770E+4
9.121528E+1,9.601770E+4
9.125000E+1,9.601770E+4
9.128472E+1,9.601770E+4
9.131944E+1,9.601770E+4
9.135417E+1,9.601770E+4
9.138889E+1,9.601770E+4
9.142361E+1,9.601770E+4
9.145833E+1,9.601770E+4
9.149306E+1,9.601770E+4
9.152778E+1,9.601770E+4
9.156250E+1,9.601770E+4
9.159722E+1,9.601770E+4
9.163194E+1,9.601770E+4
9.166667E+1,9.601770E+4
9.170139E+1,9.601770E+4
9.173611E+1,9.601770E+4
9.177083E+1,9.601770E+4
9.180556E+1,9.601770E+4
9.184028E+1,9.601770E+4
9.187500E+1,9.601770E+4
9.190972E+1,9.601770E+4
9.194444E+1,9.601770E+4
9.197917E+1,9.601770E+4
9.201389E+1,9.601770E+4
9.204861E+1,9.601770E+4
9.208333E+1,9.601770E+4
9.211806E+1,9.601770E+4
9.215278E+1,9.601770E+4
9.218750E+1,9.601770E+4
9.222222E+1,9.601770E+4
9.225694E+1,9.601770E+4
9.229167E+1,9.601770E+4
9.232639E+1,9.601770E+4
9.236111E+1,9.601770E+4
9.239583E+1,9.601770E+4
9.243056E+1,9.601770E+4
9.246528E+1,9.601770E+4
9.250000E+1,9.601770E+4
9.253472E+1,9.601770E+4
9.256944E+1,9.601770E+4
9.260417E+1,9.601770E+4
9.263889E+1,9.601770E+4
9.267361E+1,9.601770E+4
9.270833E+1,9.601770E+4
9.274306E+1,9.601770E+4
9.277778E+1,9.601770E+4
9.281250E+1,9.601770E+4
9.284722E+1,9.601770E+4
9.288194E+1,9.601770E+4
9.291667E+1,9.601770E+4
9.295139E+1,9.601770E+4
9.298611E+1,9.601770E+4
9.302083E+1,9.601770E+4
9.305556E+1,9.601770E+4
9.309028E+1,9.601770E+4
9.312500E+1,9.601770E+4
9.315972E+1,9.601770E+4
9.319444E+1,9.601770E+4
9.322917E+1,9.601770E+4
9.326389E+1,9.601770E+4
9.329861E+1,9.601770E+4
9.333333E+1,9.601770E+4
9.336806E+1,9.601770E+4
9.340278E+1,9.586539E+4
9.343750E+1,9.564014E+4
9.347222E+1,9.541489E+4
9.350694E+1,9.518964E+4
9.354167E+1,9.496438E+4
9.357639E+1,9.473913E+4
9.361111E+1,9.451388E+4
9.364583E+1,9.428863E+4
9.368056E+1,9.406337E+4
9.371528E+1,9.383812E+4
9.375000E+1,9.361287E+4
9.378472E+1,9.338762E+4
9.381944E+1,9.316237E+4
9.385417E+1,9.293711E+4
9.388889E+1,9.271186E+4
9.392361E+1,9.248661E+4
9.395833E+1,9.226136E+4
9.399306E+1,9.203610E+4
9.402778E+1,9.181085E+4
9.406250E+1,9.158560E+4
9.409722E+1,9.136035E+4
9.413194E+1,9.113510E+4
9.416667E+1,9.090984E+4
9.420139E+1,9.068459E+4
9.423611E+1,9.045934E+4
9.427083E+1,9.023409E+4
9.430556E+1,9.000883E+4
9.434028E+1,8.978358E+4
9.437500E+1,8.955833E+4
9.440972E+1,8.933308E+4
9.444444E+1,8.910783E+4
9.447917E+1,8.888257E+4
9.451389E+1,8.865732E+4
9.454861E+1,8.843207E+4
9.458333E+1,8.820682E+4
9.461806E+1,8.798156E+4
9.465278E+1,8.775631E+4
9.468750E+1,8.753106E+4
9.472222E+1,8.730581E+4
9.475694E+1,8.708056E+4
9.479167E+1,8.685530E+4
9.482639E+1,8.663005E+4
9.486111E+1,8.640480E+4
9.489583E+1,8.617955E+4
9.493056E+1,8.595429E+4
9.496528E+1,8.572904E+4
9.500000E+1,8.550379E+4
9.503472E+1,8.527854E+4
9.506944E+1,8.505329E+4
9.510417E+1,8.482803E+4
9.513889E+1,8.460278E+4
9.517361E+1,8.437753E+4
9.520833E+1,8.415228E+4
9.524306E+1,8.392702E+4
9.527778E+1,8.370177E+4
9.531250E+1,8.347652E+4
9.534722E+1,8.325127E+4
9.538194E+1,8.302601E+4
9.541667E+1,8.280076E+4
9.545139E+1,8.257551E+4
9.548611E+1,8.235026E+4
9.552083E+1,8.212500E+4
9.555556E+1,8.189975E+4
9.559028E+1,8.167450E+4
9.562500E+1,8.144925E+4
9.565972E+1,8.122399E+4
9.569444E+1,8.099874E+4
9.572917E+1,8.077349E+4
9.576389E+1,8.054824E+4
9.579861E+1,8.032298E+4
9.583333E+1,8.009773E+4
9.586806E+1,7.987248E+4
9.590278E+1,7.964723E+4
9.593750E+1,7.942197E+4
9.597222E+1,7.919672E+4
9.600694E+1,7.897147E+4
9.604167E+1,7.874622E+4
9.607639E+1,7.852096E+4
9.611111E+1,7.829571E+4
9.614583E+1,7.807046E+4
9.618056E+1,7.784521E+4
9.621528E+1,7.761995E+4
9.625000E+1,7.739470E+4
9.628472E+1,7.716945E+4
9.631944E+1,7.694420E+4
9.635417E+1,7.671895E+4
9.638889E+1,7.649369E+4
9.642361E+1,7.626844E+4
9.645833E+1,7.604319E+4
9.649306E+1,7.581794E+4
9.652778E+1,7.559268E+4
9.656250E+1,7.536743E+4
9.659722E+1,7.514218E+4
9.663194E+1,7.491693E+4
9.666667E+1,7.469167E+4
9.670139E+1,7.446642E+4
9.673611E+1,7.424117E+4
9.677083E+1,7.401592E+4
9.680556E+1,7.379066E+4
9.684028E+1,7.356541E+4
9.687500E+1,7.334016E+4
9.690972E+1,7.311491E+4
9.694444E+1,7.288966E+4
9.697917E+1,7.266440E+4
9.701389E+1,7.243915E+4
9.704861E+1,7.221390E+4
9.708333E+1,7.198865E+4
9.711806E+1,7.176339E+4
9.715278E+1,7.153814E+4
9.718750E+1,7.131289E+4
9.722222E+1,7.108764E+4
9.725694E+1,7.086239E+4
9.729167E+1,7.063713E+4
9.732639E+1,7.041188E+4
9.736111E+1,7.018663E+4
9.739583E+1,6.996138E+4
9.743056E+1,6.973612E+4
9.746528E+1,6.951087E+4
9.750000E+1,6.928562E+4
9.753472E+1,6.906037E+4
9.756944E+1,6.883512E+4
9.760417E+1,6.860986E+4
9.763889E+1,6.838461E+4
9.767361E+1,6.815936E+4
9.770833E+1,6.793411E+4
9.774306E+1,6.770885E+4
9.777778E+1,6.748360E+4
9.781250E+1,6.725835E+4
9.784722E+1,6.703310E+4
9.788194E+1,6.680785E+4
9.791667E+1,6.658259E+4
9.795139E+1,6.635734E+4
9.798611E+1,6.613209E+4
9.802083E+1,6.590684E+4
9.805556E+1,6.568158E+4
9.809028E+1,6.545633E+4
9.812500E+1,6.523108E+4
9.815972E+1,6.500583E+4
9.819444E+1,6.478058E+4
9.822917E+1,6.455532E+4
9.826389E+1,6.433007E+4
9.829861E+1,6.410482E+4
9.833333E+1,6.387957E+4
9.836806E+1,6.365431E+4
9.840278E+1,6.342906E+4
9.843750E+1,6.320381E+4
9.847222E+1,6.297856E+4
9.850694E+1,6.275331E+4
9.854167E+1,6.252805E+4
9.857639E+1,6.230280E+4
9.861111E+1,6.207755E+4
9.864583E+1,6.185230E+4
9.868056E+1,6.162704E+4
9.871528E+1,6.140179E+4
9.875000E+1,6.117654E+4
9.878472E+1,6.095129E+4
9.881944E+1,6.072604E+4
9.885417E+1,6.050078E+4
9.888889E+1,6.027553E+4
9.892361E+1,6.005028E+4
9.895833E+1,5.982503E+4
9.899306E+1,5.959977E+4
9.902778E+1,5.937452E+4
9.906250E+1,5.914927E+4
9.909722E+1,5.892402E+4
9.913194E+1,5.869877E+4
9.916667E+1,5.847351E+4
9.920139E+1,5.824826E+4
9.923611E+1,5.802301E+4
9.927083E+1,5.779776E+4
9.930556E+1,5.757250E+4
9.934028E+1,5.734725E+4
9.937500E+1,5.712200E+4
9.940972E+1,5.689675E+4
9.944444E+1,5.667149E+4
9.947917E+1,5.644624E+4
9.951389E+1,5.622099E+4
9.954861E+1,5.599574E+4
9.958333E+1,5.577048E+4
9.961806E+1,5.554523E+4
9.965278E+1,5.531998E+4
9.968750E+1,5.509473E+4
9.972222E+1,5.486947E+4
9.975694E+1,5.464422E+4
9.979167E+1,5.441897E+4
9.982639E+1,5.419372E+4
9.986111E+1,5.396846E+4
9.989583E+1,5.374321E+4
9.993056E+1,5.351796E+4
9.996528E+1,5.329271E+4
