7.139351E-14,5.534860E-3
3.472222E-4,5.521538E-3
6.944444E-4,5.508216E-3
1.041667E-3,5.494894E-3
1.388889E-3,5.481573E-3
1.736111E-3,5.468251E-3
2.083333E-3,5.454929E-3
2.430556E-3,5.441607E-3
2.777778E-3,5.428285E-3
3.125000E-3,5.414963E-3
3.472222E-3,5.402085E-3
3.819444E-3,5.394092E-3
4.166667E-3,5.386099E-3
4.513889E-3,5.378106E-3
4.861111E-3,5.370112E-3
5.208333E-3,5.362119E-3
5.555556E-3,5.354126E-3
5.902778E-3,5.346133E-3
6.250000E-3,5.338140E-3
6.597222E-3,5.330147E-3
6.944444E-3,5.322154E-3
7.291667E-3,5.314161E-3
7.638889E-3,5.306168E-3
7.986111E-3,5.298174E-3
8.333333E-3,5.290181E-3
8.680556E-3,5.282188E-3
9.027778E-3,5.274195E-3
9.375000E-3,5.256771E-3
9.722222E-3,5.231793E-3
1.006944E-2,5.206815E-3
1.041667E-2,5.181837E-3
1.076389E-2,5.156859E-3
1.111111E-2,5.131881E-3
1.145833E-2,5.106903E-3
1.180556E-2,5.081924E-3
1.215278E-2,5.056946E-3
1.250000E-2,5.031968E-3
1.284722E-2,5.019170E-3
1.319444E-2,5.013266E-3
1.354167E-2,5.007362E-3
1.388889E-2,5.001458E-3
1.423611E-2,4.995554E-3
1.458333E-2,4.989650E-3
1.493056E-2,4.983746E-3
1.527778E-2,4.977842E-3
1.562500E-2,4.971938E-3
1.597222E-2,4.966034E-3
1.631944E-2,4.960130E-3
1.666667E-2,4.954226E-3
1.701389E-2,4.948322E-3
1.736111E-2,4.942418E-3
1.770833E-2,4.936514E-3
1.805556E-2,4.930610E-3
1.840278E-2,4.924706E-3
1.875000E-2,4.918802E-3
1.909722E-2,4.912898E-3
1.944444E-2,4.906994E-3
1.979167E-2,4.901090E-3
2.013889E-2,4.895186E-3
2.048611E-2,4.889282E-3
2.083333E-2,4.883378E-3
2.118056E-2,4.877474E-3
2.152778E-2,4.871570E-3
2.187500E-2,4.865666E-3
2.222222E-2,4.859762E-3
2.256944E-2,4.853858E-3
2.291667E-2,4.847954E-3
2.326389E-2,4.842050E-3
2.361111E-2,4.836146E-3
2.395833E-2,4.830242E-3
2.430556E-2,4.824338E-3
2.465278E-2,4.818434E-3
2.500000E-2,4.812530E-3
2.534722E-2,4.806292E-3
2.569444E-2,4.799183E-3
2.604167E-2,4.792073E-3
2.638889E-2,4.784964E-3
2.673611E-2,4.777854E-3
2.708333E-2,4.770745E-3
2.743056E-2,4.763636E-3
2.777778E-2,4.756526E-3
2.812500E-2,4.749417E-3
2.847222E-2,4.742307E-3
2.881944E-2,4.735198E-3
2.916667E-2,4.728089E-3
2.951389E-2,4.720979E-3
2.986111E-2,4.713870E-3
3.020833E-2,4.706760E-3
3.055556E-2,4.699651E-3
3.090278E-2,4.692542E-3
3.125000E-2,4.685432E-3
3.159722E-2,4.678323E-3
3.194444E-2,4.671214E-3
3.229167E-2,4.664104E-3
3.263889E-2,4.656995E-3
3.298611E-2,4.649885E-3
3.333333E-2,4.642776E-3
3.368056E-2,4.635667E-3
3.402778E-2,4.628557E-3
3.437500E-2,4.621448E-3
3.472222E-2,4.614338E-3
3.506944E-2,4.607229E-3
3.541667E-2,4.600120E-3
3.576389E-2,4.593010E-3
3.611111E-2,4.585901E-3
3.645833E-2,4.578792E-3
3.680556E-2,4.571682E-3
3.715278E-2,4.564573E-3
3.750000E-2,4.557463E-3
3.784722E-2,4.550354E-3
3.819444E-2,4.543245E-3
3.854167E-2,4.536135E-3
3.888889E-2,4.529026E-3
3.923611E-2,4.521916E-3
3.958333E-2,4.514807E-3
3.993056E-2,4.507698E-3
4.027778E-2,4.501003E-3
4.062500E-2,4.495258E-3
4.097222E-2,4.489513E-3
4.131944E-2,4.483768E-3
4.166667E-2,4.478023E-3
4.201389E-2,4.472277E-3
4.236111E-2,4.466532E-3
4.270833E-2,4.460787E-3
4.305556E-2,4.455042E-3
4.340278E-2,4.449297E-3
4.375000E-2,4.443552E-3
4.409722E-2,4.437807E-3
4.444444E-2,4.432061E-3
4.479167E-2,4.426316E-3
4.513889E-2,4.420571E-3
4.548611E-2,4.414826E-3
4.583333E-2,4.409081E-3
4.618056E-2,4.403336E-3
4.652778E-2,4.397591E-3
4.687500E-2,4.391845E-3
4.722222E-2,4.386100E-3
4.756944E-2,4.380355E-3
4.791667E-2,4.374610E-3
4.826389E-2,4.368865E-3
4.861111E-2,4.363120E-3
4.895833E-2,4.357375E-3
4.930556E-2,4.351630E-3
4.965278E-2,4.345884E-3
5.000000E-2,4.340139E-3
5.034722E-2,4.334394E-3
5.069444E-2,4.328649E-3
5.104167E-2,4.322904E-3
5.138889E-2,4.317159E-3
5.173611E-2,4.311825E-3
5.208333E-2,4.307738E-3
5.243056E-2,4.303651E-3
5.277778E-2,4.299563E-3
5.312500E-2,4.295476E-3
5.347222E-2,4.291389E-3
5.381944E-2,4.287302E-3
5.416667E-2,4.283214E-3
5.451389E-2,4.279127E-3
5.486111E-2,4.275040E-3
5.520833E-2,4.270953E-3
5.555556E-2,4.266865E-3
5.590278E-2,4.262778E-3
5.625000E-2,4.258691E-3
5.659722E-2,4.254603E-3
5.694444E-2,4.250516E-3
5.729167E-2,4.246429E-3
5.763889E-2,4.242342E-3
5.798611E-2,4.238254E-3
5.833333E-2,4.234167E-3
5.868056E-2,4.230080E-3
5.902778E-2,4.225993E-3
5.937500E-2,4.221905E-3
5.972222E-2,4.217818E-3
6.006944E-2,4.213731E-3
6.041667E-2,4.209644E-3
6.076389E-2,4.205556E-3
6.111111E-2,4.201469E-3
6.145833E-2,4.197382E-3
6.180556E-2,4.193295E-3
6.215278E-2,4.189207E-3
6.250000E-2,4.185120E-3
6.284722E-2,4.181033E-3
6.319444E-2,4.176945E-3
6.354167E-2,4.172858E-3
6.388889E-2,4.168771E-3
6.423611E-2,4.164684E-3
6.458333E-2,4.161452E-3
6.493056E-2,4.158329E-3
6.527778E-2,4.155207E-3
6.562500E-2,4.152085E-3
6.597222E-2,4.148962E-3
6.631944E-2,4.145840E-3
6.666667E-2,4.142718E-3
6.701389E-2,4.139595E-3
6.736111E-2,4.136473E-3
6.770833E-2,4.133351E-3
6.805556E-2,4.130228E-3
6.840278E-2,4.127106E-3
6.875000E-2,4.123984E-3
6.909722E-2,4.120861E-3
6.944444E-2,4.117739E-3
6.979167E-2,4.114616E-3
7.013889E-2,4.111494E-3
7.048611E-2,4.108372E-3
7.083333E-2,4.105249E-3
7.118056E-2,4.102127E-3
7.152778E-2,4.099005E-3
7.187500E-2,4.095882E-3
7.222222E-2,4.092760E-3
7.256944E-2,4.089638E-3
7.291667E-2,4.086515E-3
7.326389E-2,4.083393E-3
7.361111E-2,4.080424E-3
7.395833E-2,4.077648E-3
7.430556E-2,4.074873E-3
7.465278E-2,4.072097E-3
7.500000E-2,4.069322E-3
7.534722E-2,4.066547E-3
7.569444E-2,4.063771E-3
7.604167E-2,4.060996E-3
7.638889E-2,4.058220E-3
7.673611E-2,4.055445E-3
7.708333E-2,4.052670E-3
7.743056E-2,4.049894E-3
7.777778E-2,4.047119E-3
7.812500E-2,4.044343E-3
7.847222E-2,4.041568E-3
7.881944E-2,4.038792E-3
7.916667E-2,4.036017E-3
7.951389E-2,4.033242E-3
7.986111E-2,4.030466E-3
8.020833E-2,4.027691E-3
8.055556E-2,4.024915E-3
8.090278E-2,4.022140E-3
8.125000E-2,4.019364E-3
8.159722E-2,4.016589E-3
8.194444E-2,4.013814E-3
8.229167E-2,4.011038E-3
8.263889E-2,4.008263E-3
8.298611E-2,4.005487E-3
8.333333E-2,4.002712E-3
8.368056E-2,3.999936E-3
8.402778E-2,3.998073E-3
8.437500E-2,3.996615E-3
8.472222E-2,3.995158E-3
8.506944E-2,3.993701E-3
8.541667E-2,3.992244E-3
8.576389E-2,3.990787E-3
8.611111E-2,3.989330E-3
8.645833E-2,3.987873E-3
8.680556E-2,3.986415E-3
8.715278E-2,3.984958E-3
8.750000E-2,3.983501E-3
8.784722E-2,3.982044E-3
8.819444E-2,3.980587E-3
8.854167E-2,3.979130E-3
8.888889E-2,3.977673E-3
8.923611E-2,3.976216E-3
8.958333E-2,3.974758E-3
8.993056E-2,3.973301E-3
9.027778E-2,3.971844E-3
9.062500E-2,3.970387E-3
9.097222E-2,3.968930E-3
9.131944E-2,3.967473E-3
9.166667E-2,3.966016E-3
9.201389E-2,3.964559E-3
9.236111E-2,3.963101E-3
9.270833E-2,3.961644E-3
9.305556E-2,3.960187E-3
9.340278E-2,3.958730E-3
9.375000E-2,3.957273E-3
9.409722E-2,3.955816E-3
9.444444E-2,3.954359E-3
9.479167E-2,3.952902E-3
9.513889E-2,3.951444E-3
9.548611E-2,3.949987E-3
9.583333E-2,3.948530E-3
9.618056E-2,3.947073E-3
9.652778E-2,3.945616E-3
9.687500E-2,3.944159E-3
9.722222E-2,3.942702E-3
9.756944E-2,3.941244E-3
9.791667E-2,3.939745E-3
9.826389E-2,3.938246E-3
9.861111E-2,3.936748E-3
9.895833E-2,3.935249E-3
9.930556E-2,3.933750E-3
9.965278E-2,3.932252E-3
1.000000E-1,3.930753E-3
1.003472E-1,3.929254E-3
1.006944E-1,3.927756E-3
1.010417E-1,3.926257E-3
1.013889E-1,3.924759E-3
1.017361E-1,3.923260E-3
1.020833E-1,3.921761E-3
1.024306E-1,3.920263E-3
1.027778E-1,3.918764E-3
1.031250E-1,3.917265E-3
1.034722E-1,3.915767E-3
1.038194E-1,3.914268E-3
1.041667E-1,3.912769E-3
1.045139E-1,3.911271E-3
1.048611E-1,3.909772E-3
1.052083E-1,3.908273E-3
1.055556E-1,3.906775E-3
1.059028E-1,3.905276E-3
1.062500E-1,3.903778E-3
1.065972E-1,3.902279E-3
1.069444E-1,3.900780E-3
1.072917E-1,3.899282E-3
1.076389E-1,3.897783E-3
1.079861E-1,3.896284E-3
1.083333E-1,3.894786E-3
1.086806E-1,3.893287E-3
1.090278E-1,3.891788E-3
1.093750E-1,3.891136E-3
1.097222E-1,3.890511E-3
1.100694E-1,3.889887E-3
1.104167E-1,3.889262E-3
1.107639E-1,3.888638E-3
1.111111E-1,3.888013E-3
1.114583E-1,3.887389E-3
1.118056E-1,3.886764E-3
1.121528E-1,3.886140E-3
1.125000E-1,3.885516E-3
1.128472E-1,3.884891E-3
1.131944E-1,3.884267E-3
1.135417E-1,3.883642E-3
1.138889E-1,3.883018E-3
1.142361E-1,3.882393E-3
1.145833E-1,3.881769E-3
1.149306E-1,3.881144E-3
1.152778E-1,3.880520E-3
1.156250E-1,3.879895E-3
1.159722E-1,3.879271E-3
1.163194E-1,3.878647E-3
1.166667E-1,3.878022E-3
1.170139E-1,3.877398E-3
1.173611E-1,3.876773E-3
1.177083E-1,3.876149E-3
1.180556E-1,3.875524E-3
1.184028E-1,3.874900E-3
1.187500E-1,3.874275E-3
1.190972E-1,3.873651E-3
1.194444E-1,3.873026E-3
1.197917E-1,3.872402E-3
1.201389E-1,3.871777E-3
1.204861E-1,3.871153E-3
1.208333E-1,3.870529E-3
1.211806E-1,3.869904E-3
1.215278E-1,3.869280E-3
1.218750E-1,3.868655E-3
1.222222E-1,3.868031E-3
1.225694E-1,3.867406E-3
1.229167E-1,3.866845E-3
1.232639E-1,3.866428E-3
1.236111E-1,3.866012E-3
1.239583E-1,3.865596E-3
1.243056E-1,3.865180E-3
1.246528E-1,3.864763E-3
1.250000E-1,3.864347E-3
1.253472E-1,3.863931E-3
1.256944E-1,3.863515E-3
1.260417E-1,3.863099E-3
1.263889E-1,3.862682E-3
1.267361E-1,3.862266E-3
1.270833E-1,3.861850E-3
1.274306E-1,3.861434E-3
1.277778E-1,3.861017E-3
1.281250E-1,3.860601E-3
1.284722E-1,3.860185E-3
1.288194E-1,3.859769E-3
1.291667E-1,3.859353E-3
1.295139E-1,3.858936E-3
1.298611E-1,3.858520E-3
1.302083E-1,3.858104E-3
1.305556E-1,3.857688E-3
1.309028E-1,3.857271E-3
1.312500E-1,3.856855E-3
1.315972E-1,3.856439E-3
1.319444E-1,3.856023E-3
1.322917E-1,3.855607E-3
1.326389E-1,3.855190E-3
1.329861E-1,3.854774E-3
1.333333E-1,3.854358E-3
1.336806E-1,3.853942E-3
1.340278E-1,3.853525E-3
1.343750E-1,3.853109E-3
1.347222E-1,3.852693E-3
1.350694E-1,3.852277E-3
1.354167E-1,3.851861E-3
1.357639E-1,3.851444E-3
1.361111E-1,3.851028E-3
1.364583E-1,3.850612E-3
1.368056E-1,3.850248E-3
1.371528E-1,3.849915E-3
1.375000E-1,3.849582E-3
1.378472E-1,3.849249E-3
1.381944E-1,3.848916E-3
1.385417E-1,3.848583E-3
1.388889E-1,3.848249E-3
1.392361E-1,3.847916E-3
1.395833E-1,3.847583E-3
1.399306E-1,3.847250E-3
1.402778E-1,3.846917E-3
1.406250E-1,3.846584E-3
1.409722E-1,3.846250E-3
1.413194E-1,3.845917E-3
1.416667E-1,3.845584E-3
1.420139E-1,3.845251E-3
1.423611E-1,3.844918E-3
1.427083E-1,3.844585E-3
1.430556E-1,3.844251E-3
1.434028E-1,3.843918E-3
1.437500E-1,3.843585E-3
1.440972E-1,3.843252E-3
1.444444E-1,3.842919E-3
1.447917E-1,3.842586E-3
1.451389E-1,3.842252E-3
1.454861E-1,3.841919E-3
1.458333E-1,3.841586E-3
1.461806E-1,3.841253E-3
1.465278E-1,3.840920E-3
1.468750E-1,3.840587E-3
1.472222E-1,3.840253E-3
1.475694E-1,3.839920E-3
1.479167E-1,3.839587E-3
1.482639E-1,3.839254E-3
1.486111E-1,3.838921E-3
1.489583E-1,3.838588E-3
1.493056E-1,3.838254E-3
1.496528E-1,3.837921E-3
1.500000E-1,3.837588E-3
1.503472E-1,3.837255E-3
1.506944E-1,3.836922E-3
1.510417E-1,3.836589E-3
1.513889E-1,3.836255E-3
1.517361E-1,3.835922E-3
1.520833E-1,3.835589E-3
1.524306E-1,3.835256E-3
1.527778E-1,3.834923E-3
1.531250E-1,3.834590E-3
1.534722E-1,3.834256E-3
1.538194E-1,3.833948E-3
1.541667E-1,3.834115E-3
1.545139E-1,3.834282E-3
1.548611E-1,3.834448E-3
1.552083E-1,3.834615E-3
1.555556E-1,3.834781E-3
1.559028E-1,3.834948E-3
1.562500E-1,3.835114E-3
1.565972E-1,3.835281E-3
1.569444E-1,3.835448E-3
1.572917E-1,3.835614E-3
1.576389E-1,3.835781E-3
1.579861E-1,3.835947E-3
1.583333E-1,3.836114E-3
1.586806E-1,3.836281E-3
1.590278E-1,3.836447E-3
1.593750E-1,3.836614E-3
1.597222E-1,3.836780E-3
1.600694E-1,3.836947E-3
1.604167E-1,3.837113E-3
1.607639E-1,3.837280E-3
1.611111E-1,3.837447E-3
1.614583E-1,3.837613E-3
1.618056E-1,3.837780E-3
1.621528E-1,3.837946E-3
1.625000E-1,3.838113E-3
1.628472E-1,3.838280E-3
1.631944E-1,3.838446E-3
1.635417E-1,3.838613E-3
1.638889E-1,3.838779E-3
1.642361E-1,3.838946E-3
1.645833E-1,3.839112E-3
1.649306E-1,3.839279E-3
1.652778E-1,3.839446E-3
1.656250E-1,3.839612E-3
1.659722E-1,3.839779E-3
1.663194E-1,3.839945E-3
1.666667E-1,3.840112E-3
1.670139E-1,3.840279E-3
1.673611E-1,3.840445E-3
1.677083E-1,3.840612E-3
1.680556E-1,3.840778E-3
1.684028E-1,3.840945E-3
1.687500E-1,3.841111E-3
1.690972E-1,3.841278E-3
1.694444E-1,3.841445E-3
1.697917E-1,3.841611E-3
1.701389E-1,3.841778E-3
1.704861E-1,3.841944E-3
1.708333E-1,3.842111E-3
1.711806E-1,3.842071E-3
1.715278E-1,3.841793E-3
1.718750E-1,3.841516E-3
1.722222E-1,3.841238E-3
1.725694E-1,3.840961E-3
1.729167E-1,3.840684E-3
1.732639E-1,3.840406E-3
1.736111E-1,3.840129E-3
1.739583E-1,3.839851E-3
1.743056E-1,3.839574E-3
1.746528E-1,3.839296E-3
1.750000E-1,3.839019E-3
1.753472E-1,3.838741E-3
1.756944E-1,3.838464E-3
1.760417E-1,3.838186E-3
1.763889E-1,3.837909E-3
1.767361E-1,3.837631E-3
1.770833E-1,3.837354E-3
1.774306E-1,3.837076E-3
1.777778E-1,3.836799E-3
1.781250E-1,3.836521E-3
1.784722E-1,3.836244E-3
1.788194E-1,3.835966E-3
1.791667E-1,3.835689E-3
1.795139E-1,3.835411E-3
1.798611E-1,3.835134E-3
1.802083E-1,3.834857E-3
1.805556E-1,3.834579E-3
1.809028E-1,3.834302E-3
1.812500E-1,3.834024E-3
1.815972E-1,3.833747E-3
1.819444E-1,3.833469E-3
1.822917E-1,3.833192E-3
1.826389E-1,3.832914E-3
1.829861E-1,3.832637E-3
1.833333E-1,3.832359E-3
1.836806E-1,3.832082E-3
1.840278E-1,3.831804E-3
1.843750E-1,3.831527E-3
1.847222E-1,3.831249E-3
1.850694E-1,3.830972E-3
1.854167E-1,3.830694E-3
1.857639E-1,3.830417E-3
1.861111E-1,3.830139E-3
1.864583E-1,3.829862E-3
1.868056E-1,3.829585E-3
1.871528E-1,3.829307E-3
1.875000E-1,3.829030E-3
1.878472E-1,3.828752E-3
1.881944E-1,3.828475E-3
1.885417E-1,3.828197E-3
1.888889E-1,3.827920E-3
1.892361E-1,3.827642E-3
1.895833E-1,3.827365E-3
1.899306E-1,3.827087E-3
1.902778E-1,3.826810E-3
1.906250E-1,3.826532E-3
1.909722E-1,3.826255E-3
1.913194E-1,3.825977E-3
1.916667E-1,3.825700E-3
1.920139E-1,3.825850E-3
1.923611E-1,3.826017E-3
1.927083E-1,3.826183E-3
1.930556E-1,3.826350E-3
1.934028E-1,3.826516E-3
1.937500E-1,3.826682E-3
1.940972E-1,3.826849E-3
1.944444E-1,3.827015E-3
1.947917E-1,3.827182E-3
1.951389E-1,3.827348E-3
1.954861E-1,3.827514E-3
1.958333E-1,3.827681E-3
1.961806E-1,3.827847E-3
1.965278E-1,3.828014E-3
1.968750E-1,3.828180E-3
1.972222E-1,3.828346E-3
1.975694E-1,3.828513E-3
1.979167E-1,3.828679E-3
1.982639E-1,3.828846E-3
1.986111E-1,3.829012E-3
1.989583E-1,3.829178E-3
1.993056E-1,3.829345E-3
1.996528E-1,3.829511E-3
2.000000E-1,3.829677E-3
2.003472E-1,3.829844E-3
2.006944E-1,3.830010E-3
2.010417E-1,3.830177E-3
2.013889E-1,3.830343E-3
2.017361E-1,3.830509E-3
2.020833E-1,3.830676E-3
2.024306E-1,3.830842E-3
2.027778E-1,3.831009E-3
2.031250E-1,3.831175E-3
2.034722E-1,3.831341E-3
2.038194E-1,3.831508E-3
2.041667E-1,3.831674E-3
2.045139E-1,3.831841E-3
2.048611E-1,3.832007E-3
2.052083E-1,3.832173E-3
2.055556E-1,3.832340E-3
2.059028E-1,3.832506E-3
2.062500E-1,3.832673E-3
2.065972E-1,3.832839E-3
2.069444E-1,3.833005E-3
2.072917E-1,3.833172E-3
2.076389E-1,3.833338E-3
2.079861E-1,3.833504E-3
2.083333E-1,3.833671E-3
2.086806E-1,3.833837E-3
2.090278E-1,3.833821E-3
2.093750E-1,3.833508E-3
2.097222E-1,3.833196E-3
2.100694E-1,3.832884E-3
2.104167E-1,3.832572E-3
2.107639E-1,3.832260E-3
2.111111E-1,3.831948E-3
2.114583E-1,3.831636E-3
2.118056E-1,3.831323E-3
2.121528E-1,3.831011E-3
2.125000E-1,3.830699E-3
2.128472E-1,3.830387E-3
2.131944E-1,3.830075E-3
2.135417E-1,3.829763E-3
2.138889E-1,3.829451E-3
2.142361E-1,3.829138E-3
2.145833E-1,3.828826E-3
2.149306E-1,3.828514E-3
2.152778E-1,3.828202E-3
2.156250E-1,3.827890E-3
2.159722E-1,3.827578E-3
2.163194E-1,3.827265E-3
2.166667E-1,3.826953E-3
2.170139E-1,3.826641E-3
2.173611E-1,3.826329E-3
2.177083E-1,3.826017E-3
2.180556E-1,3.825705E-3
2.184028E-1,3.825393E-3
2.187500E-1,3.825080E-3
2.190972E-1,3.824768E-3
2.194444E-1,3.824456E-3
2.197917E-1,3.824144E-3
2.201389E-1,3.823832E-3
2.204861E-1,3.823520E-3
2.208333E-1,3.823208E-3
2.211806E-1,3.822895E-3
2.215278E-1,3.822583E-3
2.218750E-1,3.822271E-3
2.222222E-1,3.821959E-3
2.225694E-1,3.821647E-3
2.229167E-1,3.821335E-3
2.232639E-1,3.821022E-3
2.236111E-1,3.820710E-3
2.239583E-1,3.820398E-3
2.243056E-1,3.820086E-3
2.246528E-1,3.819774E-3
2.250000E-1,3.819462E-3
2.253472E-1,3.819150E-3
2.256944E-1,3.818837E-3
2.260417E-1,3.818525E-3
2.263889E-1,3.818213E-3
2.267361E-1,3.817901E-3
2.270833E-1,3.817589E-3
2.274306E-1,3.817348E-3
2.277778E-1,3.817182E-3
2.281250E-1,3.817015E-3
2.284722E-1,3.816848E-3
2.288194E-1,3.816682E-3
2.291667E-1,3.816515E-3
2.295139E-1,3.816349E-3
2.298611E-1,3.816182E-3
2.302083E-1,3.816015E-3
2.305556E-1,3.815849E-3
2.309028E-1,3.815682E-3
2.312500E-1,3.815516E-3
2.315972E-1,3.815349E-3
2.319444E-1,3.815182E-3
2.322917E-1,3.815016E-3
2.326389E-1,3.814849E-3
2.329861E-1,3.814683E-3
2.333333E-1,3.814516E-3
2.336806E-1,3.814350E-3
2.340278E-1,3.814183E-3
2.343750E-1,3.814016E-3
2.347222E-1,3.813850E-3
2.350694E-1,3.813683E-3
2.354167E-1,3.813517E-3
2.357639E-1,3.813350E-3
2.361111E-1,3.813183E-3
2.364583E-1,3.813017E-3
2.368056E-1,3.812850E-3
2.371528E-1,3.812684E-3
2.375000E-1,3.812517E-3
2.378472E-1,3.812350E-3
2.381944E-1,3.812184E-3
2.385417E-1,3.812017E-3
2.388889E-1,3.811851E-3
2.392361E-1,3.811684E-3
2.395833E-1,3.811517E-3
2.399306E-1,3.811351E-3
2.402778E-1,3.811184E-3
2.406250E-1,3.811018E-3
2.409722E-1,3.810851E-3
2.413194E-1,3.810684E-3
2.416667E-1,3.810518E-3
2.420139E-1,3.810351E-3
2.423611E-1,3.810185E-3
2.427083E-1,3.810018E-3
2.430556E-1,3.809852E-3
2.434028E-1,3.809685E-3
2.437500E-1,3.809518E-3
2.440972E-1,3.809352E-3
2.444444E-1,3.809185E-3
2.447917E-1,3.808867E-3
2.451389E-1,3.808534E-3
2.454861E-1,3.808201E-3
2.458333E-1,3.807868E-3
2.461806E-1,3.807535E-3
2.465278E-1,3.807202E-3
2.468750E-1,3.806870E-3
2.472222E-1,3.806537E-3
2.475694E-1,3.806204E-3
2.479167E-1,3.805871E-3
2.482639E-1,3.805538E-3
2.486111E-1,3.805205E-3
2.489583E-1,3.804872E-3
2.493056E-1,3.804539E-3
2.496528E-1,3.804206E-3
2.500000E-1,3.803873E-3
2.503472E-1,3.803540E-3
2.506944E-1,3.803207E-3
2.510417E-1,3.802874E-3
2.513889E-1,3.802541E-3
2.517361E-1,3.802208E-3
2.520833E-1,3.801875E-3
2.524306E-1,3.801542E-3
2.527778E-1,3.801209E-3
2.531250E-1,3.800876E-3
2.534722E-1,3.800543E-3
2.538194E-1,3.800210E-3
2.541667E-1,3.799877E-3
2.545139E-1,3.799544E-3
2.548611E-1,3.799211E-3
2.552083E-1,3.798878E-3
2.555556E-1,3.798545E-3
2.559028E-1,3.798212E-3
2.562500E-1,3.797879E-3
2.565972E-1,3.797547E-3
2.569444E-1,3.797214E-3
2.572917E-1,3.796881E-3
2.576389E-1,3.796548E-3
2.579861E-1,3.796215E-3
2.583333E-1,3.795882E-3
2.586806E-1,3.795549E-3
2.590278E-1,3.795216E-3
2.593750E-1,3.794883E-3
2.597222E-1,3.794550E-3
2.600694E-1,3.794217E-3
2.604167E-1,3.793884E-3
2.607639E-1,3.793551E-3
2.611111E-1,3.793218E-3
2.614583E-1,3.792885E-3
2.618056E-1,3.792498E-3
2.621528E-1,3.791999E-3
2.625000E-1,3.791499E-3
2.628472E-1,3.790999E-3
2.631944E-1,3.790500E-3
2.635417E-1,3.790000E-3
2.638889E-1,3.789501E-3
2.642361E-1,3.789001E-3
2.645833E-1,3.788502E-3
2.649306E-1,3.788002E-3
2.652778E-1,3.787503E-3
2.656250E-1,3.787003E-3
2.659722E-1,3.786504E-3
2.663194E-1,3.786004E-3
2.666667E-1,3.785504E-3
2.670139E-1,3.785005E-3
2.673611E-1,3.784505E-3
2.677083E-1,3.784006E-3
2.680556E-1,3.783506E-3
2.684028E-1,3.783007E-3
2.687500E-1,3.782507E-3
2.690972E-1,3.782008E-3
2.694444E-1,3.781508E-3
2.697917E-1,3.781008E-3
2.701389E-1,3.780509E-3
2.704861E-1,3.780009E-3
2.708333E-1,3.779510E-3
2.711806E-1,3.779010E-3
2.715278E-1,3.778511E-3
2.718750E-1,3.778011E-3
2.722222E-1,3.777512E-3
2.725694E-1,3.777012E-3
2.729167E-1,3.776513E-3
2.732639E-1,3.776013E-3
2.736111E-1,3.775513E-3
2.739583E-1,3.775014E-3
2.743056E-1,3.774514E-3
2.746528E-1,3.774015E-3
2.750000E-1,3.773515E-3
2.753472E-1,3.773016E-3
2.756944E-1,3.772516E-3
2.760417E-1,3.772017E-3
2.763889E-1,3.771517E-3
2.767361E-1,3.771018E-3
2.770833E-1,3.770518E-3
2.774306E-1,3.770018E-3
2.777778E-1,3.769519E-3
2.781250E-1,3.769019E-3
2.784722E-1,3.768520E-3
2.788194E-1,3.768020E-3
2.791667E-1,3.767494E-3
2.795139E-1,3.766959E-3
2.798611E-1,3.766424E-3
2.802083E-1,3.765889E-3
2.805556E-1,3.765353E-3
2.809028E-1,3.764818E-3
2.812500E-1,3.764283E-3
2.815972E-1,3.763747E-3
2.819444E-1,3.763212E-3
2.822917E-1,3.762677E-3
2.826389E-1,3.762142E-3
2.829861E-1,3.761606E-3
2.833333E-1,3.761071E-3
2.836806E-1,3.760536E-3
2.840278E-1,3.760001E-3
2.843750E-1,3.759465E-3
2.847222E-1,3.758930E-3
2.850694E-1,3.758395E-3
2.854167E-1,3.757859E-3
2.857639E-1,3.757324E-3
2.861111E-1,3.756789E-3
2.864583E-1,3.756254E-3
2.868056E-1,3.755718E-3
2.871528E-1,3.755183E-3
2.875000E-1,3.754648E-3
2.878472E-1,3.754113E-3
2.881944E-1,3.753577E-3
2.885417E-1,3.753042E-3
2.888889E-1,3.752507E-3
2.892361E-1,3.751972E-3
2.895833E-1,3.751436E-3
2.899306E-1,3.750901E-3
2.902778E-1,3.750366E-3
2.906250E-1,3.749830E-3
2.909722E-1,3.749295E-3
2.913194E-1,3.748760E-3
2.916667E-1,3.748225E-3
2.920139E-1,3.747689E-3
2.923611E-1,3.747154E-3
2.927083E-1,3.746619E-3
2.930556E-1,3.746084E-3
2.934028E-1,3.745548E-3
2.937500E-1,3.745013E-3
2.940972E-1,3.744478E-3
2.944444E-1,3.743943E-3
2.947917E-1,3.743407E-3
2.951389E-1,3.742848E-3
2.954861E-1,3.742260E-3
2.958333E-1,3.741672E-3
2.961806E-1,3.741084E-3
2.965278E-1,3.740497E-3
2.968750E-1,3.739909E-3
2.972222E-1,3.739321E-3
2.975694E-1,3.738733E-3
2.979167E-1,3.738146E-3
2.982639E-1,3.737558E-3
2.986111E-1,3.736970E-3
2.989583E-1,3.736382E-3
2.993056E-1,3.735795E-3
2.996528E-1,3.735207E-3
3.000000E-1,3.734619E-3
3.003472E-1,3.734031E-3
3.006944E-1,3.733444E-3
3.010417E-1,3.732856E-3
3.013889E-1,3.732268E-3
3.017361E-1,3.731680E-3
3.020833E-1,3.731093E-3
3.024306E-1,3.730505E-3
3.027778E-1,3.729917E-3
3.031250E-1,3.729329E-3
3.034722E-1,3.728742E-3
3.038194E-1,3.728154E-3
3.041667E-1,3.727566E-3
3.045139E-1,3.726978E-3
3.048611E-1,3.726391E-3
3.052083E-1,3.725803E-3
3.055556E-1,3.725215E-3
3.059028E-1,3.724627E-3
3.062500E-1,3.724040E-3
3.065972E-1,3.723452E-3
3.069444E-1,3.722864E-3
3.072917E-1,3.722276E-3
3.076389E-1,3.721689E-3
3.079861E-1,3.721101E-3
3.083333E-1,3.720513E-3
3.086806E-1,3.719925E-3
3.090278E-1,3.719338E-3
3.093750E-1,3.718750E-3
3.097222E-1,3.718162E-3
3.100694E-1,3.717574E-3
3.104167E-1,3.716987E-3
3.107639E-1,3.716399E-3
3.111111E-1,3.715811E-3
3.114583E-1,3.715223E-3
3.118056E-1,3.714636E-3
3.121528E-1,3.714048E-3
3.125000E-1,3.713460E-3
3.128472E-1,3.712872E-3
3.131944E-1,3.712285E-3
3.135417E-1,3.711697E-3
3.138889E-1,3.711109E-3
3.142361E-1,3.710521E-3
3.145833E-1,3.709942E-3
3.149306E-1,3.709387E-3
3.152778E-1,3.708832E-3
3.156250E-1,3.708277E-3
3.159722E-1,3.707722E-3
3.163194E-1,3.707167E-3
3.166667E-1,3.706612E-3
3.170139E-1,3.706057E-3
3.173611E-1,3.705501E-3
3.177083E-1,3.704946E-3
3.180556E-1,3.704391E-3
3.184028E-1,3.703836E-3
3.187500E-1,3.703281E-3
3.190972E-1,3.702726E-3
3.194444E-1,3.702171E-3
3.197917E-1,3.701616E-3
3.201389E-1,3.701060E-3
3.204861E-1,3.700505E-3
3.208333E-1,3.699950E-3
3.211806E-1,3.699395E-3
3.215278E-1,3.698840E-3
3.218750E-1,3.698285E-3
3.222222E-1,3.697730E-3
3.225694E-1,3.697175E-3
3.229167E-1,3.696620E-3
3.232639E-1,3.696064E-3
3.236111E-1,3.695509E-3
3.239583E-1,3.694954E-3
3.243056E-1,3.694399E-3
3.246528E-1,3.693844E-3
3.250000E-1,3.693289E-3
3.253472E-1,3.692734E-3
3.256944E-1,3.692179E-3
3.260417E-1,3.691623E-3
3.263889E-1,3.691068E-3
3.267361E-1,3.690513E-3
3.270833E-1,3.689958E-3
3.274306E-1,3.689403E-3
3.277778E-1,3.688848E-3
3.281250E-1,3.688293E-3
3.284722E-1,3.687738E-3
3.288194E-1,3.687183E-3
3.291667E-1,3.686627E-3
3.295139E-1,3.686072E-3
3.298611E-1,3.685517E-3
3.302083E-1,3.684962E-3
3.305556E-1,3.684407E-3
3.309028E-1,3.683852E-3
3.312500E-1,3.683297E-3
3.315972E-1,3.682742E-3
3.319444E-1,3.682186E-3
3.322917E-1,3.681631E-3
3.326389E-1,3.681076E-3
3.329861E-1,3.680521E-3
3.333333E-1,3.679966E-3
3.336806E-1,3.679411E-3
3.340278E-1,3.678856E-3
3.343750E-1,3.678301E-3
3.347222E-1,3.677746E-3
3.350694E-1,3.677190E-3
3.354167E-1,3.676525E-3
3.357639E-1,3.675826E-3
3.361111E-1,3.675126E-3
3.364583E-1,3.674427E-3
3.368056E-1,3.673728E-3
3.371528E-1,3.673028E-3
3.375000E-1,3.672329E-3
3.378472E-1,3.671630E-3
3.381944E-1,3.670930E-3
3.385417E-1,3.670231E-3
3.388889E-1,3.669532E-3
3.392361E-1,3.668833E-3
3.395833E-1,3.668133E-3
3.399306E-1,3.667434E-3
3.402778E-1,3.666735E-3
3.406250E-1,3.666035E-3
3.409722E-1,3.665336E-3
3.413194E-1,3.664637E-3
3.416667E-1,3.663937E-3
3.420139E-1,3.663238E-3
3.423611E-1,3.662539E-3
3.427083E-1,3.661839E-3
3.430556E-1,3.661140E-3
3.434028E-1,3.660441E-3
3.437500E-1,3.659742E-3
3.440972E-1,3.659042E-3
3.444444E-1,3.658343E-3
3.447917E-1,3.657644E-3
3.451389E-1,3.656944E-3
3.454861E-1,3.656245E-3
3.458333E-1,3.655546E-3
3.461806E-1,3.654846E-3
3.465278E-1,3.654147E-3
3.468750E-1,3.653448E-3
3.472222E-1,3.652748E-3
3.475694E-1,3.652049E-3
3.479167E-1,3.651350E-3
3.482639E-1,3.650651E-3
3.486111E-1,3.649951E-3
3.489583E-1,3.649252E-3
3.493056E-1,3.648553E-3
3.496528E-1,3.647853E-3
3.500000E-1,3.647154E-3
3.503472E-1,3.646455E-3
3.506944E-1,3.645755E-3
3.510417E-1,3.645056E-3
3.513889E-1,3.644357E-3
3.517361E-1,3.643657E-3
3.520833E-1,3.642958E-3
3.524306E-1,3.642259E-3
3.527778E-1,3.641559E-3
3.531250E-1,3.640860E-3
3.534722E-1,3.640161E-3
3.538194E-1,3.639462E-3
3.541667E-1,3.638762E-3
3.545139E-1,3.638063E-3
3.548611E-1,3.637364E-3
3.552083E-1,3.636664E-3
3.555556E-1,3.635965E-3
3.559028E-1,3.635266E-3
3.562500E-1,3.634566E-3
3.565972E-1,3.633867E-3
3.569444E-1,3.633168E-3
3.572917E-1,3.632468E-3
3.576389E-1,3.631769E-3
3.579861E-1,3.631070E-3
3.583333E-1,3.630371E-3
3.586806E-1,3.629671E-3
3.590278E-1,3.628972E-3
3.593750E-1,3.628273E-3
3.597222E-1,3.627573E-3
3.600694E-1,3.626874E-3
3.604167E-1,3.626175E-3
3.607639E-1,3.625475E-3
3.611111E-1,3.624776E-3
3.614583E-1,3.624077E-3
3.618056E-1,3.623377E-3
3.621528E-1,3.622678E-3
3.625000E-1,3.621979E-3
3.628472E-1,3.621280E-3
3.631944E-1,3.620580E-3
3.635417E-1,3.619881E-3
3.638889E-1,3.619247E-3
3.642361E-1,3.619069E-3
3.645833E-1,3.618890E-3
3.649306E-1,3.618712E-3
3.652778E-1,3.618534E-3
3.656250E-1,3.618355E-3
3.659722E-1,3.618177E-3
3.663194E-1,3.617998E-3
3.666667E-1,3.617820E-3
3.670139E-1,3.617641E-3
3.673611E-1,3.617463E-3
3.677083E-1,3.617284E-3
3.680556E-1,3.617106E-3
3.684028E-1,3.616927E-3
3.687500E-1,3.616749E-3
3.690972E-1,3.616570E-3
3.694444E-1,3.616392E-3
3.697917E-1,3.616213E-3
3.701389E-1,3.616035E-3
3.704861E-1,3.615856E-3
3.708333E-1,3.615678E-3
3.711806E-1,3.615499E-3
3.715278E-1,3.615321E-3
3.718750E-1,3.615142E-3
3.722222E-1,3.614964E-3
3.725694E-1,3.614785E-3
3.729167E-1,3.614607E-3
3.732639E-1,3.614428E-3
3.736111E-1,3.614250E-3
3.739583E-1,3.614071E-3
3.743056E-1,3.613893E-3
3.746528E-1,3.613714E-3
3.750000E-1,3.613536E-3
3.753472E-1,3.613357E-3
3.756944E-1,3.613179E-3
3.760417E-1,3.613001E-3
3.763889E-1,3.612822E-3
3.767361E-1,3.612644E-3
3.770833E-1,3.612465E-3
3.774306E-1,3.612287E-3
3.777778E-1,3.612108E-3
3.781250E-1,3.611930E-3
3.784722E-1,3.611751E-3
3.788194E-1,3.611573E-3
3.791667E-1,3.611394E-3
3.795139E-1,3.611216E-3
3.798611E-1,3.611037E-3
3.802083E-1,3.610375E-3
3.805556E-1,3.609625E-3
3.809028E-1,3.608876E-3
3.812500E-1,3.608127E-3
3.815972E-1,3.607378E-3
3.819444E-1,3.606628E-3
3.822917E-1,3.605879E-3
3.826389E-1,3.605130E-3
3.829861E-1,3.604380E-3
3.833333E-1,3.603631E-3
3.836806E-1,3.602882E-3
3.840278E-1,3.602132E-3
3.843750E-1,3.601383E-3
3.847222E-1,3.600634E-3
3.850694E-1,3.599884E-3
3.854167E-1,3.599135E-3
3.857639E-1,3.598386E-3
3.861111E-1,3.597636E-3
3.864583E-1,3.596887E-3
3.868056E-1,3.596138E-3
3.871528E-1,3.595388E-3
3.875000E-1,3.594639E-3
3.878472E-1,3.593890E-3
3.881944E-1,3.593140E-3
3.885417E-1,3.592391E-3
3.888889E-1,3.591642E-3
3.892361E-1,3.590893E-3
3.895833E-1,3.590143E-3
3.899306E-1,3.589394E-3
3.902778E-1,3.588645E-3
3.906250E-1,3.587895E-3
3.909722E-1,3.587146E-3
3.913194E-1,3.586397E-3
3.916667E-1,3.586240E-3
3.920139E-1,3.586240E-3
3.923611E-1,3.586240E-3
3.927083E-1,3.586240E-3
3.930556E-1,3.586240E-3
3.934028E-1,3.586240E-3
3.937500E-1,3.586240E-3
3.940972E-1,3.586240E-3
3.944444E-1,3.586240E-3
3.947917E-1,3.586240E-3
3.951389E-1,3.586240E-3
3.954861E-1,3.586240E-3
3.958333E-1,3.586240E-3
3.961806E-1,3.586240E-3
3.965278E-1,3.586240E-3
3.968750E-1,3.586240E-3
3.972222E-1,3.586240E-3
3.975694E-1,3.586240E-3
3.979167E-1,3.586240E-3
3.982639E-1,3.586240E-3
3.986111E-1,3.586240E-3
3.989583E-1,3.586240E-3
3.993056E-1,3.586240E-3
3.996528E-1,3.586240E-3
4.000000E-1,3.586240E-3
4.003472E-1,3.586240E-3
4.006944E-1,3.586240E-3
4.010417E-1,3.586240E-3
4.013889E-1,3.586240E-3
4.017361E-1,3.586240E-3
4.020833E-1,3.586240E-3
4.024306E-1,3.586240E-3
4.027778E-1,3.586240E-3
4.031250E-1,3.586240E-3
4.034722E-1,3.586240E-3
4.038194E-1,3.586240E-3
4.041667E-1,3.586240E-3
4.045139E-1,3.586240E-3
4.048611E-1,3.586240E-3
4.052083E-1,3.586240E-3
4.055556E-1,3.586240E-3
4.059028E-1,3.586240E-3
4.062500E-1,3.586240E-3
4.065972E-1,3.586240E-3
4.069444E-1,3.586240E-3
4.072917E-1,3.586240E-3
4.076389E-1,3.585920E-3
4.079861E-1,3.585296E-3
4.083333E-1,3.584671E-3
4.086806E-1,3.584047E-3
4.090278E-1,3.583422E-3
4.093750E-1,3.582798E-3
4.097222E-1,3.582173E-3
4.100694E-1,3.581549E-3
4.104167E-1,3.580924E-3
4.107639E-1,3.580300E-3
4.111111E-1,3.579675E-3
4.114583E-1,3.579051E-3
4.118056E-1,3.578427E-3
4.121528E-1,3.577802E-3
4.125000E-1,3.577178E-3
4.128472E-1,3.576553E-3
4.131944E-1,3.575929E-3
4.135417E-1,3.575304E-3
4.138889E-1,3.574680E-3
4.142361E-1,3.574055E-3
4.145833E-1,3.573431E-3
4.149306E-1,3.572806E-3
4.152778E-1,3.572182E-3
4.156250E-1,3.571557E-3
4.159722E-1,3.570933E-3
4.163194E-1,3.570309E-3
4.166667E-1,3.569684E-3
4.170139E-1,3.569060E-3
4.173611E-1,3.568435E-3
4.177083E-1,3.567811E-3
4.180556E-1,3.567186E-3
4.184028E-1,3.566562E-3
4.187500E-1,3.565937E-3
4.190972E-1,3.565313E-3
4.194444E-1,3.564688E-3
4.197917E-1,3.564064E-3
4.201389E-1,3.563439E-3
4.204861E-1,3.562815E-3
4.208333E-1,3.562191E-3
4.211806E-1,3.561566E-3
4.215278E-1,3.561278E-3
4.218750E-1,3.561051E-3
4.222222E-1,3.560823E-3
4.225694E-1,3.560596E-3
4.229167E-1,3.560369E-3
4.232639E-1,3.560142E-3
4.236111E-1,3.559915E-3
4.239583E-1,3.559688E-3
4.243056E-1,3.559460E-3
4.246528E-1,3.559233E-3
4.250000E-1,3.559006E-3
4.253472E-1,3.558779E-3
4.256944E-1,3.558552E-3
4.260417E-1,3.558325E-3
4.263889E-1,3.558097E-3
4.267361E-1,3.557870E-3
4.270833E-1,3.557643E-3
4.274306E-1,3.557416E-3
4.277778E-1,3.557189E-3
4.281250E-1,3.556962E-3
4.284722E-1,3.556734E-3
4.288194E-1,3.556507E-3
4.291667E-1,3.556280E-3
4.295139E-1,3.556053E-3
4.298611E-1,3.555826E-3
4.302083E-1,3.555598E-3
4.305556E-1,3.555371E-3
4.309028E-1,3.555144E-3
4.312500E-1,3.554917E-3
4.315972E-1,3.554690E-3
4.319444E-1,3.554463E-3
4.322917E-1,3.554235E-3
4.326389E-1,3.554008E-3
4.329861E-1,3.553781E-3
4.333333E-1,3.553554E-3
4.336806E-1,3.553327E-3
4.340278E-1,3.553297E-3
4.343750E-1,3.553475E-3
4.347222E-1,3.553654E-3
4.350694E-1,3.553832E-3
4.354167E-1,3.554011E-3
4.357639E-1,3.554189E-3
4.361111E-1,3.554368E-3
4.364583E-1,3.554546E-3
4.368056E-1,3.554725E-3
4.371528E-1,3.554903E-3
4.375000E-1,3.555082E-3
4.378472E-1,3.555260E-3
4.381944E-1,3.555439E-3
4.385417E-1,3.555617E-3
4.388889E-1,3.555796E-3
4.392361E-1,3.555974E-3
4.395833E-1,3.556152E-3
4.399306E-1,3.556331E-3
4.402778E-1,3.556509E-3
4.406250E-1,3.556688E-3
4.409722E-1,3.556866E-3
4.413194E-1,3.557045E-3
4.416667E-1,3.557223E-3
4.420139E-1,3.557402E-3
4.423611E-1,3.557580E-3
4.427083E-1,3.557759E-3
4.430556E-1,3.557937E-3
4.434028E-1,3.558116E-3
4.437500E-1,3.558294E-3
4.440972E-1,3.558473E-3
4.444444E-1,3.558651E-3
4.447917E-1,3.558830E-3
4.451389E-1,3.559008E-3
4.454861E-1,3.559187E-3
4.458333E-1,3.559365E-3
4.461806E-1,3.559544E-3
4.465278E-1,3.559722E-3
4.468750E-1,3.559901E-3
4.472222E-1,3.560079E-3
4.475694E-1,3.560258E-3
4.479167E-1,3.560436E-3
4.482639E-1,3.560615E-3
4.486111E-1,3.560793E-3
4.489583E-1,3.560972E-3
4.493056E-1,3.561150E-3
4.496528E-1,3.561329E-3
4.500000E-1,3.561440E-3
4.503472E-1,3.561293E-3
4.506944E-1,3.561146E-3
4.510417E-1,3.560999E-3
4.513889E-1,3.560852E-3
4.517361E-1,3.560705E-3
4.520833E-1,3.560558E-3
4.524306E-1,3.560411E-3
4.527778E-1,3.560264E-3
4.531250E-1,3.560117E-3
4.534722E-1,3.559970E-3
4.538194E-1,3.559823E-3
4.541667E-1,3.559676E-3
4.545139E-1,3.559529E-3
4.548611E-1,3.559382E-3
4.552083E-1,3.559235E-3
4.555556E-1,3.559088E-3
4.559028E-1,3.558941E-3
4.562500E-1,3.558794E-3
4.565972E-1,3.558647E-3
4.569444E-1,3.558500E-3
4.572917E-1,3.558353E-3
4.576389E-1,3.558206E-3
4.579861E-1,3.558059E-3
4.583333E-1,3.557912E-3
4.586806E-1,3.557765E-3
4.590278E-1,3.557618E-3
4.593750E-1,3.557471E-3
4.597222E-1,3.557324E-3
4.600694E-1,3.557177E-3
4.604167E-1,3.557030E-3
4.607639E-1,3.556883E-3
4.611111E-1,3.556736E-3
4.614583E-1,3.556589E-3
4.618056E-1,3.556442E-3
4.621528E-1,3.556295E-3
4.625000E-1,3.556148E-3
4.628472E-1,3.556001E-3
4.631944E-1,3.555854E-3
4.635417E-1,3.555707E-3
4.638889E-1,3.555560E-3
4.642361E-1,3.555413E-3
4.645833E-1,3.555266E-3
4.649306E-1,3.555119E-3
4.652778E-1,3.554972E-3
4.656250E-1,3.554825E-3
4.659722E-1,3.554678E-3
4.663194E-1,3.554531E-3
4.666667E-1,3.554384E-3
4.670139E-1,3.554237E-3
4.673611E-1,3.554090E-3
4.677083E-1,3.553943E-3
4.680556E-1,3.553796E-3
4.684028E-1,3.553649E-3
4.687500E-1,3.553502E-3
4.690972E-1,3.553355E-3
4.694444E-1,3.553212E-3
4.697917E-1,3.553343E-3
4.701389E-1,3.553475E-3
4.704861E-1,3.553606E-3
4.708333E-1,3.553738E-3
4.711806E-1,3.553869E-3
4.715278E-1,3.554001E-3
4.718750E-1,3.554132E-3
4.722222E-1,3.554264E-3
4.725694E-1,3.554395E-3
4.729167E-1,3.554527E-3
4.732639E-1,3.554658E-3
4.736111E-1,3.554790E-3
4.739583E-1,3.554921E-3
4.743056E-1,3.555053E-3
4.746528E-1,3.555184E-3
4.750000E-1,3.555316E-3
4.753472E-1,3.555447E-3
4.756944E-1,3.555579E-3
4.760417E-1,3.555710E-3
4.763889E-1,3.555842E-3
4.767361E-1,3.555973E-3
4.770833E-1,3.556105E-3
4.774306E-1,3.556237E-3
4.777778E-1,3.556368E-3
4.781250E-1,3.556500E-3
4.784722E-1,3.556631E-3
4.788194E-1,3.556763E-3
4.791667E-1,3.556894E-3
4.795139E-1,3.557026E-3
4.798611E-1,3.557157E-3
4.802083E-1,3.557289E-3
4.805556E-1,3.557420E-3
4.809028E-1,3.557552E-3
4.812500E-1,3.557683E-3
4.815972E-1,3.557815E-3
4.819444E-1,3.557946E-3
4.822917E-1,3.558078E-3
4.826389E-1,3.558209E-3
4.829861E-1,3.558341E-3
4.833333E-1,3.558472E-3
4.836806E-1,3.558604E-3
4.840278E-1,3.558735E-3
4.843750E-1,3.558867E-3
4.847222E-1,3.558998E-3
4.850694E-1,3.559130E-3
4.854167E-1,3.559261E-3
4.857639E-1,3.559393E-3
4.861111E-1,3.559524E-3
4.864583E-1,3.559656E-3
4.868056E-1,3.559787E-3
4.871528E-1,3.559919E-3
4.875000E-1,3.560050E-3
4.878472E-1,3.560182E-3
4.881944E-1,3.560313E-3
4.885417E-1,3.560445E-3
4.888889E-1,3.560576E-3
4.892361E-1,3.560708E-3
4.895833E-1,3.560839E-3
4.899306E-1,3.560971E-3
4.902778E-1,3.561103E-3
4.906250E-1,3.561234E-3
4.909722E-1,3.561366E-3
4.913194E-1,3.561507E-3
4.916667E-1,3.561685E-3
4.920139E-1,3.561863E-3
4.923611E-1,3.562041E-3
4.927083E-1,3.562220E-3
4.930556E-1,3.562398E-3
4.934028E-1,3.562576E-3
4.937500E-1,3.562755E-3
4.940972E-1,3.562933E-3
4.944444E-1,3.563111E-3
4.947917E-1,3.563289E-3
4.951389E-1,3.563468E-3
4.954861E-1,3.563646E-3
4.958333E-1,3.563824E-3
4.961806E-1,3.564002E-3
4.965278E-1,3.564181E-3
4.968750E-1,3.564359E-3
4.972222E-1,3.564537E-3
4.975694E-1,3.564715E-3
4.979167E-1,3.564894E-3
4.982639E-1,3.565072E-3
4.986111E-1,3.565250E-3
4.989583E-1,3.565429E-3
4.993056E-1,3.565607E-3
4.996528E-1,3.565785E-3
5.000000E-1,3.565963E-3
5.003472E-1,3.566142E-3
5.006944E-1,3.566320E-3
5.010417E-1,3.566498E-3
5.013889E-1,3.566676E-3
5.017361E-1,3.566855E-3
5.020833E-1,3.567033E-3
5.024306E-1,3.567211E-3
5.027778E-1,3.567390E-3
5.031250E-1,3.567568E-3
5.034722E-1,3.567746E-3
5.038194E-1,3.567924E-3
5.041667E-1,3.568103E-3
5.045139E-1,3.568281E-3
5.048611E-1,3.568459E-3
5.052083E-1,3.568637E-3
5.055556E-1,3.568816E-3
5.059028E-1,3.568994E-3
5.062500E-1,3.569172E-3
5.065972E-1,3.569350E-3
5.069444E-1,3.569529E-3
5.072917E-1,3.569707E-3
5.076389E-1,3.569476E-3
5.079861E-1,3.569213E-3
5.083333E-1,3.568951E-3
5.086806E-1,3.568688E-3
5.090278E-1,3.568425E-3
5.093750E-1,3.568162E-3
5.097222E-1,3.567899E-3
5.100694E-1,3.567636E-3
5.104167E-1,3.567373E-3
5.107639E-1,3.567110E-3
5.111111E-1,3.566848E-3
5.114583E-1,3.566585E-3
5.118056E-1,3.566322E-3
5.121528E-1,3.566059E-3
5.125000E-1,3.565796E-3
5.128472E-1,3.565533E-3
5.131944E-1,3.565270E-3
5.135417E-1,3.565008E-3
5.138889E-1,3.564745E-3
5.142361E-1,3.564482E-3
5.145833E-1,3.564219E-3
5.149306E-1,3.563956E-3
5.152778E-1,3.563693E-3
5.156250E-1,3.563430E-3
5.159722E-1,3.563167E-3
5.163194E-1,3.562905E-3
5.166667E-1,3.562642E-3
5.170139E-1,3.562379E-3
5.173611E-1,3.562116E-3
5.177083E-1,3.561853E-3
5.180556E-1,3.561590E-3
5.184028E-1,3.561327E-3
5.187500E-1,3.561065E-3
5.190972E-1,3.560802E-3
5.194444E-1,3.560539E-3
5.197917E-1,3.560276E-3
5.201389E-1,3.560013E-3
5.204861E-1,3.559750E-3
5.208333E-1,3.559487E-3
5.211806E-1,3.559224E-3
5.215278E-1,3.558962E-3
5.218750E-1,3.558699E-3
5.222222E-1,3.558436E-3
5.225694E-1,3.558173E-3
5.229167E-1,3.557910E-3
5.232639E-1,3.557647E-3
5.236111E-1,3.557384E-3
5.239583E-1,3.557121E-3
5.243056E-1,3.556859E-3
5.246528E-1,3.556596E-3
5.250000E-1,3.556333E-3
5.253472E-1,3.556070E-3
5.256944E-1,3.555807E-3
5.260417E-1,3.555544E-3
5.263889E-1,3.555281E-3
5.267361E-1,3.555019E-3
5.270833E-1,3.554756E-3
5.274306E-1,3.554493E-3
5.277778E-1,3.554230E-3
5.281250E-1,3.553967E-3
5.284722E-1,3.553704E-3
5.288194E-1,3.553441E-3
5.291667E-1,3.553319E-3
5.295139E-1,3.554227E-3
5.298611E-1,3.555136E-3
5.302083E-1,3.556044E-3
5.305556E-1,3.556953E-3
5.309028E-1,3.557861E-3
5.312500E-1,3.558770E-3
5.315972E-1,3.559678E-3
5.319444E-1,3.560586E-3
5.322917E-1,3.561495E-3
5.326389E-1,3.562403E-3
5.329861E-1,3.563312E-3
5.333333E-1,3.564220E-3
5.336806E-1,3.565128E-3
5.340278E-1,3.566037E-3
5.343750E-1,3.566945E-3
5.347222E-1,3.567854E-3
5.350694E-1,3.568762E-3
5.354167E-1,3.569671E-3
5.357639E-1,3.570579E-3
5.361111E-1,3.571487E-3
5.364583E-1,3.572396E-3
5.368056E-1,3.573304E-3
5.371528E-1,3.574213E-3
5.375000E-1,3.575121E-3
5.378472E-1,3.576029E-3
5.381944E-1,3.576938E-3
5.385417E-1,3.577846E-3
5.388889E-1,3.578755E-3
5.392361E-1,3.579663E-3
5.395833E-1,3.580571E-3
5.399306E-1,3.581480E-3
5.402778E-1,3.582388E-3
5.406250E-1,3.583297E-3
5.409722E-1,3.584205E-3
5.413194E-1,3.585114E-3
5.416667E-1,3.586022E-3
5.420139E-1,3.586121E-3
5.423611E-1,3.585965E-3
5.427083E-1,3.585809E-3
5.430556E-1,3.585653E-3
5.434028E-1,3.585497E-3
5.437500E-1,3.585340E-3
5.440972E-1,3.585184E-3
5.444444E-1,3.585028E-3
5.447917E-1,3.584872E-3
5.451389E-1,3.584716E-3
5.454861E-1,3.584560E-3
5.458333E-1,3.584403E-3
5.461806E-1,3.584247E-3
5.465278E-1,3.584091E-3
5.468750E-1,3.583935E-3
5.472222E-1,3.583779E-3
5.475694E-1,3.583623E-3
5.479167E-1,3.583466E-3
5.482639E-1,3.583310E-3
5.486111E-1,3.583154E-3
5.489583E-1,3.582998E-3
5.493056E-1,3.582842E-3
5.496528E-1,3.582686E-3
5.500000E-1,3.582529E-3
5.503472E-1,3.582373E-3
5.506944E-1,3.582217E-3
5.510417E-1,3.582061E-3
5.513889E-1,3.581905E-3
5.517361E-1,3.581749E-3
5.520833E-1,3.581592E-3
5.524306E-1,3.581436E-3
5.527778E-1,3.581280E-3
5.531250E-1,3.581124E-3
5.534722E-1,3.580968E-3
5.538194E-1,3.580812E-3
5.541667E-1,3.580655E-3
5.545139E-1,3.580499E-3
5.548611E-1,3.580343E-3
5.552083E-1,3.580187E-3
5.555556E-1,3.580031E-3
5.559028E-1,3.579875E-3
5.562500E-1,3.579718E-3
5.565972E-1,3.579562E-3
5.569444E-1,3.579406E-3
5.572917E-1,3.579250E-3
5.576389E-1,3.579094E-3
5.579861E-1,3.578938E-3
5.583333E-1,3.578781E-3
5.586806E-1,3.578625E-3
5.590278E-1,3.578469E-3
5.593750E-1,3.578313E-3
5.597222E-1,3.578157E-3
5.600694E-1,3.578000E-3
5.604167E-1,3.577980E-3
5.607639E-1,3.577980E-3
5.611111E-1,3.577980E-3
5.614583E-1,3.577980E-3
5.618056E-1,3.577980E-3
5.621528E-1,3.577980E-3
5.625000E-1,3.577980E-3
5.628472E-1,3.577980E-3
5.631944E-1,3.577980E-3
5.635417E-1,3.577980E-3
5.638889E-1,3.577980E-3
5.642361E-1,3.577980E-3
5.645833E-1,3.577980E-3
5.649306E-1,3.577980E-3
5.652778E-1,3.577980E-3
5.656250E-1,3.577980E-3
5.659722E-1,3.577980E-3
5.663194E-1,3.577980E-3
5.666667E-1,3.577980E-3
5.670139E-1,3.577980E-3
5.673611E-1,3.577980E-3
5.677083E-1,3.577980E-3
5.680556E-1,3.577980E-3
5.684028E-1,3.577980E-3
5.687500E-1,3.577980E-3
5.690972E-1,3.577980E-3
5.694444E-1,3.577980E-3
5.697917E-1,3.577980E-3
5.701389E-1,3.577980E-3
5.704861E-1,3.577980E-3
5.708333E-1,3.577980E-3
5.711806E-1,3.577980E-3
5.715278E-1,3.577980E-3
5.718750E-1,3.577980E-3
5.722222E-1,3.577980E-3
5.725694E-1,3.577980E-3
5.729167E-1,3.577980E-3
5.732639E-1,3.577980E-3
5.736111E-1,3.577980E-3
5.739583E-1,3.577980E-3
5.743056E-1,3.577980E-3
5.746528E-1,3.577980E-3
5.750000E-1,3.577980E-3
5.753472E-1,3.577980E-3
5.756944E-1,3.577980E-3
5.760417E-1,3.577980E-3
5.763889E-1,3.577980E-3
5.767361E-1,3.577980E-3
5.770833E-1,3.577980E-3
5.774306E-1,3.577980E-3
5.777778E-1,3.577980E-3
5.781250E-1,3.577980E-3
5.784722E-1,3.577980E-3
5.788194E-1,3.577980E-3
5.791667E-1,3.577980E-3
5.795139E-1,3.577980E-3
5.798611E-1,3.577980E-3
5.802083E-1,3.577980E-3
5.805556E-1,3.577980E-3
5.809028E-1,3.577980E-3
5.812500E-1,3.577980E-3
5.815972E-1,3.577980E-3
5.819444E-1,3.577980E-3
5.822917E-1,3.577980E-3
5.826389E-1,3.577980E-3
5.829861E-1,3.577980E-3
5.833333E-1,3.577980E-3
5.836806E-1,3.577980E-3
5.840278E-1,3.577980E-3
5.843750E-1,3.577980E-3
5.847222E-1,3.577980E-3
5.850694E-1,3.577980E-3
5.854167E-1,3.577980E-3
5.857639E-1,3.577980E-3
5.861111E-1,3.577980E-3
5.864583E-1,3.577980E-3
5.868056E-1,3.577980E-3
5.871528E-1,3.577980E-3
5.875000E-1,3.577980E-3
5.878472E-1,3.577980E-3
5.881944E-1,3.577980E-3
5.885417E-1,3.577980E-3
5.888889E-1,3.577980E-3
5.892361E-1,3.577980E-3
5.895833E-1,3.577980E-3
5.899306E-1,3.577980E-3
5.902778E-1,3.577980E-3
5.906250E-1,3.577980E-3
5.909722E-1,3.577980E-3
5.913194E-1,3.577749E-3
5.916667E-1,3.577374E-3
5.920139E-1,3.576999E-3
5.923611E-1,3.576625E-3
5.927083E-1,3.576250E-3
5.930556E-1,3.575875E-3
5.934028E-1,3.575501E-3
5.937500E-1,3.575126E-3
5.940972E-1,3.574751E-3
5.944444E-1,3.574377E-3
5.947917E-1,3.574002E-3
5.951389E-1,3.573627E-3
5.954861E-1,3.573252E-3
5.958333E-1,3.572878E-3
5.961806E-1,3.572503E-3
5.965278E-1,3.572128E-3
5.968750E-1,3.571754E-3
5.972222E-1,3.571379E-3
5.975694E-1,3.571004E-3
5.979167E-1,3.570630E-3
5.982639E-1,3.570255E-3
5.986111E-1,3.569880E-3
5.989583E-1,3.569506E-3
5.993056E-1,3.569131E-3
5.996528E-1,3.568756E-3
6.000000E-1,3.568382E-3
6.003472E-1,3.568007E-3
6.006944E-1,3.567632E-3
6.010417E-1,3.567258E-3
6.013889E-1,3.566883E-3
6.017361E-1,3.566508E-3
6.020833E-1,3.566134E-3
6.024306E-1,3.565759E-3
6.027778E-1,3.565384E-3
6.031250E-1,3.565010E-3
6.034722E-1,3.564635E-3
6.038194E-1,3.564260E-3
6.041667E-1,3.563886E-3
6.045139E-1,3.563511E-3
6.048611E-1,3.563136E-3
6.052083E-1,3.562762E-3
6.055556E-1,3.562387E-3
6.059028E-1,3.562012E-3
6.062500E-1,3.561638E-3
6.065972E-1,3.561263E-3
6.069444E-1,3.560888E-3
6.072917E-1,3.560513E-3
6.076389E-1,3.560139E-3
6.079861E-1,3.559764E-3
6.083333E-1,3.559389E-3
6.086806E-1,3.559015E-3
6.090278E-1,3.558640E-3
6.093750E-1,3.558265E-3
6.097222E-1,3.557891E-3
6.100694E-1,3.557516E-3
6.104167E-1,3.557141E-3
6.107639E-1,3.556767E-3
6.111111E-1,3.556392E-3
6.114583E-1,3.556017E-3
6.118056E-1,3.555643E-3
6.121528E-1,3.555268E-3
6.125000E-1,3.554893E-3
6.128472E-1,3.554519E-3
6.131944E-1,3.554144E-3
6.135417E-1,3.553769E-3
6.138889E-1,3.553395E-3
6.142361E-1,3.553045E-3
6.145833E-1,3.552719E-3
6.149306E-1,3.552393E-3
6.152778E-1,3.552067E-3
6.156250E-1,3.551742E-3
6.159722E-1,3.551416E-3
6.163194E-1,3.551090E-3
6.166667E-1,3.550764E-3
6.170139E-1,3.550438E-3
6.173611E-1,3.550113E-3
6.177083E-1,3.549787E-3
6.180556E-1,3.549461E-3
6.184028E-1,3.549135E-3
6.187500E-1,3.548809E-3
6.190972E-1,3.548484E-3
6.194444E-1,3.548158E-3
6.197917E-1,3.547832E-3
6.201389E-1,3.547506E-3
6.204861E-1,3.547180E-3
6.208333E-1,3.546855E-3
6.211806E-1,3.546529E-3
6.215278E-1,3.546203E-3
6.218750E-1,3.545877E-3
6.222222E-1,3.545551E-3
6.225694E-1,3.545226E-3
6.229167E-1,3.544900E-3
6.232639E-1,3.544574E-3
6.236111E-1,3.544248E-3
6.239583E-1,3.543922E-3
6.243056E-1,3.543597E-3
6.246528E-1,3.543271E-3
6.250000E-1,3.542945E-3
6.253472E-1,3.542619E-3
6.256944E-1,3.542293E-3
6.260417E-1,3.541968E-3
6.263889E-1,3.541642E-3
6.267361E-1,3.541316E-3
6.270833E-1,3.540990E-3
6.274306E-1,3.540664E-3
6.277778E-1,3.540339E-3
6.281250E-1,3.540013E-3
6.284722E-1,3.539687E-3
6.288194E-1,3.539361E-3
6.291667E-1,3.539036E-3
6.295139E-1,3.538710E-3
6.298611E-1,3.538384E-3
6.302083E-1,3.538058E-3
6.305556E-1,3.537732E-3
6.309028E-1,3.537407E-3
6.312500E-1,3.537081E-3
6.315972E-1,3.536755E-3
6.319444E-1,3.536429E-3
6.322917E-1,3.536103E-3
6.326389E-1,3.535778E-3
6.329861E-1,3.535452E-3
6.333333E-1,3.535126E-3
6.336806E-1,3.534800E-3
6.340278E-1,3.534474E-3
6.343750E-1,3.534149E-3
6.347222E-1,3.533823E-3
6.350694E-1,3.533497E-3
6.354167E-1,3.533171E-3
6.357639E-1,3.532845E-3
6.361111E-1,3.532520E-3
6.364583E-1,3.532194E-3
6.368056E-1,3.531868E-3
6.371528E-1,3.531542E-3
6.375000E-1,3.531216E-3
6.378472E-1,3.530891E-3
6.381944E-1,3.530565E-3
6.385417E-1,3.530239E-3
6.388889E-1,3.529913E-3
6.392361E-1,3.529587E-3
6.395833E-1,3.529262E-3
6.399306E-1,3.528936E-3
6.402778E-1,3.528610E-3
6.406250E-1,3.528269E-3
6.409722E-1,3.527913E-3
6.413194E-1,3.527556E-3
6.416667E-1,3.527199E-3
6.420139E-1,3.526842E-3
6.423611E-1,3.526485E-3
6.427083E-1,3.526128E-3
6.430556E-1,3.525772E-3
6.434028E-1,3.525415E-3
6.437500E-1,3.525058E-3
6.440972E-1,3.524701E-3
6.444444E-1,3.524344E-3
6.447917E-1,3.523987E-3
6.451389E-1,3.523631E-3
6.454861E-1,3.523274E-3
6.458333E-1,3.522917E-3
6.461806E-1,3.522560E-3
6.465278E-1,3.522203E-3
6.468750E-1,3.521846E-3
6.472222E-1,3.521490E-3
6.475694E-1,3.521133E-3
6.479167E-1,3.520776E-3
6.482639E-1,3.520419E-3
6.486111E-1,3.520062E-3
6.489583E-1,3.519705E-3
6.493056E-1,3.519349E-3
6.496528E-1,3.518992E-3
6.500000E-1,3.518635E-3
6.503472E-1,3.518278E-3
6.506944E-1,3.517921E-3
6.510417E-1,3.517564E-3
6.513889E-1,3.517208E-3
6.517361E-1,3.516851E-3
6.520833E-1,3.516494E-3
6.524306E-1,3.516137E-3
6.527778E-1,3.515780E-3
6.531250E-1,3.515423E-3
6.534722E-1,3.515067E-3
6.538194E-1,3.514710E-3
6.541667E-1,3.514353E-3
6.545139E-1,3.513996E-3
6.548611E-1,3.513639E-3
6.552083E-1,3.513283E-3
6.555556E-1,3.512926E-3
6.559028E-1,3.512569E-3
6.562500E-1,3.512212E-3
6.565972E-1,3.511855E-3
6.569444E-1,3.511498E-3
6.572917E-1,3.511142E-3
6.576389E-1,3.510785E-3
6.579861E-1,3.510428E-3
6.583333E-1,3.510071E-3
6.586806E-1,3.509714E-3
6.590278E-1,3.509357E-3
6.593750E-1,3.509001E-3
6.597222E-1,3.508644E-3
6.600694E-1,3.508287E-3
6.604167E-1,3.507930E-3
6.607639E-1,3.507573E-3
6.611111E-1,3.507216E-3
6.614583E-1,3.506860E-3
6.618056E-1,3.506503E-3
6.621528E-1,3.506146E-3
6.625000E-1,3.505789E-3
6.628472E-1,3.505432E-3
6.631944E-1,3.505075E-3
6.635417E-1,3.504719E-3
6.638889E-1,3.504362E-3
6.642361E-1,3.504005E-3
6.645833E-1,3.503639E-3
6.649306E-1,3.503140E-3
6.652778E-1,3.502640E-3
6.656250E-1,3.502141E-3
6.659722E-1,3.501641E-3
6.663194E-1,3.501141E-3
6.666667E-1,3.500642E-3
6.670139E-1,3.500142E-3
6.673611E-1,3.499643E-3
6.677083E-1,3.499143E-3
6.680556E-1,3.498643E-3
6.684028E-1,3.498144E-3
6.687500E-1,3.497644E-3
6.690972E-1,3.497145E-3
6.694444E-1,3.496645E-3
6.697917E-1,3.496145E-3
6.701389E-1,3.495646E-3
6.704861E-1,3.495146E-3
6.708333E-1,3.494647E-3
6.711806E-1,3.494147E-3
6.715278E-1,3.493647E-3
6.718750E-1,3.493148E-3
6.722222E-1,3.492648E-3
6.725694E-1,3.492149E-3
6.729167E-1,3.491649E-3
6.732639E-1,3.491149E-3
6.736111E-1,3.490650E-3
6.739583E-1,3.490150E-3
6.743056E-1,3.489651E-3
6.746528E-1,3.489151E-3
6.750000E-1,3.488651E-3
6.753472E-1,3.488152E-3
6.756944E-1,3.487652E-3
6.760417E-1,3.487153E-3
6.763889E-1,3.486653E-3
6.767361E-1,3.486153E-3
6.770833E-1,3.485654E-3
6.774306E-1,3.485154E-3
6.777778E-1,3.484655E-3
6.781250E-1,3.484155E-3
6.784722E-1,3.483655E-3
6.788194E-1,3.483156E-3
6.791667E-1,3.482656E-3
6.795139E-1,3.482157E-3
6.798611E-1,3.481657E-3
6.802083E-1,3.481157E-3
6.805556E-1,3.480658E-3
6.809028E-1,3.480158E-3
6.812500E-1,3.479659E-3
6.815972E-1,3.479159E-3
6.819444E-1,3.478659E-3
6.822917E-1,3.478160E-3
6.826389E-1,3.477660E-3
6.829861E-1,3.477161E-3
6.833333E-1,3.476661E-3
6.836806E-1,3.476161E-3
6.840278E-1,3.475662E-3
6.843750E-1,3.475162E-3
6.847222E-1,3.474663E-3
6.850694E-1,3.474163E-3
6.854167E-1,3.473663E-3
6.857639E-1,3.473164E-3
6.861111E-1,3.472664E-3
6.864583E-1,3.472165E-3
6.868056E-1,3.471665E-3
6.871528E-1,3.471165E-3
6.875000E-1,3.470666E-3
6.878472E-1,3.470266E-3
6.881944E-1,3.469872E-3
6.885417E-1,3.469477E-3
6.888889E-1,3.469083E-3
6.892361E-1,3.468689E-3
6.895833E-1,3.468294E-3
6.899306E-1,3.467900E-3
6.902778E-1,3.467505E-3
6.906250E-1,3.467111E-3
6.909722E-1,3.466717E-3
6.913194E-1,3.466322E-3
6.916667E-1,3.465928E-3
6.920139E-1,3.465533E-3
6.923611E-1,3.465139E-3
6.927083E-1,3.464745E-3
6.930556E-1,3.464350E-3
6.934028E-1,3.463956E-3
6.937500E-1,3.463562E-3
6.940972E-1,3.463167E-3
6.944444E-1,3.462773E-3
6.947917E-1,3.462378E-3
6.951389E-1,3.461984E-3
6.954861E-1,3.461590E-3
6.958333E-1,3.461195E-3
6.961806E-1,3.460801E-3
6.965278E-1,3.460406E-3
6.968750E-1,3.460012E-3
6.972222E-1,3.459618E-3
6.975694E-1,3.459223E-3
6.979167E-1,3.458829E-3
6.982639E-1,3.458435E-3
6.986111E-1,3.458040E-3
6.989583E-1,3.457646E-3
6.993056E-1,3.457251E-3
6.996528E-1,3.456857E-3
7.000000E-1,3.456463E-3
7.003472E-1,3.456068E-3
7.006944E-1,3.455674E-3
7.010417E-1,3.455280E-3
7.013889E-1,3.454885E-3
7.017361E-1,3.454491E-3
7.020833E-1,3.454096E-3
7.024306E-1,3.453702E-3
7.027778E-1,3.453308E-3
7.031250E-1,3.452913E-3
7.034722E-1,3.452519E-3
7.038194E-1,3.452124E-3
7.041667E-1,3.451730E-3
7.045139E-1,3.451336E-3
7.048611E-1,3.450941E-3
7.052083E-1,3.450547E-3
7.055556E-1,3.450153E-3
7.059028E-1,3.449758E-3
7.062500E-1,3.449364E-3
7.065972E-1,3.448969E-3
7.069444E-1,3.448575E-3
7.072917E-1,3.448181E-3
7.076389E-1,3.447786E-3
7.079861E-1,3.447392E-3
7.083333E-1,3.446997E-3
7.086806E-1,3.446603E-3
7.090278E-1,3.446209E-3
7.093750E-1,3.445891E-3
7.097222E-1,3.446038E-3
7.100694E-1,3.446185E-3
7.104167E-1,3.446332E-3
7.107639E-1,3.446479E-3
7.111111E-1,3.446626E-3
7.114583E-1,3.446773E-3
7.118056E-1,3.446920E-3
7.121528E-1,3.447067E-3
7.125000E-1,3.447214E-3
7.128472E-1,3.447361E-3
7.131944E-1,3.447508E-3
7.135417E-1,3.447655E-3
7.138889E-1,3.447802E-3
7.142361E-1,3.447949E-3
7.145833E-1,3.448096E-3
7.149306E-1,3.448243E-3
7.152778E-1,3.448390E-3
7.156250E-1,3.448537E-3
7.159722E-1,3.448684E-3
7.163194E-1,3.448831E-3
7.166667E-1,3.448978E-3
7.170139E-1,3.449125E-3
7.173611E-1,3.449271E-3
7.177083E-1,3.449418E-3
7.180556E-1,3.449565E-3
7.184028E-1,3.449712E-3
7.187500E-1,3.449859E-3
7.190972E-1,3.450006E-3
7.194444E-1,3.450153E-3
7.197917E-1,3.450300E-3
7.201389E-1,3.450447E-3
7.204861E-1,3.450594E-3
7.208333E-1,3.450741E-3
7.211806E-1,3.450888E-3
7.215278E-1,3.451035E-3
7.218750E-1,3.451182E-3
7.222222E-1,3.451329E-3
7.225694E-1,3.451476E-3
7.229167E-1,3.451623E-3
7.232639E-1,3.451770E-3
7.236111E-1,3.451917E-3
7.239583E-1,3.452064E-3
7.243056E-1,3.452211E-3
7.246528E-1,3.452358E-3
7.250000E-1,3.452505E-3
7.253472E-1,3.452652E-3
7.256944E-1,3.452799E-3
7.260417E-1,3.452946E-3
7.263889E-1,3.453093E-3
7.267361E-1,3.453240E-3
7.270833E-1,3.453387E-3
7.274306E-1,3.453534E-3
7.277778E-1,3.453681E-3
7.281250E-1,3.453828E-3
7.284722E-1,3.453975E-3
7.288194E-1,3.454122E-3
7.291667E-1,3.454130E-3
7.295139E-1,3.454130E-3
7.298611E-1,3.454130E-3
7.302083E-1,3.454130E-3
7.305556E-1,3.454130E-3
7.309028E-1,3.454130E-3
7.312500E-1,3.454130E-3
7.315972E-1,3.454130E-3
7.319444E-1,3.454130E-3
7.322917E-1,3.454130E-3
7.326389E-1,3.454130E-3
7.329861E-1,3.454130E-3
7.333333E-1,3.454130E-3
7.336806E-1,3.454130E-3
7.340278E-1,3.454130E-3
7.343750E-1,3.454130E-3
7.347222E-1,3.454130E-3
7.350694E-1,3.454130E-3
7.354167E-1,3.454130E-3
7.357639E-1,3.454130E-3
7.361111E-1,3.454130E-3
7.364583E-1,3.454130E-3
7.368056E-1,3.454130E-3
7.371528E-1,3.454130E-3
7.375000E-1,3.454130E-3
7.378472E-1,3.454130E-3
7.381944E-1,3.454130E-3
7.385417E-1,3.454130E-3
7.388889E-1,3.454130E-3
7.392361E-1,3.454130E-3
7.395833E-1,3.454130E-3
7.399306E-1,3.454130E-3
7.402778E-1,3.454130E-3
7.406250E-1,3.454130E-3
7.409722E-1,3.454130E-3
7.413194E-1,3.454130E-3
7.416667E-1,3.454130E-3
7.420139E-1,3.454130E-3
7.423611E-1,3.454130E-3
7.427083E-1,3.454130E-3
7.430556E-1,3.454130E-3
7.434028E-1,3.454130E-3
7.437500E-1,3.454130E-3
7.440972E-1,3.454130E-3
7.444444E-1,3.454130E-3
7.447917E-1,3.454130E-3
7.451389E-1,3.454871E-3
7.454861E-1,3.455982E-3
7.458333E-1,3.457092E-3
7.461806E-1,3.458202E-3
7.465278E-1,3.459312E-3
7.468750E-1,3.460423E-3
7.472222E-1,3.461533E-3
7.475694E-1,3.462643E-3
7.479167E-1,3.463753E-3
7.482639E-1,3.464864E-3
7.486111E-1,3.465974E-3
7.489583E-1,3.467084E-3
7.493056E-1,3.468194E-3
7.496528E-1,3.469305E-3
7.500000E-1,3.470415E-3
7.503472E-1,3.471525E-3
7.506944E-1,3.472635E-3
7.510417E-1,3.473746E-3
7.513889E-1,3.474856E-3
7.517361E-1,3.475966E-3
7.520833E-1,3.477076E-3
7.524306E-1,3.478186E-3
7.527778E-1,3.479297E-3
7.531250E-1,3.480407E-3
7.534722E-1,3.481517E-3
7.538194E-1,3.482627E-3
7.541667E-1,3.483738E-3
7.545139E-1,3.484848E-3
7.548611E-1,3.485958E-3
7.552083E-1,3.487068E-3
7.555556E-1,3.489124E-3
7.559028E-1,3.491265E-3
7.562500E-1,3.493406E-3
7.565972E-1,3.495548E-3
7.569444E-1,3.497689E-3
7.572917E-1,3.499830E-3
7.576389E-1,3.501971E-3
7.579861E-1,3.504112E-3
7.583333E-1,3.506253E-3
7.586806E-1,3.508394E-3
7.590278E-1,3.510535E-3
7.593750E-1,3.512676E-3
7.597222E-1,3.514817E-3
7.600694E-1,3.516958E-3
7.604167E-1,3.519099E-3
7.607639E-1,3.521240E-3
7.611111E-1,3.523381E-3
7.614583E-1,3.525523E-3
7.618056E-1,3.527664E-3
7.621528E-1,3.529805E-3
7.625000E-1,3.531946E-3
7.628472E-1,3.534087E-3
7.631944E-1,3.536228E-3
7.635417E-1,3.537782E-3
7.638889E-1,3.539169E-3
7.642361E-1,3.540557E-3
7.645833E-1,3.541944E-3
7.649306E-1,3.543332E-3
7.652778E-1,3.544719E-3
7.656250E-1,3.546107E-3
7.659722E-1,3.547494E-3
7.663194E-1,3.548882E-3
7.666667E-1,3.550270E-3
7.670139E-1,3.551657E-3
7.673611E-1,3.553045E-3
7.677083E-1,3.554432E-3
7.680556E-1,3.555820E-3
7.684028E-1,3.557207E-3
7.687500E-1,3.558595E-3
7.690972E-1,3.559982E-3
7.694444E-1,3.561370E-3
7.697917E-1,3.562757E-3
7.701389E-1,3.564145E-3
7.704861E-1,3.565533E-3
7.708333E-1,3.566920E-3
7.711806E-1,3.568308E-3
7.715278E-1,3.569695E-3
7.718750E-1,3.571083E-3
7.722222E-1,3.572470E-3
7.725694E-1,3.573858E-3
7.729167E-1,3.575245E-3
7.732639E-1,3.576633E-3
7.736111E-1,3.578020E-3
7.739583E-1,3.579408E-3
7.743056E-1,3.580796E-3
7.746528E-1,3.582183E-3
7.750000E-1,3.583571E-3
7.753472E-1,3.584958E-3
7.756944E-1,3.586346E-3
7.760417E-1,3.587733E-3
7.763889E-1,3.589121E-3
7.767361E-1,3.590508E-3
7.770833E-1,3.591896E-3
7.774306E-1,3.593283E-3
7.777778E-1,3.594671E-3
7.781250E-1,3.596058E-3
7.784722E-1,3.597446E-3
7.788194E-1,3.598834E-3
7.791667E-1,3.600221E-3
7.795139E-1,3.601609E-3
7.798611E-1,3.602996E-3
7.802083E-1,3.604384E-3
7.805556E-1,3.605771E-3
7.809028E-1,3.607159E-3
7.812500E-1,3.608546E-3
7.815972E-1,3.609934E-3
7.819444E-1,3.611321E-3
7.822917E-1,3.612709E-3
7.826389E-1,3.614097E-3
7.829861E-1,3.615484E-3
7.833333E-1,3.616872E-3
7.836806E-1,3.618259E-3
7.840278E-1,3.619647E-3
7.843750E-1,3.621034E-3
7.847222E-1,3.622422E-3
7.850694E-1,3.623809E-3
7.854167E-1,3.625197E-3
7.857639E-1,3.626584E-3
7.861111E-1,3.627972E-3
7.864583E-1,3.629360E-3
7.868056E-1,3.630747E-3
7.871528E-1,3.632135E-3
7.875000E-1,3.633522E-3
7.878472E-1,3.634910E-3
7.881944E-1,3.636297E-3
7.885417E-1,3.637685E-3
7.888889E-1,3.639072E-3
7.892361E-1,3.640460E-3
7.895833E-1,3.641847E-3
7.899306E-1,3.643235E-3
7.902778E-1,3.644623E-3
7.906250E-1,3.646010E-3
7.909722E-1,3.647398E-3
7.913194E-1,3.648785E-3
7.916667E-1,3.650173E-3
7.920139E-1,3.651560E-3
7.923611E-1,3.652948E-3
7.927083E-1,3.654335E-3
7.930556E-1,3.655723E-3
7.934028E-1,3.657110E-3
7.937500E-1,3.658498E-3
7.940972E-1,3.659886E-3
7.944444E-1,3.661273E-3
7.947917E-1,3.662661E-3
7.951389E-1,3.664048E-3
7.954861E-1,3.665436E-3
7.958333E-1,3.666823E-3
7.961806E-1,3.668211E-3
7.965278E-1,3.669598E-3
7.968750E-1,3.670986E-3
7.972222E-1,3.672373E-3
7.975694E-1,3.673761E-3
7.979167E-1,3.675149E-3
7.982639E-1,3.676536E-3
7.986111E-1,3.677924E-3
7.989583E-1,3.679311E-3
7.993056E-1,3.680699E-3
7.996528E-1,3.682086E-3
8.000000E-1,3.683474E-3
8.003472E-1,3.684861E-3
8.006944E-1,3.686249E-3
8.010417E-1,3.687636E-3
8.013889E-1,3.689024E-3
8.017361E-1,3.690411E-3
8.020833E-1,3.691799E-3
8.024306E-1,3.693187E-3
8.027778E-1,3.694574E-3
8.031250E-1,3.695962E-3
8.034722E-1,3.697349E-3
8.038194E-1,3.698737E-3
8.041667E-1,3.700124E-3
8.045139E-1,3.701512E-3
8.048611E-1,3.702899E-3
8.052083E-1,3.704287E-3
8.055556E-1,3.705675E-3
8.059028E-1,3.707062E-3
8.062500E-1,3.708450E-3
8.065972E-1,3.709837E-3
8.069444E-1,3.711225E-3
8.072917E-1,3.712612E-3
8.076389E-1,3.714000E-3
8.079861E-1,3.715387E-3
8.083333E-1,3.716775E-3
8.086806E-1,3.718162E-3
8.090278E-1,3.719550E-3
8.093750E-1,3.720937E-3
8.097222E-1,3.722325E-3
8.100694E-1,3.723713E-3
8.104167E-1,3.725100E-3
8.107639E-1,3.726488E-3
8.111111E-1,3.727875E-3
8.114583E-1,3.729263E-3
8.118056E-1,3.730650E-3
8.121528E-1,3.732038E-3
8.125000E-1,3.733425E-3
8.128472E-1,3.734813E-3
8.131944E-1,3.736200E-3
8.135417E-1,3.737588E-3
8.138889E-1,3.738976E-3
8.142361E-1,3.740363E-3
8.145833E-1,3.741751E-3
8.149306E-1,3.743138E-3
8.152778E-1,3.744526E-3
8.156250E-1,3.745913E-3
8.159722E-1,3.747301E-3
8.163194E-1,3.748688E-3
8.166667E-1,3.750076E-3
8.170139E-1,3.751463E-3
8.173611E-1,3.752851E-3
8.177083E-1,3.754239E-3
8.180556E-1,3.755626E-3
8.184028E-1,3.757014E-3
8.187500E-1,3.758401E-3
8.190972E-1,3.759789E-3
8.194444E-1,3.761176E-3
8.197917E-1,3.762564E-3
8.201389E-1,3.763951E-3
8.204861E-1,3.765339E-3
8.208333E-1,3.766726E-3
8.211806E-1,3.768114E-3
8.215278E-1,3.769502E-3
8.218750E-1,3.770889E-3
8.222222E-1,3.772277E-3
8.225694E-1,3.773664E-3
8.229167E-1,3.775052E-3
8.232639E-1,3.776439E-3
8.236111E-1,3.777827E-3
8.239583E-1,3.779214E-3
8.243056E-1,3.780602E-3
8.246528E-1,3.781989E-3
8.250000E-1,3.783377E-3
8.253472E-1,3.784765E-3
8.256944E-1,3.786152E-3
8.260417E-1,3.787540E-3
8.263889E-1,3.788927E-3
8.267361E-1,3.790315E-3
8.270833E-1,3.791702E-3
8.274306E-1,3.793090E-3
8.277778E-1,3.794477E-3
8.281250E-1,3.795865E-3
8.284722E-1,3.797252E-3
8.288194E-1,3.798640E-3
8.291667E-1,3.800028E-3
8.295139E-1,3.801415E-3
8.298611E-1,3.802803E-3
8.302083E-1,3.804190E-3
8.305556E-1,3.805578E-3
8.309028E-1,3.806965E-3
8.312500E-1,3.808353E-3
8.315972E-1,3.809740E-3
8.319444E-1,3.811128E-3
8.322917E-1,3.812515E-3
8.326389E-1,3.813903E-3
8.329861E-1,3.815290E-3
8.333333E-1,3.816678E-3
8.336806E-1,3.818066E-3
8.340278E-1,3.819453E-3
8.343750E-1,3.820841E-3
8.347222E-1,3.822228E-3
8.350694E-1,3.823616E-3
8.354167E-1,3.825003E-3
8.357639E-1,3.826391E-3
8.361111E-1,3.827778E-3
8.364583E-1,3.829166E-3
8.368056E-1,3.830553E-3
8.371528E-1,3.831941E-3
8.375000E-1,3.833329E-3
8.378472E-1,3.834716E-3
8.381944E-1,3.836104E-3
8.385417E-1,3.837491E-3
8.388889E-1,3.838879E-3
8.392361E-1,3.840266E-3
8.395833E-1,3.841654E-3
8.399306E-1,3.843041E-3
8.402778E-1,3.844429E-3
8.406250E-1,3.845816E-3
8.409722E-1,3.847204E-3
8.413194E-1,3.848592E-3
8.416667E-1,3.849979E-3
8.420139E-1,3.851367E-3
8.423611E-1,3.852754E-3
8.427083E-1,3.854142E-3
8.430556E-1,3.855529E-3
8.434028E-1,3.856917E-3
8.437500E-1,3.858304E-3
8.440972E-1,3.859692E-3
8.444444E-1,3.861079E-3
8.447917E-1,3.862467E-3
8.451389E-1,3.863855E-3
8.454861E-1,3.865242E-3
8.458333E-1,3.866630E-3
8.461806E-1,3.868017E-3
8.465278E-1,3.869405E-3
8.468750E-1,3.870792E-3
8.472222E-1,3.872180E-3
8.475694E-1,3.873567E-3
8.479167E-1,3.874955E-3
8.482639E-1,3.876342E-3
8.486111E-1,3.877730E-3
8.489583E-1,3.879118E-3
8.493056E-1,3.880505E-3
8.496528E-1,3.881893E-3
8.500000E-1,3.883280E-3
8.503472E-1,3.884668E-3
8.506944E-1,3.886055E-3
8.510417E-1,3.887443E-3
8.513889E-1,3.888830E-3
8.517361E-1,3.890218E-3
8.520833E-1,3.891605E-3
8.524306E-1,3.892993E-3
8.527778E-1,3.894381E-3
8.531250E-1,3.895768E-3
8.534722E-1,3.897156E-3
8.538194E-1,3.898543E-3
8.541667E-1,3.899931E-3
8.545139E-1,3.901318E-3
8.548611E-1,3.902706E-3
8.552083E-1,3.904093E-3
8.555556E-1,3.905481E-3
8.559028E-1,3.906868E-3
8.562500E-1,3.908256E-3
8.565972E-1,3.909644E-3
8.569444E-1,3.911031E-3
8.572917E-1,3.912419E-3
8.576389E-1,3.913806E-3
8.579861E-1,3.915194E-3
8.583333E-1,3.916581E-3
8.586806E-1,3.917969E-3
8.590278E-1,3.919356E-3
8.593750E-1,3.920744E-3
8.597222E-1,3.922131E-3
8.600694E-1,3.923519E-3
8.604167E-1,3.924907E-3
8.607639E-1,3.926294E-3
8.611111E-1,3.927682E-3
8.614583E-1,3.929069E-3
8.618056E-1,3.930457E-3
8.621528E-1,3.931844E-3
8.625000E-1,3.933232E-3
8.628472E-1,3.934619E-3
8.631944E-1,3.936007E-3
8.635417E-1,3.937394E-3
8.638889E-1,3.938782E-3
8.642361E-1,3.940169E-3
8.645833E-1,3.941557E-3
8.649306E-1,3.942945E-3
8.652778E-1,3.944332E-3
8.656250E-1,3.945720E-3
8.659722E-1,3.947107E-3
8.663194E-1,3.948495E-3
8.666667E-1,3.949882E-3
8.670139E-1,3.951270E-3
8.673611E-1,3.952657E-3
8.677083E-1,3.954045E-3
8.680556E-1,3.955432E-3
8.684028E-1,3.956820E-3
8.687500E-1,3.958208E-3
8.690972E-1,3.959595E-3
8.694444E-1,3.960983E-3
8.697917E-1,3.962370E-3
8.701389E-1,3.963758E-3
8.704861E-1,3.965145E-3
8.708333E-1,3.966533E-3
8.711806E-1,3.967920E-3
8.715278E-1,3.969308E-3
8.718750E-1,3.970695E-3
8.722222E-1,3.972083E-3
8.725694E-1,3.973471E-3
8.729167E-1,3.974858E-3
8.732639E-1,3.976246E-3
8.736111E-1,3.977633E-3
8.739583E-1,3.979021E-3
8.743056E-1,3.980408E-3
8.746528E-1,3.981796E-3
8.750000E-1,3.983183E-3
8.753472E-1,3.984571E-3
8.756944E-1,3.985958E-3
8.760417E-1,3.987346E-3
8.763889E-1,3.988734E-3
8.767361E-1,3.990121E-3
8.770833E-1,3.991509E-3
8.774306E-1,3.992896E-3
8.777778E-1,3.994284E-3
8.781250E-1,3.995671E-3
8.784722E-1,3.997059E-3
8.788194E-1,3.998446E-3
8.791667E-1,3.999834E-3
8.795139E-1,4.001221E-3
8.798611E-1,4.002609E-3
8.802083E-1,4.003997E-3
8.805556E-1,4.005384E-3
8.809028E-1,4.006772E-3
8.812500E-1,4.008159E-3
8.815972E-1,4.009547E-3
8.819444E-1,4.010934E-3
8.822917E-1,4.012322E-3
8.826389E-1,4.013709E-3
8.829861E-1,4.015097E-3
8.833333E-1,4.016484E-3
8.836806E-1,4.017872E-3
8.840278E-1,4.019260E-3
8.843750E-1,4.020647E-3
8.847222E-1,4.022035E-3
8.850694E-1,4.023422E-3
8.854167E-1,4.024810E-3
8.857639E-1,4.026197E-3
8.861111E-1,4.027585E-3
8.864583E-1,4.028972E-3
8.868056E-1,4.030360E-3
8.871528E-1,4.031747E-3
8.875000E-1,4.033135E-3
8.878472E-1,4.034522E-3
8.881944E-1,4.035910E-3
8.885417E-1,4.037298E-3
8.888889E-1,4.038685E-3
8.892361E-1,4.040073E-3
8.895833E-1,4.041460E-3
8.899306E-1,4.042848E-3
8.902778E-1,4.044235E-3
8.906250E-1,4.045623E-3
8.909722E-1,4.047010E-3
8.913194E-1,4.048398E-3
8.916667E-1,4.049786E-3
8.920139E-1,4.051173E-3
8.923611E-1,4.052561E-3
8.927083E-1,4.053948E-3
8.930556E-1,4.055336E-3
8.934028E-1,4.056723E-3
8.937500E-1,4.058111E-3
8.940972E-1,4.059498E-3
8.944444E-1,4.060886E-3
8.947917E-1,4.062273E-3
8.951389E-1,4.063661E-3
8.954861E-1,4.065048E-3
8.958333E-1,4.066436E-3
8.961806E-1,4.067824E-3
8.965278E-1,4.069211E-3
8.968750E-1,4.070599E-3
8.972222E-1,4.071986E-3
8.975694E-1,4.073374E-3
8.979167E-1,4.074761E-3
8.982639E-1,4.076149E-3
8.986111E-1,4.077536E-3
8.989583E-1,4.078924E-3
8.993056E-1,4.080311E-3
8.996528E-1,4.081699E-3
9.000000E-1,4.083087E-3
9.003472E-1,4.084474E-3
9.006944E-1,4.085862E-3
9.010417E-1,4.087249E-3
9.013889E-1,4.088637E-3
9.017361E-1,4.090024E-3
9.020833E-1,4.091412E-3
9.024306E-1,4.092799E-3
9.027778E-1,4.094187E-3
9.031250E-1,4.095574E-3
9.034722E-1,4.096962E-3
9.038194E-1,4.098350E-3
9.041667E-1,4.099737E-3
9.045139E-1,4.101125E-3
9.048611E-1,4.102512E-3
9.052083E-1,4.103900E-3
9.055556E-1,4.105287E-3
9.059028E-1,4.106675E-3
9.062500E-1,4.108062E-3
9.065972E-1,4.109450E-3
9.069444E-1,4.110837E-3
9.072917E-1,4.112225E-3
9.076389E-1,4.113613E-3
9.079861E-1,4.115000E-3
9.083333E-1,4.116388E-3
9.086806E-1,4.117775E-3
9.090278E-1,4.119163E-3
9.093750E-1,4.120550E-3
9.097222E-1,4.121938E-3
9.100694E-1,4.123325E-3
9.104167E-1,4.124713E-3
9.107639E-1,4.126100E-3
9.111111E-1,4.127488E-3
9.114583E-1,4.128876E-3
9.118056E-1,4.130263E-3
9.121528E-1,4.131651E-3
9.125000E-1,4.133038E-3
9.128472E-1,4.134426E-3
9.131944E-1,4.135813E-3
9.135417E-1,4.137201E-3
9.138889E-1,4.138588E-3
9.142361E-1,4.139976E-3
9.145833E-1,4.141363E-3
9.149306E-1,4.142751E-3
9.152778E-1,4.144139E-3
9.156250E-1,4.145526E-3
9.159722E-1,4.146914E-3
9.163194E-1,4.148301E-3
9.166667E-1,4.149689E-3
9.170139E-1,4.151076E-3
9.173611E-1,4.152464E-3
9.177083E-1,4.153851E-3
9.180556E-1,4.155239E-3
9.184028E-1,4.156626E-3
9.187500E-1,4.158014E-3
9.190972E-1,4.159401E-3
9.194444E-1,4.160789E-3
9.197917E-1,4.162177E-3
9.201389E-1,4.163564E-3
9.204861E-1,4.164952E-3
9.208333E-1,4.166339E-3
9.211806E-1,4.167727E-3
9.215278E-1,4.169114E-3
9.218750E-1,4.170502E-3
9.222222E-1,4.171889E-3
9.225694E-1,4.173277E-3
9.229167E-1,4.174664E-3
9.232639E-1,4.176052E-3
9.236111E-1,4.177440E-3
9.239583E-1,4.178827E-3
9.243056E-1,4.180215E-3
9.246528E-1,4.181602E-3
9.250000E-1,4.182990E-3
9.253472E-1,4.184377E-3
9.256944E-1,4.185765E-3
9.260417E-1,4.187152E-3
9.263889E-1,4.188540E-3
9.267361E-1,4.189927E-3
9.270833E-1,4.191315E-3
9.274306E-1,4.192703E-3
9.277778E-1,4.194090E-3
9.281250E-1,4.195478E-3
9.284722E-1,4.196865E-3
9.288194E-1,4.198253E-3
9.291667E-1,4.199640E-3
9.295139E-1,4.201028E-3
9.298611E-1,4.202415E-3
9.302083E-1,4.203803E-3
9.305556E-1,4.205190E-3
9.309028E-1,4.206578E-3
9.312500E-1,4.207966E-3
9.315972E-1,4.209353E-3
9.319444E-1,4.210741E-3
9.322917E-1,4.212128E-3
9.326389E-1,4.213516E-3
9.329861E-1,4.214903E-3
9.333333E-1,4.216291E-3
9.336806E-1,4.217678E-3
9.340278E-1,4.219066E-3
9.343750E-1,4.220453E-3
9.347222E-1,4.221841E-3
9.350694E-1,4.223229E-3
9.354167E-1,4.224616E-3
9.357639E-1,4.226004E-3
9.361111E-1,4.227391E-3
9.364583E-1,4.228779E-3
9.368056E-1,4.230166E-3
9.371528E-1,4.231554E-3
9.375000E-1,4.232941E-3
9.378472E-1,4.234329E-3
9.381944E-1,4.235716E-3
9.385417E-1,4.237104E-3
9.388889E-1,4.238492E-3
9.392361E-1,4.239879E-3
9.395833E-1,4.241267E-3
9.399306E-1,4.242654E-3
9.402778E-1,4.244042E-3
9.406250E-1,4.245429E-3
9.409722E-1,4.246817E-3
9.413194E-1,4.248204E-3
9.416667E-1,4.249592E-3
9.420139E-1,4.250979E-3
9.423611E-1,4.252367E-3
9.427083E-1,4.253754E-3
9.430556E-1,4.255142E-3
9.434028E-1,4.256530E-3
9.437500E-1,4.257917E-3
9.440972E-1,4.259305E-3
9.444444E-1,4.260692E-3
9.447917E-1,4.262080E-3
9.451389E-1,4.263467E-3
9.454861E-1,4.264855E-3
9.458333E-1,4.266242E-3
9.461806E-1,4.267630E-3
9.465278E-1,4.269018E-3
9.468750E-1,4.270405E-3
9.472222E-1,4.271793E-3
9.475694E-1,4.273180E-3
9.479167E-1,4.274568E-3
9.482639E-1,4.275955E-3
9.486111E-1,4.277343E-3
9.489583E-1,4.278730E-3
9.493056E-1,4.280118E-3
9.496528E-1,4.281505E-3
9.500000E-1,4.282893E-3
9.503472E-1,4.284280E-3
9.506944E-1,4.285668E-3
9.510417E-1,4.287056E-3
9.513889E-1,4.288443E-3
9.517361E-1,4.289831E-3
9.520833E-1,4.291218E-3
9.524306E-1,4.292606E-3
9.527778E-1,4.293993E-3
9.531250E-1,4.295381E-3
9.534722E-1,4.296768E-3
9.538194E-1,4.298156E-3
9.541667E-1,4.299543E-3
9.545139E-1,4.300931E-3
9.548611E-1,4.302319E-3
9.552083E-1,4.303706E-3
9.555556E-1,4.305094E-3
9.559028E-1,4.306481E-3
9.562500E-1,4.307869E-3
9.565972E-1,4.309256E-3
9.569444E-1,4.310644E-3
9.572917E-1,4.312031E-3
9.576389E-1,4.313419E-3
9.579861E-1,4.314806E-3
9.583333E-1,4.316194E-3
9.586806E-1,4.317582E-3
9.590278E-1,4.318969E-3
9.593750E-1,4.320357E-3
9.597222E-1,4.321744E-3
9.600694E-1,4.323132E-3
9.604167E-1,4.324519E-3
9.607639E-1,4.325907E-3
9.611111E-1,4.327294E-3
9.614583E-1,4.328682E-3
9.618056E-1,4.330069E-3
9.621528E-1,4.331457E-3
9.625000E-1,4.332845E-3
9.628472E-1,4.334232E-3
9.631944E-1,4.335620E-3
9.635417E-1,4.337007E-3
9.638889E-1,4.338395E-3
9.642361E-1,4.339782E-3
9.645833E-1,4.341170E-3
9.649306E-1,4.342557E-3
9.652778E-1,4.343945E-3
9.656250E-1,4.345332E-3
9.659722E-1,4.346720E-3
9.663194E-1,4.348108E-3
9.666667E-1,4.349495E-3
9.670139E-1,4.350883E-3
9.673611E-1,4.352270E-3
9.677083E-1,4.353658E-3
9.680556E-1,4.355045E-3
9.684028E-1,4.356433E-3
9.687500E-1,4.357820E-3
9.690972E-1,4.359208E-3
9.694444E-1,4.360595E-3
9.697917E-1,4.361983E-3
9.701389E-1,4.363371E-3
9.704861E-1,4.364758E-3
9.708333E-1,4.366146E-3
9.711806E-1,4.367533E-3
9.715278E-1,4.368921E-3
9.718750E-1,4.370308E-3
9.722222E-1,4.371696E-3
9.725694E-1,4.373083E-3
9.729167E-1,4.374471E-3
9.732639E-1,4.375858E-3
9.736111E-1,4.377246E-3
9.739583E-1,4.378633E-3
9.743056E-1,4.380021E-3
9.746528E-1,4.381409E-3
9.750000E-1,4.382796E-3
9.753472E-1,4.384184E-3
9.756944E-1,4.385571E-3
9.760417E-1,4.386959E-3
9.763889E-1,4.388346E-3
9.767361E-1,4.389734E-3
9.770833E-1,4.391121E-3
9.774306E-1,4.392509E-3
9.777778E-1,4.393897E-3
9.781250E-1,4.395284E-3
9.784722E-1,4.396672E-3
9.788194E-1,4.398059E-3
9.791667E-1,4.399447E-3
9.795139E-1,4.400834E-3
9.798611E-1,4.402222E-3
9.802083E-1,4.403609E-3
9.805556E-1,4.404997E-3
9.809028E-1,4.406384E-3
9.812500E-1,4.407772E-3
9.815972E-1,4.409159E-3
9.819444E-1,4.410547E-3
9.822917E-1,4.411935E-3
9.826389E-1,4.413322E-3
9.829861E-1,4.414710E-3
9.833333E-1,4.416097E-3
9.836806E-1,4.417485E-3
9.840278E-1,4.418872E-3
9.843750E-1,4.420260E-3
9.847222E-1,4.421647E-3
9.850694E-1,4.423035E-3
9.854167E-1,4.424422E-3
9.857639E-1,4.425810E-3
9.861111E-1,4.427198E-3
9.864583E-1,4.428585E-3
9.868056E-1,4.429973E-3
9.871528E-1,4.431360E-3
9.875000E-1,4.432748E-3
9.878472E-1,4.434135E-3
9.881944E-1,4.435523E-3
9.885417E-1,4.436910E-3
9.888889E-1,4.438298E-3
9.892361E-1,4.439685E-3
9.895833E-1,4.441073E-3
9.899306E-1,4.442461E-3
9.902778E-1,4.443848E-3
9.906250E-1,4.445236E-3
9.909722E-1,4.446623E-3
9.913194E-1,4.448011E-3
9.916667E-1,4.449398E-3
9.920139E-1,4.450786E-3
9.923611E-1,4.452173E-3
9.927083E-1,4.453561E-3
9.930556E-1,4.454948E-3
9.934028E-1,4.456336E-3
9.937500E-1,4.457724E-3
9.940972E-1,4.459111E-3
9.944444E-1,4.460499E-3
9.947917E-1,4.461886E-3
9.951389E-1,4.463274E-3
9.954861E-1,4.464661E-3
9.958333E-1,4.466049E-3
9.961806E-1,4.467436E-3
9.965278E-1,4.468824E-3
9.968750E-1,4.470211E-3
9.972222E-1,4.471599E-3
9.975694E-1,4.472987E-3
9.979167E-1,4.474374E-3
9.982639E-1,4.475762E-3
9.986111E-1,4.477149E-3
9.989583E-1,4.478537E-3
9.993056E-1,4.479924E-3
9.996528E-1,4.481312E-3
