7.139351E-12,1.818501E-1
3.472222E-2,1.827162E-1
6.944444E-2,1.835823E-1
1.041667E-1,1.844484E-1
1.388889E-1,1.853144E-1
1.736111E-1,1.861805E-1
2.083333E-1,1.870466E-1
2.430556E-1,1.879127E-1
2.777778E-1,1.887787E-1
3.125000E-1,1.896448E-1
3.472222E-1,1.905109E-1
3.819444E-1,1.913770E-1
4.166667E-1,1.922430E-1
4.513889E-1,1.931091E-1
4.861111E-1,1.939752E-1
5.208333E-1,1.948413E-1
5.555556E-1,1.957073E-1
5.902778E-1,1.965734E-1
6.250000E-1,1.974395E-1
6.597222E-1,1.983056E-1
6.944444E-1,1.991716E-1
7.291667E-1,2.000377E-1
7.638889E-1,2.009038E-1
7.986111E-1,2.017699E-1
8.333333E-1,2.026359E-1
8.680556E-1,2.035020E-1
9.027778E-1,2.043681E-1
9.375000E-1,2.052342E-1
9.722222E-1,2.061002E-1
1.006944E+0,2.069663E-1
1.041667E+0,2.078324E-1
1.076389E+0,2.086985E-1
1.111111E+0,2.095645E-1
1.145833E+0,2.104306E-1
1.180556E+0,2.112967E-1
1.215278E+0,2.121628E-1
1.250000E+0,2.130288E-1
1.284722E+0,2.138949E-1
1.319444E+0,2.147610E-1
1.354167E+0,2.156271E-1
1.388889E+0,2.164931E-1
1.423611E+0,2.173592E-1
1.458333E+0,2.182253E-1
1.493056E+0,2.190914E-1
1.527778E+0,2.199574E-1
1.562500E+0,2.208235E-1
1.597222E+0,2.216896E-1
1.631944E+0,2.225557E-1
1.666667E+0,2.234217E-1
1.701389E+0,2.242878E-1
1.736111E+0,2.251539E-1
1.770833E+0,2.260200E-1
1.805556E+0,2.268860E-1
1.840278E+0,2.277521E-1
1.875000E+0,2.286182E-1
1.909722E+0,2.294843E-1
1.944444E+0,2.303503E-1
1.979167E+0,2.312164E-1
2.013889E+0,2.320825E-1
2.048611E+0,2.329486E-1
2.083333E+0,2.338146E-1
2.118056E+0,2.346807E-1
2.152778E+0,2.355468E-1
2.187500E+0,2.364129E-1
2.222222E+0,2.372789E-1
2.256944E+0,2.381450E-1
2.291667E+0,2.390111E-1
2.326389E+0,2.398772E-1
2.361111E+0,2.407432E-1
2.395833E+0,2.416093E-1
2.430556E+0,2.424754E-1
2.465278E+0,2.433415E-1
2.500000E+0,2.442075E-1
2.534722E+0,2.450736E-1
2.569444E+0,2.459397E-1
2.604167E+0,2.468058E-1
2.638889E+0,2.476718E-1
2.673611E+0,2.485379E-1
2.708333E+0,2.494040E-1
2.743056E+0,2.502701E-1
2.777778E+0,2.511361E-1
2.812500E+0,2.520022E-1
2.847222E+0,2.528683E-1
2.881944E+0,2.537344E-1
2.916667E+0,2.546004E-1
2.951389E+0,2.554665E-1
2.986111E+0,2.563326E-1
3.020833E+0,2.571987E-1
3.055556E+0,2.580647E-1
3.090278E+0,2.589308E-1
3.125000E+0,2.597969E-1
3.159722E+0,2.606630E-1
3.194444E+0,2.615290E-1
3.229167E+0,2.623951E-1
3.263889E+0,2.632612E-1
3.298611E+0,2.641273E-1
3.333333E+0,2.649933E-1
3.368056E+0,2.658594E-1
3.402778E+0,2.667255E-1
3.437500E+0,2.675916E-1
3.472222E+0,2.684576E-1
3.506944E+0,2.693237E-1
3.541667E+0,2.701898E-1
3.576389E+0,2.710559E-1
3.611111E+0,2.719219E-1
3.645833E+0,2.727880E-1
3.680556E+0,2.736541E-1
3.715278E+0,2.745202E-1
3.750000E+0,2.753862E-1
3.784722E+0,2.762523E-1
3.819444E+0,2.771184E-1
3.854167E+0,2.779845E-1
3.888889E+0,2.788505E-1
3.923611E+0,2.797166E-1
3.958333E+0,2.805827E-1
3.993056E+0,2.814488E-1
4.027778E+0,2.823148E-1
4.062500E+0,2.831809E-1
4.097222E+0,2.840470E-1
4.131944E+0,2.849131E-1
4.166667E+0,2.857791E-1
4.201389E+0,2.866452E-1
4.236111E+0,2.875113E-1
4.270833E+0,2.883774E-1
4.305556E+0,2.892434E-1
4.340278E+0,2.901095E-1
4.375000E+0,2.909756E-1
4.409722E+0,2.918417E-1
4.444444E+0,2.927077E-1
4.479167E+0,2.935738E-1
4.513889E+0,2.944399E-1
4.548611E+0,2.953060E-1
4.583333E+0,2.961720E-1
4.618056E+0,2.970381E-1
4.652778E+0,2.979042E-1
4.687500E+0,2.987703E-1
4.722222E+0,2.996363E-1
4.756944E+0,3.005024E-1
4.791667E+0,3.013685E-1
4.826389E+0,3.022346E-1
4.861111E+0,3.031006E-1
4.895833E+0,3.039667E-1
4.930556E+0,3.048328E-1
4.965278E+0,3.056989E-1
5.000000E+0,3.065649E-1
5.034722E+0,3.074310E-1
5.069444E+0,3.082971E-1
5.104167E+0,3.091632E-1
5.138889E+0,3.100292E-1
5.173611E+0,3.108953E-1
5.208333E+0,3.117614E-1
5.243056E+0,3.126275E-1
5.277778E+0,3.134935E-1
5.312500E+0,3.143596E-1
5.347222E+0,3.152257E-1
5.381944E+0,3.160918E-1
5.416667E+0,3.169578E-1
5.451389E+0,3.178239E-1
5.486111E+0,3.186900E-1
5.520833E+0,3.195561E-1
5.555556E+0,3.204221E-1
5.590278E+0,3.212882E-1
5.625000E+0,3.221543E-1
5.659722E+0,3.230204E-1
5.694444E+0,3.238864E-1
5.729167E+0,3.247525E-1
5.763889E+0,3.256186E-1
5.798611E+0,3.264847E-1
5.833333E+0,3.273507E-1
5.868056E+0,3.282168E-1
5.902778E+0,3.290829E-1
5.937500E+0,3.299490E-1
5.972222E+0,3.308150E-1
6.006944E+0,3.316811E-1
6.041667E+0,3.325472E-1
6.076389E+0,3.334133E-1
6.111111E+0,3.342793E-1
6.145833E+0,3.351454E-1
6.180556E+0,3.360115E-1
6.215278E+0,3.368776E-1
6.250000E+0,3.377436E-1
6.284722E+0,3.386097E-1
6.319444E+0,3.394758E-1
6.354167E+0,3.403419E-1
6.388889E+0,3.412079E-1
6.423611E+0,3.420740E-1
6.458333E+0,3.429401E-1
6.493056E+0,3.438062E-1
6.527778E+0,3.446722E-1
6.562500E+0,3.455383E-1
6.597222E+0,3.464044E-1
6.631944E+0,3.472705E-1
6.666667E+0,3.481365E-1
6.701389E+0,3.490026E-1
6.736111E+0,3.498687E-1
6.770833E+0,3.507348E-1
6.805556E+0,3.516008E-1
6.840278E+0,3.524669E-1
6.875000E+0,3.533330E-1
6.909722E+0,3.539669E-1
6.944444E+0,3.542211E-1
6.979167E+0,3.544753E-1
7.013889E+0,3.547294E-1
7.048611E+0,3.549836E-1
7.083333E+0,3.552378E-1
7.118056E+0,3.554920E-1
7.152778E+0,3.557461E-1
7.187500E+0,3.560003E-1
7.222222E+0,3.562545E-1
7.256944E+0,3.565086E-1
7.291667E+0,3.567628E-1
7.326389E+0,3.570170E-1
7.361111E+0,3.572712E-1
7.395833E+0,3.575253E-1
7.430556E+0,3.577795E-1
7.465278E+0,3.580337E-1
7.500000E+0,3.582878E-1
7.534722E+0,3.585420E-1
7.569444E+0,3.587962E-1
7.604167E+0,3.590504E-1
7.638889E+0,3.593045E-1
7.673611E+0,3.595587E-1
7.708333E+0,3.598129E-1
7.743056E+0,3.600671E-1
7.777778E+0,3.603212E-1
7.812500E+0,3.605754E-1
7.847222E+0,3.608296E-1
7.881944E+0,3.610837E-1
7.916667E+0,3.613379E-1
7.951389E+0,3.615921E-1
7.986111E+0,3.618463E-1
8.020833E+0,3.621004E-1
8.055556E+0,3.623546E-1
8.090278E+0,3.626088E-1
8.125000E+0,3.628629E-1
8.159722E+0,3.631171E-1
8.194444E+0,3.633713E-1
8.229167E+0,3.636255E-1
8.263889E+0,3.638796E-1
8.298611E+0,3.641338E-1
8.333333E+0,3.643880E-1
8.368056E+0,3.646421E-1
8.402778E+0,3.648963E-1
8.437500E+0,3.651505E-1
8.472222E+0,3.654047E-1
8.506944E+0,3.656588E-1
8.541667E+0,3.659130E-1
8.576389E+0,3.661672E-1
8.611111E+0,3.664213E-1
8.645833E+0,3.666755E-1
8.680556E+0,3.669297E-1
8.715278E+0,3.671839E-1
8.750000E+0,3.674380E-1
8.784722E+0,3.676922E-1
8.819444E+0,3.679464E-1
8.854167E+0,3.682006E-1
8.888889E+0,3.684547E-1
8.923611E+0,3.687089E-1
8.958333E+0,3.689631E-1
8.993056E+0,3.692172E-1
9.027778E+0,3.694714E-1
9.062500E+0,3.697256E-1
9.097222E+0,3.699798E-1
9.131944E+0,3.702339E-1
9.166667E+0,3.704881E-1
9.201389E+0,3.707423E-1
9.236111E+0,3.709964E-1
9.270833E+0,3.712506E-1
9.305556E+0,3.715048E-1
9.340278E+0,3.717590E-1
9.375000E+0,3.720131E-1
9.409722E+0,3.722673E-1
9.444444E+0,3.725215E-1
9.479167E+0,3.727756E-1
9.513889E+0,3.730298E-1
9.548611E+0,3.732840E-1
9.583333E+0,3.735382E-1
9.618056E+0,3.737923E-1
9.652778E+0,3.740465E-1
9.687500E+0,3.743007E-1
9.722222E+0,3.745549E-1
9.756944E+0,3.748090E-1
9.791667E+0,3.750632E-1
9.826389E+0,3.753174E-1
9.861111E+0,3.755715E-1
9.895833E+0,3.758257E-1
9.930556E+0,3.760799E-1
9.965278E+0,3.763341E-1
1.000000E+1,3.765882E-1
1.003472E+1,3.768424E-1
1.006944E+1,3.770966E-1
1.010417E+1,3.773507E-1
1.013889E+1,3.776049E-1
1.017361E+1,3.778591E-1
1.020833E+1,3.781133E-1
1.024306E+1,3.783674E-1
1.027778E+1,3.786216E-1
1.031250E+1,3.788758E-1
1.034722E+1,3.791299E-1
1.038194E+1,3.793841E-1
1.041667E+1,3.796383E-1
1.045139E+1,3.798925E-1
1.048611E+1,3.801466E-1
1.052083E+1,3.804008E-1
1.055556E+1,3.806550E-1
1.059028E+1,3.809092E-1
1.062500E+1,3.811633E-1
1.065972E+1,3.814175E-1
1.069444E+1,3.816717E-1
1.072917E+1,3.819258E-1
1.076389E+1,3.821800E-1
1.079861E+1,3.824342E-1
1.083333E+1,3.826884E-1
1.086806E+1,3.829425E-1
1.090278E+1,3.831967E-1
1.093750E+1,3.834509E-1
1.097222E+1,3.837050E-1
1.100694E+1,3.839592E-1
1.104167E+1,3.842134E-1
1.107639E+1,3.844676E-1
1.111111E+1,3.847217E-1
1.114583E+1,3.849759E-1
1.118056E+1,3.852301E-1
1.121528E+1,3.854843E-1
1.125000E+1,3.857384E-1
1.128472E+1,3.859926E-1
1.131944E+1,3.862468E-1
1.135417E+1,3.865009E-1
1.138889E+1,3.867551E-1
1.142361E+1,3.870093E-1
1.145833E+1,3.878404E-1
1.149306E+1,3.887684E-1
1.152778E+1,3.896963E-1
1.156250E+1,3.906242E-1
1.159722E+1,3.915522E-1
1.163194E+1,3.924801E-1
1.166667E+1,3.934081E-1
1.170139E+1,3.943360E-1
1.173611E+1,3.952640E-1
1.177083E+1,3.961919E-1
1.180556E+1,3.971199E-1
1.184028E+1,3.980478E-1
1.187500E+1,3.989757E-1
1.190972E+1,3.999037E-1
1.194444E+1,4.008316E-1
1.197917E+1,4.017596E-1
1.201389E+1,4.026875E-1
1.204861E+1,4.036155E-1
1.208333E+1,4.045434E-1
1.211806E+1,4.054714E-1
1.215278E+1,4.063993E-1
1.218750E+1,4.073272E-1
1.222222E+1,4.082552E-1
1.225694E+1,4.091831E-1
1.229167E+1,4.101111E-1
1.232639E+1,4.110390E-1
1.236111E+1,4.119670E-1
1.239583E+1,4.128949E-1
1.243056E+1,4.138229E-1
1.246528E+1,4.147508E-1
1.250000E+1,4.156787E-1
1.253472E+1,4.166067E-1
1.256944E+1,4.175346E-1
1.260417E+1,4.184626E-1
1.263889E+1,4.193905E-1
1.267361E+1,4.203185E-1
1.270833E+1,4.212464E-1
1.274306E+1,4.221744E-1
1.277778E+1,4.231023E-1
1.281250E+1,4.240302E-1
1.284722E+1,4.249582E-1
1.288194E+1,4.258861E-1
1.291667E+1,4.268141E-1
1.295139E+1,4.277420E-1
1.298611E+1,4.286700E-1
1.302083E+1,4.295979E-1
1.305556E+1,4.305259E-1
1.309028E+1,4.314538E-1
1.312500E+1,4.323817E-1
1.315972E+1,4.333097E-1
1.319444E+1,4.342376E-1
1.322917E+1,4.351656E-1
1.326389E+1,4.360935E-1
1.329861E+1,4.370214E-1
1.333333E+1,4.379494E-1
1.336806E+1,4.388774E-1
1.340278E+1,4.398053E-1
1.343750E+1,4.407332E-1
1.347222E+1,4.416612E-1
1.350694E+1,4.425891E-1
1.354167E+1,4.435171E-1
1.357639E+1,4.444450E-1
1.361111E+1,4.453729E-1
1.364583E+1,4.463009E-1
1.368056E+1,4.472288E-1
1.371528E+1,4.481568E-1
1.375000E+1,4.490847E-1
1.378472E+1,4.500127E-1
1.381944E+1,4.509406E-1
1.385417E+1,4.518686E-1
1.388889E+1,4.527965E-1
1.392361E+1,4.537244E-1
1.395833E+1,4.546524E-1
1.399306E+1,4.555803E-1
1.402778E+1,4.565083E-1
1.406250E+1,4.574362E-1
1.409722E+1,4.583642E-1
1.413194E+1,4.592921E-1
1.416667E+1,4.602201E-1
1.420139E+1,4.611480E-1
1.423611E+1,4.620759E-1
1.427083E+1,4.630039E-1
1.430556E+1,4.639318E-1
1.434028E+1,4.648598E-1
1.437500E+1,4.657877E-1
1.440972E+1,4.667157E-1
1.444444E+1,4.676436E-1
1.447917E+1,4.685716E-1
1.451389E+1,4.694995E-1
1.454861E+1,4.704274E-1
1.458333E+1,4.713554E-1
1.461806E+1,4.722833E-1
1.465278E+1,4.732113E-1
1.468750E+1,4.741392E-1
1.472222E+1,4.750671E-1
1.475694E+1,4.759951E-1
1.479167E+1,4.769231E-1
1.482639E+1,4.778510E-1
1.486111E+1,4.787789E-1
1.489583E+1,4.797069E-1
1.493056E+1,4.806348E-1
1.496528E+1,4.815628E-1
1.500000E+1,4.824907E-1
1.503472E+1,4.834186E-1
1.506944E+1,4.843466E-1
1.510417E+1,4.852745E-1
1.513889E+1,4.862025E-1
1.517361E+1,4.871304E-1
1.520833E+1,4.880584E-1
1.524306E+1,4.889863E-1
1.527778E+1,4.899143E-1
1.531250E+1,4.908422E-1
1.534722E+1,4.917701E-1
1.538194E+1,4.926981E-1
1.541667E+1,4.936260E-1
1.545139E+1,4.945540E-1
1.548611E+1,4.954819E-1
1.552083E+1,4.964099E-1
1.555556E+1,4.973378E-1
1.559028E+1,4.975117E-1
1.562500E+1,4.973385E-1
1.565972E+1,4.971653E-1
1.569444E+1,4.969920E-1
1.572917E+1,4.968188E-1
1.576389E+1,4.966456E-1
1.579861E+1,4.964724E-1
1.583333E+1,4.962992E-1
1.586806E+1,4.961260E-1
1.590278E+1,4.959527E-1
1.593750E+1,4.957795E-1
1.597222E+1,4.956063E-1
1.600694E+1,4.954331E-1
1.604167E+1,4.952599E-1
1.607639E+1,4.950867E-1
1.611111E+1,4.949135E-1
1.614583E+1,4.947402E-1
1.618056E+1,4.945670E-1
1.621528E+1,4.943938E-1
1.625000E+1,4.942206E-1
1.628472E+1,4.940474E-1
1.631944E+1,4.938742E-1
1.635417E+1,4.937010E-1
1.638889E+1,4.935277E-1
1.642361E+1,4.933545E-1
1.645833E+1,4.931813E-1
1.649306E+1,4.930081E-1
1.652778E+1,4.928349E-1
1.656250E+1,4.926617E-1
1.659722E+1,4.924885E-1
1.663194E+1,4.923152E-1
1.666667E+1,4.921420E-1
1.670139E+1,4.919688E-1
1.673611E+1,4.917956E-1
1.677083E+1,4.916224E-1
1.680556E+1,4.914492E-1
1.684028E+1,4.912759E-1
1.687500E+1,4.911027E-1
1.690972E+1,4.909295E-1
1.694444E+1,4.907563E-1
1.697917E+1,4.905831E-1
1.701389E+1,4.904099E-1
1.704861E+1,4.902367E-1
1.708333E+1,4.900634E-1
1.711806E+1,4.898902E-1
1.715278E+1,4.897170E-1
1.718750E+1,4.895438E-1
1.722222E+1,4.893706E-1
1.725694E+1,4.891974E-1
1.729167E+1,4.890242E-1
1.732639E+1,4.888509E-1
1.736111E+1,4.886777E-1
1.739583E+1,4.885045E-1
1.743056E+1,4.883313E-1
1.746528E+1,4.881581E-1
1.750000E+1,4.879849E-1
1.753472E+1,4.878117E-1
1.756944E+1,4.876384E-1
1.760417E+1,4.874652E-1
1.763889E+1,4.872920E-1
1.767361E+1,4.871188E-1
1.770833E+1,4.869456E-1
1.774306E+1,4.867724E-1
1.777778E+1,4.865991E-1
1.781250E+1,4.864259E-1
1.784722E+1,4.862527E-1
1.788194E+1,4.860795E-1
1.791667E+1,4.859063E-1
1.795139E+1,4.857331E-1
1.798611E+1,4.855599E-1
1.802083E+1,4.853866E-1
1.805556E+1,4.852134E-1
1.809028E+1,4.850402E-1
1.812500E+1,4.848670E-1
1.815972E+1,4.846938E-1
1.819444E+1,4.845206E-1
1.822917E+1,4.843474E-1
1.826389E+1,4.841741E-1
1.829861E+1,4.840009E-1
1.833333E+1,4.838277E-1
1.836806E+1,4.836545E-1
1.840278E+1,4.834813E-1
1.843750E+1,4.833081E-1
1.847222E+1,4.831349E-1
1.850694E+1,4.829616E-1
1.854167E+1,4.827884E-1
1.857639E+1,4.826152E-1
1.861111E+1,4.824420E-1
1.864583E+1,4.822688E-1
1.868056E+1,4.820956E-1
1.871528E+1,4.819223E-1
1.875000E+1,4.817491E-1
1.878472E+1,4.815759E-1
1.881944E+1,4.814027E-1
1.885417E+1,4.812295E-1
1.888889E+1,4.810563E-1
1.892361E+1,4.808831E-1
1.895833E+1,4.807098E-1
1.899306E+1,4.805366E-1
1.902778E+1,4.803634E-1
1.906250E+1,4.801902E-1
1.909722E+1,4.800170E-1
1.913194E+1,4.798438E-1
1.916667E+1,4.796706E-1
1.920139E+1,4.794973E-1
1.923611E+1,4.793241E-1
1.927083E+1,4.791509E-1
1.930556E+1,4.789777E-1
1.934028E+1,4.788045E-1
1.937500E+1,4.786313E-1
1.940972E+1,4.784581E-1
1.944444E+1,4.782848E-1
1.947917E+1,4.781116E-1
1.951389E+1,4.779384E-1
1.954861E+1,4.777652E-1
1.958333E+1,4.775920E-1
1.961806E+1,4.774188E-1
1.965278E+1,4.772455E-1
1.968750E+1,4.770723E-1
1.972222E+1,4.768991E-1
1.975694E+1,4.767259E-1
1.979167E+1,4.765527E-1
1.982639E+1,4.763795E-1
1.986111E+1,4.762063E-1
1.989583E+1,4.760330E-1
1.993056E+1,4.758598E-1
1.996528E+1,4.756866E-1
2.000000E+1,4.755134E-1
2.003472E+1,4.765104E-1
2.006944E+1,4.775074E-1
2.010417E+1,4.785044E-1
2.013889E+1,4.795013E-1
2.017361E+1,4.804983E-1
2.020833E+1,4.814953E-1
2.024306E+1,4.824923E-1
2.027778E+1,4.834893E-1
2.031250E+1,4.844862E-1
2.034722E+1,4.854832E-1
2.038194E+1,4.864802E-1
2.041667E+1,4.874772E-1
2.045139E+1,4.884742E-1
2.048611E+1,4.894711E-1
2.052083E+1,4.904681E-1
2.055556E+1,4.914651E-1
2.059028E+1,4.924621E-1
2.062500E+1,4.934591E-1
2.065972E+1,4.944561E-1
2.069444E+1,4.954530E-1
2.072917E+1,4.964500E-1
2.076389E+1,4.974470E-1
2.079861E+1,4.984440E-1
2.083333E+1,4.994410E-1
2.086806E+1,5.004380E-1
2.090278E+1,5.014349E-1
2.093750E+1,5.024319E-1
2.097222E+1,5.034289E-1
2.100694E+1,5.044259E-1
2.104167E+1,5.054229E-1
2.107639E+1,5.064199E-1
2.111111E+1,5.074168E-1
2.114583E+1,5.084138E-1
2.118056E+1,5.094108E-1
2.121528E+1,5.104078E-1
2.125000E+1,5.114048E-1
2.128472E+1,5.124017E-1
2.131944E+1,5.133987E-1
2.135417E+1,5.143957E-1
2.138889E+1,5.153927E-1
2.142361E+1,5.163897E-1
2.145833E+1,5.173866E-1
2.149306E+1,5.183836E-1
2.152778E+1,5.193806E-1
2.156250E+1,5.203776E-1
2.159722E+1,5.213746E-1
2.163194E+1,5.223716E-1
2.166667E+1,5.233686E-1
2.170139E+1,5.243655E-1
2.173611E+1,5.253625E-1
2.177083E+1,5.263595E-1
2.180556E+1,5.273565E-1
2.184028E+1,5.283535E-1
2.187500E+1,5.293504E-1
2.190972E+1,5.303474E-1
2.194444E+1,5.313444E-1
2.197917E+1,5.323414E-1
2.201389E+1,5.333384E-1
2.204861E+1,5.343353E-1
2.208333E+1,5.353323E-1
2.211806E+1,5.363293E-1
2.215278E+1,5.373263E-1
2.218750E+1,5.383233E-1
2.222222E+1,5.393203E-1
2.225694E+1,5.403172E-1
2.229167E+1,5.413142E-1
2.232639E+1,5.423112E-1
2.236111E+1,5.433082E-1
2.239583E+1,5.443052E-1
2.243056E+1,5.453022E-1
2.246528E+1,5.462991E-1
2.250000E+1,5.472961E-1
2.253472E+1,5.482931E-1
2.256944E+1,5.492901E-1
2.260417E+1,5.502871E-1
2.263889E+1,5.512841E-1
2.267361E+1,5.522810E-1
2.270833E+1,5.532780E-1
2.274306E+1,5.542750E-1
2.277778E+1,5.552720E-1
2.281250E+1,5.562690E-1
2.284722E+1,5.572659E-1
2.288194E+1,5.582629E-1
2.291667E+1,5.592599E-1
2.295139E+1,5.602569E-1
2.298611E+1,5.612539E-1
2.302083E+1,5.622508E-1
2.305556E+1,5.632479E-1
2.309028E+1,5.642448E-1
2.312500E+1,5.652418E-1
2.315972E+1,5.662388E-1
2.319444E+1,5.672358E-1
2.322917E+1,5.682328E-1
2.326389E+1,5.692297E-1
2.329861E+1,5.702267E-1
2.333333E+1,5.712237E-1
2.336806E+1,5.722207E-1
2.340278E+1,5.732177E-1
2.343750E+1,5.742146E-1
2.347222E+1,5.752116E-1
2.350694E+1,5.762086E-1
2.354167E+1,5.772056E-1
2.357639E+1,5.782026E-1
2.361111E+1,5.791996E-1
2.364583E+1,5.801965E-1
2.368056E+1,5.811935E-1
2.371528E+1,5.821905E-1
2.375000E+1,5.831875E-1
2.378472E+1,5.841845E-1
2.381944E+1,5.851814E-1
2.385417E+1,5.861784E-1
2.388889E+1,5.871754E-1
2.392361E+1,5.881724E-1
2.395833E+1,5.891694E-1
2.399306E+1,5.901664E-1
2.402778E+1,5.911633E-1
2.406250E+1,5.921603E-1
2.409722E+1,5.931573E-1
2.413194E+1,5.941543E-1
2.416667E+1,5.951513E-1
2.420139E+1,5.961483E-1
2.423611E+1,5.971452E-1
2.427083E+1,5.968139E-1
2.430556E+1,5.964674E-1
2.434028E+1,5.961210E-1
2.437500E+1,5.957746E-1
2.440972E+1,5.954281E-1
2.444444E+1,5.950817E-1
2.447917E+1,5.947353E-1
2.451389E+1,5.943888E-1
2.454861E+1,5.940424E-1
2.458333E+1,5.936960E-1
2.461806E+1,5.933495E-1
2.465278E+1,5.930031E-1
2.468750E+1,5.926567E-1
2.472222E+1,5.923103E-1
2.475694E+1,5.919638E-1
2.479167E+1,5.916174E-1
2.482639E+1,5.912710E-1
2.486111E+1,5.909245E-1
2.489583E+1,5.905781E-1
2.493056E+1,5.902317E-1
2.496528E+1,5.898853E-1
2.500000E+1,5.895388E-1
2.503472E+1,5.891924E-1
2.506944E+1,5.888460E-1
2.510417E+1,5.884995E-1
2.513889E+1,5.881531E-1
2.517361E+1,5.878067E-1
2.520833E+1,5.874603E-1
2.524306E+1,5.871138E-1
2.527778E+1,5.867674E-1
2.531250E+1,5.864210E-1
2.534722E+1,5.860745E-1
2.538194E+1,5.857281E-1
2.541667E+1,5.853817E-1
2.545139E+1,5.850352E-1
2.548611E+1,5.846888E-1
2.552083E+1,5.843424E-1
2.555556E+1,5.839959E-1
2.559028E+1,5.836495E-1
2.562500E+1,5.833031E-1
2.565972E+1,5.829567E-1
2.569444E+1,5.826102E-1
2.572917E+1,5.822638E-1
2.576389E+1,5.819174E-1
2.579861E+1,5.815709E-1
2.583333E+1,5.812245E-1
2.586806E+1,5.808781E-1
2.590278E+1,5.805317E-1
2.593750E+1,5.801852E-1
2.597222E+1,5.798388E-1
2.600694E+1,5.794924E-1
2.604167E+1,5.791459E-1
2.607639E+1,5.787995E-1
2.611111E+1,5.784531E-1
2.614583E+1,5.781067E-1
2.618056E+1,5.777602E-1
2.621528E+1,5.774138E-1
2.625000E+1,5.770674E-1
2.628472E+1,5.767209E-1
2.631944E+1,5.763745E-1
2.635417E+1,5.760281E-1
2.638889E+1,5.756816E-1
2.642361E+1,5.753352E-1
2.645833E+1,5.749888E-1
2.649306E+1,5.746423E-1
2.652778E+1,5.742959E-1
2.656250E+1,5.739495E-1
2.659722E+1,5.736031E-1
2.663194E+1,5.732566E-1
2.666667E+1,5.729102E-1
2.670139E+1,5.725638E-1
2.673611E+1,5.722173E-1
2.677083E+1,5.718709E-1
2.680556E+1,5.715245E-1
2.684028E+1,5.711781E-1
2.687500E+1,5.708316E-1
2.690972E+1,5.704852E-1
2.694444E+1,5.701388E-1
2.697917E+1,5.697923E-1
2.701389E+1,5.694459E-1
2.704861E+1,5.690995E-1
2.708333E+1,5.687531E-1
2.711806E+1,5.684066E-1
2.715278E+1,5.680602E-1
2.718750E+1,5.677138E-1
2.722222E+1,5.673673E-1
2.725694E+1,5.670209E-1
2.729167E+1,5.666745E-1
2.732639E+1,5.663280E-1
2.736111E+1,5.659816E-1
2.739583E+1,5.656352E-1
2.743056E+1,5.652887E-1
2.746528E+1,5.649423E-1
2.750000E+1,5.645959E-1
2.753472E+1,5.642495E-1
2.756944E+1,5.639030E-1
2.760417E+1,5.635566E-1
2.763889E+1,5.632102E-1
2.767361E+1,5.628637E-1
2.770833E+1,5.625173E-1
2.774306E+1,5.621709E-1
2.777778E+1,5.618245E-1
2.781250E+1,5.614780E-1
2.784722E+1,5.611316E-1
2.788194E+1,5.607852E-1
2.791667E+1,5.604387E-1
2.795139E+1,5.600923E-1
2.798611E+1,5.597459E-1
2.802083E+1,5.593995E-1
2.805556E+1,5.590530E-1
2.809028E+1,5.587066E-1
2.812500E+1,5.583602E-1
2.815972E+1,5.580137E-1
2.819444E+1,5.576673E-1
2.822917E+1,5.573209E-1
2.826389E+1,5.569744E-1
2.829861E+1,5.566280E-1
2.833333E+1,5.562816E-1
2.836806E+1,5.559351E-1
2.840278E+1,5.555887E-1
2.843750E+1,5.552423E-1
2.847222E+1,5.548959E-1
2.850694E+1,5.545494E-1
2.854167E+1,5.542030E-1
2.857639E+1,5.538566E-1
2.861111E+1,5.535101E-1
2.864583E+1,5.531637E-1
2.868056E+1,5.529741E-1
2.871528E+1,5.531436E-1
2.875000E+1,5.533130E-1
2.878472E+1,5.534825E-1
2.881944E+1,5.536519E-1
2.885417E+1,5.538214E-1
2.888889E+1,5.539908E-1
2.892361E+1,5.541603E-1
2.895833E+1,5.543297E-1
2.899306E+1,5.544992E-1
2.902778E+1,5.546686E-1
2.906250E+1,5.548381E-1
2.909722E+1,5.550075E-1
2.913194E+1,5.551770E-1
2.916667E+1,5.553464E-1
2.920139E+1,5.555159E-1
2.923611E+1,5.556853E-1
2.927083E+1,5.558548E-1
2.930556E+1,5.560242E-1
2.934028E+1,5.561937E-1
2.937500E+1,5.563631E-1
2.940972E+1,5.565326E-1
2.944444E+1,5.567020E-1
2.947917E+1,5.568715E-1
2.951389E+1,5.570409E-1
2.954861E+1,5.572104E-1
2.958333E+1,5.573798E-1
2.961806E+1,5.575493E-1
2.965278E+1,5.577187E-1
2.968750E+1,5.578882E-1
2.972222E+1,5.580576E-1
2.975694E+1,5.582271E-1
2.979167E+1,5.583965E-1
2.982639E+1,5.585660E-1
2.986111E+1,5.587354E-1
2.989583E+1,5.589049E-1
2.993056E+1,5.590743E-1
2.996528E+1,5.592438E-1
3.000000E+1,5.594132E-1
3.003472E+1,5.595827E-1
3.006944E+1,5.597521E-1
3.010417E+1,5.599216E-1
3.013889E+1,5.600910E-1
3.017361E+1,5.602605E-1
3.020833E+1,5.604299E-1
3.024306E+1,5.605994E-1
3.027778E+1,5.607688E-1
3.031250E+1,5.609383E-1
3.034722E+1,5.611077E-1
3.038194E+1,5.612772E-1
3.041667E+1,5.614466E-1
3.045139E+1,5.616161E-1
3.048611E+1,5.617855E-1
3.052083E+1,5.619550E-1
3.055556E+1,5.621244E-1
3.059028E+1,5.622939E-1
3.062500E+1,5.624633E-1
3.065972E+1,5.626328E-1
3.069444E+1,5.628022E-1
3.072917E+1,5.629717E-1
3.076389E+1,5.631411E-1
3.079861E+1,5.633106E-1
3.083333E+1,5.634800E-1
3.086806E+1,5.636495E-1
3.090278E+1,5.638189E-1
3.093750E+1,5.639884E-1
3.097222E+1,5.641578E-1
3.100694E+1,5.643273E-1
3.104167E+1,5.644967E-1
3.107639E+1,5.646662E-1
3.111111E+1,5.648356E-1
3.114583E+1,5.650051E-1
3.118056E+1,5.651745E-1
3.121528E+1,5.653440E-1
3.125000E+1,5.655134E-1
3.128472E+1,5.656829E-1
3.131944E+1,5.658523E-1
3.135417E+1,5.660218E-1
3.138889E+1,5.661912E-1
3.142361E+1,5.663607E-1
3.145833E+1,5.665301E-1
3.149306E+1,5.666996E-1
3.152778E+1,5.668690E-1
3.156250E+1,5.670385E-1
3.159722E+1,5.672079E-1
3.163194E+1,5.673774E-1
3.166667E+1,5.675468E-1
3.170139E+1,5.677163E-1
3.173611E+1,5.678857E-1
3.177083E+1,5.680552E-1
3.180556E+1,5.682246E-1
3.184028E+1,5.683941E-1
3.187500E+1,5.685635E-1
3.190972E+1,5.687330E-1
3.194444E+1,5.689024E-1
3.197917E+1,5.690719E-1
3.201389E+1,5.692413E-1
3.204861E+1,5.694108E-1
3.208333E+1,5.695802E-1
3.211806E+1,5.697497E-1
3.215278E+1,5.699191E-1
3.218750E+1,5.700886E-1
3.222222E+1,5.702580E-1
3.225694E+1,5.704275E-1
3.229167E+1,5.705969E-1
3.232639E+1,5.707664E-1
3.236111E+1,5.709358E-1
3.239583E+1,5.711053E-1
3.243056E+1,5.712747E-1
3.246528E+1,5.714442E-1
3.250000E+1,5.716136E-1
3.253472E+1,5.717831E-1
3.256944E+1,5.719525E-1
3.260417E+1,5.721220E-1
3.263889E+1,5.722914E-1
3.267361E+1,5.724609E-1
3.270833E+1,5.726303E-1
3.274306E+1,5.727998E-1
3.277778E+1,5.729692E-1
3.281250E+1,5.731387E-1
3.284722E+1,5.733081E-1
3.288194E+1,5.734776E-1
3.291667E+1,5.736470E-1
3.295139E+1,5.738165E-1
3.298611E+1,5.739859E-1
3.302083E+1,5.741554E-1
3.305556E+1,5.743248E-1
3.309028E+1,5.744943E-1
3.312500E+1,5.746637E-1
3.315972E+1,5.748332E-1
3.319444E+1,5.750026E-1
3.322917E+1,5.751139E-1
3.326389E+1,5.752089E-1
3.329861E+1,5.753040E-1
3.333333E+1,5.753990E-1
3.336806E+1,5.754941E-1
3.340278E+1,5.755892E-1
3.343750E+1,5.756842E-1
3.347222E+1,5.757793E-1
3.350694E+1,5.758743E-1
3.354167E+1,5.759694E-1
3.357639E+1,5.760644E-1
3.361111E+1,5.761595E-1
3.364583E+1,5.762546E-1
3.368056E+1,5.763496E-1
3.371528E+1,5.764447E-1
3.375000E+1,5.765397E-1
3.378472E+1,5.766348E-1
3.381944E+1,5.767298E-1
3.385417E+1,5.768249E-1
3.388889E+1,5.769200E-1
3.392361E+1,5.770150E-1
3.395833E+1,5.771101E-1
3.399306E+1,5.772051E-1
3.402778E+1,5.773002E-1
3.406250E+1,5.773952E-1
3.409722E+1,5.774903E-1
3.413194E+1,5.775853E-1
3.416667E+1,5.776804E-1
3.420139E+1,5.777755E-1
3.423611E+1,5.778705E-1
3.427083E+1,5.779656E-1
3.430556E+1,5.780606E-1
3.434028E+1,5.781557E-1
3.437500E+1,5.782507E-1
3.440972E+1,5.783458E-1
3.444444E+1,5.784409E-1
3.447917E+1,5.785359E-1
3.451389E+1,5.786310E-1
3.454861E+1,5.787260E-1
3.458333E+1,5.788211E-1
3.461806E+1,5.789161E-1
3.465278E+1,5.790112E-1
3.468750E+1,5.791063E-1
3.472222E+1,5.792013E-1
3.475694E+1,5.792964E-1
3.479167E+1,5.793914E-1
3.482639E+1,5.794865E-1
3.486111E+1,5.795815E-1
3.489583E+1,5.796766E-1
3.493056E+1,5.797717E-1
3.496528E+1,5.798667E-1
3.500000E+1,5.799618E-1
3.503472E+1,5.800568E-1
3.506944E+1,5.801519E-1
3.510417E+1,5.802469E-1
3.513889E+1,5.803420E-1
3.517361E+1,5.804370E-1
3.520833E+1,5.805321E-1
3.524306E+1,5.806272E-1
3.527778E+1,5.807222E-1
3.531250E+1,5.808173E-1
3.534722E+1,5.809123E-1
3.538194E+1,5.810074E-1
3.541667E+1,5.811024E-1
3.545139E+1,5.811975E-1
3.548611E+1,5.812926E-1
3.552083E+1,5.813876E-1
3.555556E+1,5.814827E-1
3.559028E+1,5.815777E-1
3.562500E+1,5.816728E-1
3.565972E+1,5.817678E-1
3.569444E+1,5.818629E-1
3.572917E+1,5.819580E-1
3.576389E+1,5.820530E-1
3.579861E+1,5.821481E-1
3.583333E+1,5.822431E-1
3.586806E+1,5.823382E-1
3.590278E+1,5.824332E-1
3.593750E+1,5.825283E-1
3.597222E+1,5.826234E-1
3.600694E+1,5.827184E-1
3.604167E+1,5.828135E-1
3.607639E+1,5.829085E-1
3.611111E+1,5.830036E-1
3.614583E+1,5.830986E-1
3.618056E+1,5.831937E-1
3.621528E+1,5.832888E-1
3.625000E+1,5.833838E-1
3.628472E+1,5.834789E-1
3.631944E+1,5.835739E-1
3.635417E+1,5.836690E-1
3.638889E+1,5.837640E-1
3.642361E+1,5.838591E-1
3.645833E+1,5.839541E-1
3.649306E+1,5.840492E-1
3.652778E+1,5.841443E-1
3.656250E+1,5.842393E-1
3.659722E+1,5.843344E-1
3.663194E+1,5.844294E-1
3.666667E+1,5.845245E-1
3.670139E+1,5.846195E-1
3.673611E+1,5.847146E-1
3.677083E+1,5.848097E-1
3.680556E+1,5.849047E-1
3.684028E+1,5.849998E-1
3.687500E+1,5.850948E-1
3.690972E+1,5.851899E-1
3.694444E+1,5.852849E-1
3.697917E+1,5.853800E-1
3.701389E+1,5.854751E-1
3.704861E+1,5.855701E-1
3.708333E+1,5.856652E-1
3.711806E+1,5.857602E-1
3.715278E+1,5.858553E-1
3.718750E+1,5.859503E-1
3.722222E+1,5.860454E-1
3.725694E+1,5.856896E-1
3.729167E+1,5.847774E-1
3.732639E+1,5.838652E-1
3.736111E+1,5.829531E-1
3.739583E+1,5.820410E-1
3.743056E+1,5.811288E-1
3.746528E+1,5.802166E-1
3.750000E+1,5.793045E-1
3.753472E+1,5.783924E-1
3.756944E+1,5.774802E-1
3.760417E+1,5.765680E-1
3.763889E+1,5.756559E-1
3.767361E+1,5.747437E-1
3.770833E+1,5.738316E-1
3.774306E+1,5.729194E-1
3.777778E+1,5.720073E-1
3.781250E+1,5.710951E-1
3.784722E+1,5.701830E-1
3.788194E+1,5.692709E-1
3.791667E+1,5.683587E-1
3.795139E+1,5.674465E-1
3.798611E+1,5.665344E-1
3.802083E+1,5.656223E-1
3.805556E+1,5.647101E-1
3.809028E+1,5.637979E-1
3.812500E+1,5.628858E-1
3.815972E+1,5.619736E-1
3.819444E+1,5.610615E-1
3.822917E+1,5.601493E-1
3.826389E+1,5.592372E-1
3.829861E+1,5.583250E-1
3.833333E+1,5.574129E-1
3.836806E+1,5.565007E-1
3.840278E+1,5.555886E-1
3.843750E+1,5.546764E-1
3.847222E+1,5.537643E-1
3.850694E+1,5.528522E-1
3.854167E+1,5.519400E-1
3.857639E+1,5.510278E-1
3.861111E+1,5.501157E-1
3.864583E+1,5.492035E-1
3.868056E+1,5.482914E-1
3.871528E+1,5.473792E-1
3.875000E+1,5.464671E-1
3.878472E+1,5.455549E-1
3.881944E+1,5.446428E-1
3.885417E+1,5.437306E-1
3.888889E+1,5.428185E-1
3.892361E+1,5.419063E-1
3.895833E+1,5.409942E-1
3.899306E+1,5.400820E-1
3.902778E+1,5.391699E-1
3.906250E+1,5.382577E-1
3.909722E+1,5.373456E-1
3.913194E+1,5.364334E-1
3.916667E+1,5.355213E-1
3.920139E+1,5.346091E-1
3.923611E+1,5.336970E-1
3.927083E+1,5.327848E-1
3.930556E+1,5.318727E-1
3.934028E+1,5.309605E-1
3.937500E+1,5.300484E-1
3.940972E+1,5.291362E-1
3.944444E+1,5.282241E-1
3.947917E+1,5.273119E-1
3.951389E+1,5.263998E-1
3.954861E+1,5.254876E-1
3.958333E+1,5.245755E-1
3.961806E+1,5.236633E-1
3.965278E+1,5.227512E-1
3.968750E+1,5.218390E-1
3.972222E+1,5.209269E-1
3.975694E+1,5.200147E-1
3.979167E+1,5.191026E-1
3.982639E+1,5.181904E-1
3.986111E+1,5.172783E-1
3.989583E+1,5.163661E-1
3.993056E+1,5.154540E-1
3.996528E+1,5.145418E-1
4.000000E+1,5.136297E-1
4.003472E+1,5.127175E-1
4.006944E+1,5.118054E-1
4.010417E+1,5.108932E-1
4.013889E+1,5.099811E-1
4.017361E+1,5.090689E-1
4.020833E+1,5.081568E-1
4.024306E+1,5.072446E-1
4.027778E+1,5.063325E-1
4.031250E+1,5.054203E-1
4.034722E+1,5.045082E-1
4.038194E+1,5.035960E-1
4.041667E+1,5.026839E-1
4.045139E+1,5.017717E-1
4.048611E+1,5.008596E-1
4.052083E+1,4.999474E-1
4.055556E+1,4.990353E-1
4.059028E+1,4.981231E-1
4.062500E+1,4.972110E-1
4.065972E+1,4.962988E-1
4.069444E+1,4.953867E-1
4.072917E+1,4.944745E-1
4.076389E+1,4.935624E-1
4.079861E+1,4.926502E-1
4.083333E+1,4.917381E-1
4.086806E+1,4.908259E-1
4.090278E+1,4.899138E-1
4.093750E+1,4.890016E-1
4.097222E+1,4.880895E-1
4.100694E+1,4.871773E-1
4.104167E+1,4.862652E-1
4.107639E+1,4.853530E-1
4.111111E+1,4.844409E-1
4.114583E+1,4.835287E-1
4.118056E+1,4.826166E-1
4.121528E+1,4.817044E-1
4.125000E+1,4.807923E-1
4.128472E+1,4.798801E-1
4.131944E+1,4.789680E-1
4.135417E+1,4.780558E-1
4.138889E+1,4.771437E-1
4.142361E+1,4.762315E-1
4.145833E+1,4.753194E-1
4.149306E+1,4.744072E-1
4.152778E+1,4.734951E-1
4.156250E+1,4.725829E-1
4.159722E+1,4.716708E-1
4.163194E+1,4.707586E-1
4.166667E+1,4.698465E-1
4.170139E+1,4.689343E-1
4.173611E+1,4.680222E-1
4.177083E+1,4.671100E-1
4.180556E+1,4.661979E-1
4.184028E+1,4.652857E-1
4.187500E+1,4.644631E-1
4.190972E+1,4.645537E-1
4.194444E+1,4.646444E-1
4.197917E+1,4.647350E-1
4.201389E+1,4.648256E-1
4.204861E+1,4.649163E-1
4.208333E+1,4.650069E-1
4.211806E+1,4.650975E-1
4.215278E+1,4.651882E-1
4.218750E+1,4.652788E-1
4.222222E+1,4.653694E-1
4.225694E+1,4.654601E-1
4.229167E+1,4.655507E-1
4.232639E+1,4.656413E-1
4.236111E+1,4.657320E-1
4.239583E+1,4.658226E-1
4.243056E+1,4.659132E-1
4.246528E+1,4.660039E-1
4.250000E+1,4.660945E-1
4.253472E+1,4.661851E-1
4.256944E+1,4.662758E-1
4.260417E+1,4.663664E-1
4.263889E+1,4.664570E-1
4.267361E+1,4.665477E-1
4.270833E+1,4.666383E-1
4.274306E+1,4.667290E-1
4.277778E+1,4.668196E-1
4.281250E+1,4.669102E-1
4.284722E+1,4.670009E-1
4.288194E+1,4.670915E-1
4.291667E+1,4.671821E-1
4.295139E+1,4.672728E-1
4.298611E+1,4.673634E-1
4.302083E+1,4.674540E-1
4.305556E+1,4.675447E-1
4.309028E+1,4.676353E-1
4.312500E+1,4.677259E-1
4.315972E+1,4.678166E-1
4.319444E+1,4.679072E-1
4.322917E+1,4.679978E-1
4.326389E+1,4.680885E-1
4.329861E+1,4.681791E-1
4.333333E+1,4.682697E-1
4.336806E+1,4.683604E-1
4.340278E+1,4.684510E-1
4.343750E+1,4.685416E-1
4.347222E+1,4.686323E-1
4.350694E+1,4.687229E-1
4.354167E+1,4.688135E-1
4.357639E+1,4.689042E-1
4.361111E+1,4.689948E-1
4.364583E+1,4.690854E-1
4.368056E+1,4.691761E-1
4.371528E+1,4.692667E-1
4.375000E+1,4.693573E-1
4.378472E+1,4.694480E-1
4.381944E+1,4.695386E-1
4.385417E+1,4.696292E-1
4.388889E+1,4.697199E-1
4.392361E+1,4.698105E-1
4.395833E+1,4.699011E-1
4.399306E+1,4.699918E-1
4.402778E+1,4.700824E-1
4.406250E+1,4.701731E-1
4.409722E+1,4.702637E-1
4.413194E+1,4.703543E-1
4.416667E+1,4.704450E-1
4.420139E+1,4.705356E-1
4.423611E+1,4.706262E-1
4.427083E+1,4.707169E-1
4.430556E+1,4.708075E-1
4.434028E+1,4.708981E-1
4.437500E+1,4.709888E-1
4.440972E+1,4.710794E-1
4.444444E+1,4.711700E-1
4.447917E+1,4.712607E-1
4.451389E+1,4.713513E-1
4.454861E+1,4.714419E-1
4.458333E+1,4.715326E-1
4.461806E+1,4.716232E-1
4.465278E+1,4.717138E-1
4.468750E+1,4.718045E-1
4.472222E+1,4.718951E-1
4.475694E+1,4.719857E-1
4.479167E+1,4.720764E-1
4.482639E+1,4.721670E-1
4.486111E+1,4.722576E-1
4.489583E+1,4.723483E-1
4.493056E+1,4.724389E-1
4.496528E+1,4.725295E-1
4.500000E+1,4.726202E-1
4.503472E+1,4.727108E-1
4.506944E+1,4.728014E-1
4.510417E+1,4.728921E-1
4.513889E+1,4.729827E-1
4.517361E+1,4.730734E-1
4.520833E+1,4.731640E-1
4.524306E+1,4.732546E-1
4.527778E+1,4.733453E-1
4.531250E+1,4.734359E-1
4.534722E+1,4.735265E-1
4.538194E+1,4.736172E-1
4.541667E+1,4.737078E-1
4.545139E+1,4.737984E-1
4.548611E+1,4.738891E-1
4.552083E+1,4.739797E-1
4.555556E+1,4.740703E-1
4.559028E+1,4.741610E-1
4.562500E+1,4.742516E-1
4.565972E+1,4.743422E-1
4.569444E+1,4.744329E-1
4.572917E+1,4.745235E-1
4.576389E+1,4.746141E-1
4.579861E+1,4.747048E-1
4.583333E+1,4.747954E-1
4.586806E+1,4.748860E-1
4.590278E+1,4.749767E-1
4.593750E+1,4.750673E-1
4.597222E+1,4.751579E-1
4.600694E+1,4.752486E-1
4.604167E+1,4.753392E-1
4.607639E+1,4.754298E-1
4.611111E+1,4.755276E-1
4.614583E+1,4.757088E-1
4.618056E+1,4.758901E-1
4.621528E+1,4.760714E-1
4.625000E+1,4.762526E-1
4.628472E+1,4.764339E-1
4.631944E+1,4.766152E-1
4.635417E+1,4.767965E-1
4.638889E+1,4.769777E-1
4.642361E+1,4.771590E-1
4.645833E+1,4.773403E-1
4.649306E+1,4.775216E-1
4.652778E+1,4.777028E-1
4.656250E+1,4.778841E-1
4.659722E+1,4.780654E-1
4.663194E+1,4.782467E-1
4.666667E+1,4.784279E-1
4.670139E+1,4.786092E-1
4.673611E+1,4.787905E-1
4.677083E+1,4.789718E-1
4.680556E+1,4.791530E-1
4.684028E+1,4.793343E-1
4.687500E+1,4.795156E-1
4.690972E+1,4.796968E-1
4.694444E+1,4.798781E-1
4.697917E+1,4.800594E-1
4.701389E+1,4.802407E-1
4.704861E+1,4.804219E-1
4.708333E+1,4.806032E-1
4.711806E+1,4.807845E-1
4.715278E+1,4.809658E-1
4.718750E+1,4.811470E-1
4.722222E+1,4.813283E-1
4.725694E+1,4.815096E-1
4.729167E+1,4.816909E-1
4.732639E+1,4.818721E-1
4.736111E+1,4.820534E-1
4.739583E+1,4.822347E-1
4.743056E+1,4.824160E-1
4.746528E+1,4.825972E-1
4.750000E+1,4.827785E-1
4.753472E+1,4.829598E-1
4.756944E+1,4.831410E-1
4.760417E+1,4.833223E-1
4.763889E+1,4.835036E-1
4.767361E+1,4.836849E-1
4.770833E+1,4.838661E-1
4.774306E+1,4.840474E-1
4.777778E+1,4.842287E-1
4.781250E+1,4.844100E-1
4.784722E+1,4.845912E-1
4.788194E+1,4.847725E-1
4.791667E+1,4.849538E-1
4.795139E+1,4.851351E-1
4.798611E+1,4.853163E-1
4.802083E+1,4.854976E-1
4.805556E+1,4.856789E-1
4.809028E+1,4.858602E-1
4.812500E+1,4.860414E-1
4.815972E+1,4.862227E-1
4.819444E+1,4.864040E-1
4.822917E+1,4.865853E-1
4.826389E+1,4.867665E-1
4.829861E+1,4.869478E-1
4.833333E+1,4.871291E-1
4.836806E+1,4.873103E-1
4.840278E+1,4.874916E-1
4.843750E+1,4.876729E-1
4.847222E+1,4.878542E-1
4.850694E+1,4.880354E-1
4.854167E+1,4.882167E-1
4.857639E+1,4.883980E-1
4.861111E+1,4.885793E-1
4.864583E+1,4.887605E-1
4.868056E+1,4.889418E-1
4.871528E+1,4.891231E-1
4.875000E+1,4.893044E-1
4.878472E+1,4.894856E-1
4.881944E+1,4.896669E-1
4.885417E+1,4.898482E-1
4.888889E+1,4.900295E-1
4.892361E+1,4.902107E-1
4.895833E+1,4.903920E-1
4.899306E+1,4.905733E-1
4.902778E+1,4.907545E-1
4.906250E+1,4.909358E-1
4.909722E+1,4.911171E-1
4.913194E+1,4.912984E-1
4.916667E+1,4.914796E-1
4.920139E+1,4.916609E-1
4.923611E+1,4.918422E-1
4.927083E+1,4.920235E-1
4.930556E+1,4.922047E-1
4.934028E+1,4.923860E-1
4.937500E+1,4.925673E-1
4.940972E+1,4.927486E-1
4.944444E+1,4.929298E-1
4.947917E+1,4.931111E-1
4.951389E+1,4.932924E-1
4.954861E+1,4.934736E-1
4.958333E+1,4.936549E-1
4.961806E+1,4.938362E-1
4.965278E+1,4.940175E-1
4.968750E+1,4.941987E-1
4.972222E+1,4.943800E-1
4.975694E+1,4.945613E-1
4.979167E+1,4.947426E-1
4.982639E+1,4.949238E-1
4.986111E+1,4.951051E-1
4.989583E+1,4.952864E-1
4.993056E+1,4.954677E-1
4.996528E+1,4.956489E-1
5.000000E+1,4.958302E-1
5.003472E+1,4.960115E-1
5.006944E+1,4.961928E-1
5.010417E+1,4.963740E-1
5.013889E+1,4.965553E-1
5.017361E+1,4.967366E-1
5.020833E+1,4.969178E-1
5.024306E+1,4.970991E-1
5.027778E+1,4.972804E-1
5.031250E+1,4.974617E-1
5.034722E+1,4.976243E-1
5.038194E+1,4.975377E-1
5.041667E+1,4.974510E-1
5.045139E+1,4.973644E-1
5.048611E+1,4.972778E-1
5.052083E+1,4.971912E-1
5.055556E+1,4.971046E-1
5.059028E+1,4.970180E-1
5.062500E+1,4.969314E-1
5.065972E+1,4.968448E-1
5.069444E+1,4.967582E-1
5.072917E+1,4.966716E-1
5.076389E+1,4.965850E-1
5.079861E+1,4.964984E-1
5.083333E+1,4.964118E-1
5.086806E+1,4.963252E-1
5.090278E+1,4.962385E-1
5.093750E+1,4.961519E-1
5.097222E+1,4.960653E-1
5.100694E+1,4.959787E-1
5.104167E+1,4.958921E-1
5.107639E+1,4.958055E-1
5.111111E+1,4.957189E-1
5.114583E+1,4.956323E-1
5.118056E+1,4.955457E-1
5.121528E+1,4.954591E-1
5.125000E+1,4.953725E-1
5.128472E+1,4.952859E-1
5.131944E+1,4.951993E-1
5.135417E+1,4.951127E-1
5.138889E+1,4.950260E-1
5.142361E+1,4.949394E-1
5.145833E+1,4.948528E-1
5.149306E+1,4.947662E-1
5.152778E+1,4.946796E-1
5.156250E+1,4.945930E-1
5.159722E+1,4.945064E-1
5.163194E+1,4.944198E-1
5.166667E+1,4.943332E-1
5.170139E+1,4.942466E-1
5.173611E+1,4.941600E-1
5.177083E+1,4.940734E-1
5.180556E+1,4.939868E-1
5.184028E+1,4.939002E-1
5.187500E+1,4.938135E-1
5.190972E+1,4.937269E-1
5.194444E+1,4.936403E-1
5.197917E+1,4.935537E-1
5.201389E+1,4.934671E-1
5.204861E+1,4.933805E-1
5.208333E+1,4.932939E-1
5.211806E+1,4.932073E-1
5.215278E+1,4.931207E-1
5.218750E+1,4.930341E-1
5.222222E+1,4.929475E-1
5.225694E+1,4.928609E-1
5.229167E+1,4.927743E-1
5.232639E+1,4.926877E-1
5.236111E+1,4.926011E-1
5.239583E+1,4.925144E-1
5.243056E+1,4.924278E-1
5.246528E+1,4.923412E-1
5.250000E+1,4.922546E-1
5.253472E+1,4.921680E-1
5.256944E+1,4.920814E-1
5.260417E+1,4.919948E-1
5.263889E+1,4.919082E-1
5.267361E+1,4.918216E-1
5.270833E+1,4.917350E-1
5.274306E+1,4.916484E-1
5.277778E+1,4.915618E-1
5.281250E+1,4.914752E-1
5.284722E+1,4.913886E-1
5.288194E+1,4.913019E-1
5.291667E+1,4.912153E-1
5.295139E+1,4.911287E-1
5.298611E+1,4.910421E-1
5.302083E+1,4.909555E-1
5.305556E+1,4.908689E-1
5.309028E+1,4.907823E-1
5.312500E+1,4.906957E-1
5.315972E+1,4.906091E-1
5.319444E+1,4.905225E-1
5.322917E+1,4.904359E-1
5.326389E+1,4.903493E-1
5.329861E+1,4.902627E-1
5.333333E+1,4.901761E-1
5.336806E+1,4.900894E-1
5.340278E+1,4.900028E-1
5.343750E+1,4.899162E-1
5.347222E+1,4.898296E-1
5.350694E+1,4.897430E-1
5.354167E+1,4.896564E-1
5.357639E+1,4.895698E-1
5.361111E+1,4.894832E-1
5.364583E+1,4.893966E-1
5.368056E+1,4.893100E-1
5.371528E+1,4.892234E-1
5.375000E+1,4.891368E-1
5.378472E+1,4.890502E-1
5.381944E+1,4.889636E-1
5.385417E+1,4.888769E-1
5.388889E+1,4.887903E-1
5.392361E+1,4.887037E-1
5.395833E+1,4.886171E-1
5.399306E+1,4.885305E-1
5.402778E+1,4.884439E-1
5.406250E+1,4.883573E-1
5.409722E+1,4.882707E-1
5.413194E+1,4.881841E-1
5.416667E+1,4.880975E-1
5.420139E+1,4.880109E-1
5.423611E+1,4.879243E-1
5.427083E+1,4.878377E-1
5.430556E+1,4.877511E-1
5.434028E+1,4.876645E-1
5.437500E+1,4.875778E-1
5.440972E+1,4.874912E-1
5.444444E+1,4.874046E-1
5.447917E+1,4.873180E-1
5.451389E+1,4.872314E-1
5.454861E+1,4.871448E-1
5.458333E+1,4.870582E-1
5.461806E+1,4.869716E-1
5.465278E+1,4.868850E-1
5.468750E+1,4.867984E-1
5.472222E+1,4.867118E-1
5.475694E+1,4.866252E-1
5.479167E+1,4.864052E-1
5.482639E+1,4.859722E-1
5.486111E+1,4.855391E-1
5.489583E+1,4.851061E-1
5.493056E+1,4.846730E-1
5.496528E+1,4.842400E-1
5.500000E+1,4.838070E-1
5.503472E+1,4.833739E-1
5.506944E+1,4.829409E-1
5.510417E+1,4.825079E-1
5.513889E+1,4.820748E-1
5.517361E+1,4.816418E-1
5.520833E+1,4.812088E-1
5.524306E+1,4.807757E-1
5.527778E+1,4.803427E-1
5.531250E+1,4.799096E-1
5.534722E+1,4.794766E-1
5.538194E+1,4.790436E-1
5.541667E+1,4.786105E-1
5.545139E+1,4.781775E-1
5.548611E+1,4.777445E-1
5.552083E+1,4.773114E-1
5.555556E+1,4.768784E-1
5.559028E+1,4.764453E-1
5.562500E+1,4.760123E-1
5.565972E+1,4.755793E-1
5.569444E+1,4.751462E-1
5.572917E+1,4.747132E-1
5.576389E+1,4.742801E-1
5.579861E+1,4.738471E-1
5.583333E+1,4.734141E-1
5.586806E+1,4.729810E-1
5.590278E+1,4.725480E-1
5.593750E+1,4.721150E-1
5.597222E+1,4.716819E-1
5.600694E+1,4.712489E-1
5.604167E+1,4.708158E-1
5.607639E+1,4.703828E-1
5.611111E+1,4.699498E-1
5.614583E+1,4.695167E-1
5.618056E+1,4.690837E-1
5.621528E+1,4.686507E-1
5.625000E+1,4.682176E-1
5.628472E+1,4.677846E-1
5.631944E+1,4.673516E-1
5.635417E+1,4.669185E-1
5.638889E+1,4.664855E-1
5.642361E+1,4.660524E-1
5.645833E+1,4.656194E-1
5.649306E+1,4.651864E-1
5.652778E+1,4.647533E-1
5.656250E+1,4.643203E-1
5.659722E+1,4.638873E-1
5.663194E+1,4.634542E-1
5.666667E+1,4.630212E-1
5.670139E+1,4.625881E-1
5.673611E+1,4.621551E-1
5.677083E+1,4.617221E-1
5.680556E+1,4.612890E-1
5.684028E+1,4.608560E-1
5.687500E+1,4.604230E-1
5.690972E+1,4.599899E-1
5.694444E+1,4.595569E-1
5.697917E+1,4.591238E-1
5.701389E+1,4.586908E-1
5.704861E+1,4.582578E-1
5.708333E+1,4.578247E-1
5.711806E+1,4.573917E-1
5.715278E+1,4.569586E-1
5.718750E+1,4.565256E-1
5.722222E+1,4.560926E-1
5.725694E+1,4.556595E-1
5.729167E+1,4.552265E-1
5.732639E+1,4.547935E-1
5.736111E+1,4.543604E-1
5.739583E+1,4.539274E-1
5.743056E+1,4.534943E-1
5.746528E+1,4.530613E-1
5.750000E+1,4.526283E-1
5.753472E+1,4.521952E-1
5.756944E+1,4.517622E-1
5.760417E+1,4.513292E-1
5.763889E+1,4.508961E-1
5.767361E+1,4.504631E-1
5.770833E+1,4.500301E-1
5.774306E+1,4.495970E-1
5.777778E+1,4.491640E-1
5.781250E+1,4.487309E-1
5.784722E+1,4.482979E-1
5.788194E+1,4.478649E-1
5.791667E+1,4.474318E-1
5.795139E+1,4.469988E-1
5.798611E+1,4.465658E-1
5.802083E+1,4.461327E-1
5.805556E+1,4.456997E-1
5.809028E+1,4.452666E-1
5.812500E+1,4.448336E-1
5.815972E+1,4.444006E-1
5.819444E+1,4.439675E-1
5.822917E+1,4.435345E-1
5.826389E+1,4.431015E-1
5.829861E+1,4.426684E-1
5.833333E+1,4.422354E-1
5.836806E+1,4.418023E-1
5.840278E+1,4.413693E-1
5.843750E+1,4.409363E-1
5.847222E+1,4.405032E-1
5.850694E+1,4.400702E-1
5.854167E+1,4.396371E-1
5.857639E+1,4.392041E-1
5.861111E+1,4.387711E-1
5.864583E+1,4.383380E-1
5.868056E+1,4.379050E-1
5.871528E+1,4.374720E-1
5.875000E+1,4.370389E-1
5.878472E+1,4.366059E-1
5.881944E+1,4.361729E-1
5.885417E+1,4.357398E-1
5.888889E+1,4.353068E-1
5.892361E+1,4.348737E-1
5.895833E+1,4.344407E-1
5.899306E+1,4.340077E-1
5.902778E+1,4.335746E-1
5.906250E+1,4.331416E-1
5.909722E+1,4.327086E-1
5.913194E+1,4.322755E-1
5.916667E+1,4.318425E-1
5.920139E+1,4.314094E-1
5.923611E+1,4.312796E-1
5.927083E+1,4.312796E-1
5.930556E+1,4.312796E-1
5.934028E+1,4.312796E-1
5.937500E+1,4.312796E-1
5.940972E+1,4.312796E-1
5.944444E+1,4.312796E-1
5.947917E+1,4.312796E-1
5.951389E+1,4.312796E-1
5.954861E+1,4.312796E-1
5.958333E+1,4.312796E-1
5.961806E+1,4.312796E-1
5.965278E+1,4.312796E-1
5.968750E+1,4.312796E-1
5.972222E+1,4.312796E-1
5.975694E+1,4.312796E-1
5.979167E+1,4.312796E-1
5.982639E+1,4.312796E-1
5.986111E+1,4.312796E-1
5.989583E+1,4.312796E-1
5.993056E+1,4.312796E-1
5.996528E+1,4.312796E-1
6.000000E+1,4.312796E-1
6.003472E+1,4.312796E-1
6.006944E+1,4.312796E-1
6.010417E+1,4.312796E-1
6.013889E+1,4.312796E-1
6.017361E+1,4.312796E-1
6.020833E+1,4.312796E-1
6.024306E+1,4.312796E-1
6.027778E+1,4.312796E-1
6.031250E+1,4.312796E-1
6.034722E+1,4.312796E-1
6.038194E+1,4.312796E-1
6.041667E+1,4.312796E-1
6.045139E+1,4.312796E-1
6.048611E+1,4.312796E-1
6.052083E+1,4.312796E-1
6.055556E+1,4.312796E-1
6.059028E+1,4.312796E-1
6.062500E+1,4.312796E-1
6.065972E+1,4.312796E-1
6.069444E+1,4.312796E-1
6.072917E+1,4.312796E-1
6.076389E+1,4.312796E-1
6.079861E+1,4.312796E-1
6.083333E+1,4.312796E-1
6.086806E+1,4.312796E-1
6.090278E+1,4.312796E-1
6.093750E+1,4.312796E-1
6.097222E+1,4.312796E-1
6.100694E+1,4.312796E-1
6.104167E+1,4.312796E-1
6.107639E+1,4.312796E-1
6.111111E+1,4.312796E-1
6.114583E+1,4.312796E-1
6.118056E+1,4.312796E-1
6.121528E+1,4.312796E-1
6.125000E+1,4.312796E-1
6.128472E+1,4.312796E-1
6.131944E+1,4.312796E-1
6.135417E+1,4.312796E-1
6.138889E+1,4.312796E-1
6.142361E+1,4.312796E-1
6.145833E+1,4.312796E-1
6.149306E+1,4.312796E-1
6.152778E+1,4.312796E-1
6.156250E+1,4.312796E-1
6.159722E+1,4.312796E-1
6.163194E+1,4.312796E-1
6.166667E+1,4.312796E-1
6.170139E+1,4.312796E-1
6.173611E+1,4.312796E-1
6.177083E+1,4.312796E-1
6.180556E+1,4.312796E-1
6.184028E+1,4.312796E-1
6.187500E+1,4.312796E-1
6.190972E+1,4.312796E-1
6.194444E+1,4.312796E-1
6.197917E+1,4.312796E-1
6.201389E+1,4.312796E-1
6.204861E+1,4.312796E-1
6.208333E+1,4.312796E-1
6.211806E+1,4.312796E-1
6.215278E+1,4.312796E-1
6.218750E+1,4.312796E-1
6.222222E+1,4.312796E-1
6.225694E+1,4.312796E-1
6.229167E+1,4.312796E-1
6.232639E+1,4.312796E-1
6.236111E+1,4.312796E-1
6.239583E+1,4.312796E-1
6.243056E+1,4.312796E-1
6.246528E+1,4.312796E-1
6.250000E+1,4.312796E-1
6.253472E+1,4.312796E-1
6.256944E+1,4.312796E-1
6.260417E+1,4.312796E-1
6.263889E+1,4.312796E-1
6.267361E+1,4.312796E-1
6.270833E+1,4.312796E-1
6.274306E+1,4.312796E-1
6.277778E+1,4.312796E-1
6.281250E+1,4.312796E-1
6.284722E+1,4.312796E-1
6.288194E+1,4.312796E-1
6.291667E+1,4.312796E-1
6.295139E+1,4.312796E-1
6.298611E+1,4.312796E-1
6.302083E+1,4.312796E-1
6.305556E+1,4.312796E-1
6.309028E+1,4.312796E-1
6.312500E+1,4.312796E-1
6.315972E+1,4.312796E-1
6.319444E+1,4.312796E-1
6.322917E+1,4.312796E-1
6.326389E+1,4.312796E-1
6.329861E+1,4.312796E-1
6.333333E+1,4.312796E-1
6.336806E+1,4.312796E-1
6.340278E+1,4.312796E-1
6.343750E+1,4.312796E-1
6.347222E+1,4.312796E-1
6.350694E+1,4.312796E-1
6.354167E+1,4.312796E-1
6.357639E+1,4.312796E-1
6.361111E+1,4.312796E-1
6.364583E+1,4.312796E-1
6.368056E+1,4.312796E-1
6.371528E+1,4.312796E-1
6.375000E+1,4.313459E-1
6.378472E+1,4.317170E-1
6.381944E+1,4.320882E-1
6.385417E+1,4.324594E-1
6.388889E+1,4.328306E-1
6.392361E+1,4.332017E-1
6.395833E+1,4.335729E-1
6.399306E+1,4.339441E-1
6.402778E+1,4.343152E-1
6.406250E+1,4.346864E-1
6.409722E+1,4.350576E-1
6.413194E+1,4.354287E-1
6.416667E+1,4.357999E-1
6.420139E+1,4.361711E-1
6.423611E+1,4.365422E-1
6.427083E+1,4.369134E-1
6.430556E+1,4.372846E-1
6.434028E+1,4.376557E-1
6.437500E+1,4.380269E-1
6.440972E+1,4.383981E-1
6.444444E+1,4.387692E-1
6.447917E+1,4.391404E-1
6.451389E+1,4.395116E-1
6.454861E+1,4.398828E-1
6.458333E+1,4.402539E-1
6.461806E+1,4.406251E-1
6.465278E+1,4.409963E-1
6.468750E+1,4.413674E-1
6.472222E+1,4.417386E-1
6.475694E+1,4.421098E-1
6.479167E+1,4.424809E-1
6.482639E+1,4.428521E-1
6.486111E+1,4.432233E-1
6.489583E+1,4.435944E-1
6.493056E+1,4.439656E-1
6.496528E+1,4.443368E-1
6.500000E+1,4.447079E-1
6.503472E+1,4.450791E-1
6.506944E+1,4.454503E-1
6.510417E+1,4.458215E-1
6.513889E+1,4.461926E-1
6.517361E+1,4.465638E-1
6.520833E+1,4.469350E-1
6.524306E+1,4.473061E-1
6.527778E+1,4.476773E-1
6.531250E+1,4.480485E-1
6.534722E+1,4.484196E-1
6.538194E+1,4.487908E-1
6.541667E+1,4.491620E-1
6.545139E+1,4.495331E-1
6.548611E+1,4.499043E-1
6.552083E+1,4.502755E-1
6.555556E+1,4.506466E-1
6.559028E+1,4.510178E-1
6.562500E+1,4.513890E-1
6.565972E+1,4.517601E-1
6.569444E+1,4.521313E-1
6.572917E+1,4.525025E-1
6.576389E+1,4.528737E-1
6.579861E+1,4.532448E-1
6.583333E+1,4.536160E-1
6.586806E+1,4.539872E-1
6.590278E+1,4.543583E-1
6.593750E+1,4.547295E-1
6.597222E+1,4.551007E-1
6.600694E+1,4.554718E-1
6.604167E+1,4.558430E-1
6.607639E+1,4.562142E-1
6.611111E+1,4.565853E-1
6.614583E+1,4.569565E-1
6.618056E+1,4.573277E-1
6.621528E+1,4.576989E-1
6.625000E+1,4.580700E-1
6.628472E+1,4.584412E-1
6.631944E+1,4.588124E-1
6.635417E+1,4.591835E-1
6.638889E+1,4.595547E-1
6.642361E+1,4.599259E-1
6.645833E+1,4.602970E-1
6.649306E+1,4.606682E-1
6.652778E+1,4.610394E-1
6.656250E+1,4.614105E-1
6.659722E+1,4.617817E-1
6.663194E+1,4.621529E-1
6.666667E+1,4.625240E-1
6.670139E+1,4.628952E-1
6.673611E+1,4.632664E-1
6.677083E+1,4.636375E-1
6.680556E+1,4.640087E-1
6.684028E+1,4.643799E-1
6.687500E+1,4.647511E-1
6.690972E+1,4.651222E-1
6.694444E+1,4.654934E-1
6.697917E+1,4.658646E-1
6.701389E+1,4.662357E-1
6.704861E+1,4.666069E-1
6.708333E+1,4.669781E-1
6.711806E+1,4.673492E-1
6.715278E+1,4.677204E-1
6.718750E+1,4.680916E-1
6.722222E+1,4.684627E-1
6.725694E+1,4.688339E-1
6.729167E+1,4.692051E-1
6.732639E+1,4.695762E-1
6.736111E+1,4.699474E-1
6.739583E+1,4.703186E-1
6.743056E+1,4.706898E-1
6.746528E+1,4.710609E-1
6.750000E+1,4.714321E-1
6.753472E+1,4.718033E-1
6.756944E+1,4.721744E-1
6.760417E+1,4.725456E-1
6.763889E+1,4.729168E-1
6.767361E+1,4.732879E-1
6.770833E+1,4.736591E-1
6.774306E+1,4.740303E-1
6.777778E+1,4.744014E-1
6.781250E+1,4.747726E-1
6.784722E+1,4.751438E-1
6.788194E+1,4.755127E-1
6.791667E+1,4.753395E-1
6.795139E+1,4.751662E-1
6.798611E+1,4.749930E-1
6.802083E+1,4.748198E-1
6.805556E+1,4.746466E-1
6.809028E+1,4.744734E-1
6.812500E+1,4.743002E-1
6.815972E+1,4.741270E-1
6.819444E+1,4.739537E-1
6.822917E+1,4.737805E-1
6.826389E+1,4.736073E-1
6.829861E+1,4.734341E-1
6.833333E+1,4.732609E-1
6.836806E+1,4.730877E-1
6.840278E+1,4.729145E-1
6.843750E+1,4.727412E-1
6.847222E+1,4.725680E-1
6.850694E+1,4.723948E-1
6.854167E+1,4.722216E-1
6.857639E+1,4.720484E-1
6.861111E+1,4.718752E-1
6.864583E+1,4.717020E-1
6.868056E+1,4.715287E-1
6.871528E+1,4.713555E-1
6.875000E+1,4.711823E-1
6.878472E+1,4.710091E-1
6.881944E+1,4.708359E-1
6.885417E+1,4.706627E-1
6.888889E+1,4.704894E-1
6.892361E+1,4.703162E-1
6.895833E+1,4.701430E-1
6.899306E+1,4.699698E-1
6.902778E+1,4.697966E-1
6.906250E+1,4.696234E-1
6.909722E+1,4.694502E-1
6.913194E+1,4.692769E-1
6.916667E+1,4.691037E-1
6.920139E+1,4.689305E-1
6.923611E+1,4.687573E-1
6.927083E+1,4.685841E-1
6.930556E+1,4.684109E-1
6.934028E+1,4.682377E-1
6.937500E+1,4.680644E-1
6.940972E+1,4.678912E-1
6.944444E+1,4.677180E-1
6.947917E+1,4.675448E-1
6.951389E+1,4.673716E-1
6.954861E+1,4.671984E-1
6.958333E+1,4.670252E-1
6.961806E+1,4.668519E-1
6.965278E+1,4.666787E-1
6.968750E+1,4.665055E-1
6.972222E+1,4.663323E-1
6.975694E+1,4.661591E-1
6.979167E+1,4.659859E-1
6.982639E+1,4.658126E-1
6.986111E+1,4.656394E-1
6.989583E+1,4.654662E-1
6.993056E+1,4.652930E-1
6.996528E+1,4.651198E-1
7.000000E+1,4.649466E-1
7.003472E+1,4.647734E-1
7.006944E+1,4.646001E-1
7.010417E+1,4.644269E-1
7.013889E+1,4.642537E-1
7.017361E+1,4.640805E-1
7.020833E+1,4.639073E-1
7.024306E+1,4.637341E-1
7.027778E+1,4.635609E-1
7.031250E+1,4.633876E-1
7.034722E+1,4.632144E-1
7.038194E+1,4.630412E-1
7.041667E+1,4.628680E-1
7.045139E+1,4.626948E-1
7.048611E+1,4.625216E-1
7.052083E+1,4.623484E-1
7.055556E+1,4.621751E-1
7.059028E+1,4.620019E-1
7.062500E+1,4.618287E-1
7.065972E+1,4.616555E-1
7.069444E+1,4.614823E-1
7.072917E+1,4.613091E-1
7.076389E+1,4.611358E-1
7.079861E+1,4.609626E-1
7.083333E+1,4.607894E-1
7.086806E+1,4.606162E-1
7.090278E+1,4.604430E-1
7.093750E+1,4.602698E-1
7.097222E+1,4.600966E-1
7.100694E+1,4.599233E-1
7.104167E+1,4.597501E-1
7.107639E+1,4.595769E-1
7.111111E+1,4.594037E-1
7.114583E+1,4.592305E-1
7.118056E+1,4.590573E-1
7.121528E+1,4.588841E-1
7.125000E+1,4.587108E-1
7.128472E+1,4.585376E-1
7.131944E+1,4.583644E-1
7.135417E+1,4.581912E-1
7.138889E+1,4.580180E-1
7.142361E+1,4.578448E-1
7.145833E+1,4.576716E-1
7.149306E+1,4.574983E-1
7.152778E+1,4.573251E-1
7.156250E+1,4.571519E-1
7.159722E+1,4.569787E-1
7.163194E+1,4.568055E-1
7.166667E+1,4.566323E-1
7.170139E+1,4.564590E-1
7.173611E+1,4.562858E-1
7.177083E+1,4.561126E-1
7.180556E+1,4.559394E-1
7.184028E+1,4.557662E-1
7.187500E+1,4.555930E-1
7.190972E+1,4.554198E-1
7.194444E+1,4.552465E-1
7.197917E+1,4.550733E-1
7.201389E+1,4.549001E-1
7.204861E+1,4.547269E-1
7.208333E+1,4.545537E-1
7.211806E+1,4.543805E-1
7.215278E+1,4.542073E-1
7.218750E+1,4.540340E-1
7.222222E+1,4.538608E-1
7.225694E+1,4.536876E-1
7.229167E+1,4.535144E-1
7.232639E+1,4.532228E-1
7.236111E+1,4.526790E-1
7.239583E+1,4.521352E-1
7.243056E+1,4.515914E-1
7.246528E+1,4.510475E-1
7.250000E+1,4.505037E-1
7.253472E+1,4.499599E-1
7.256944E+1,4.494161E-1
7.260417E+1,4.488723E-1
7.263889E+1,4.483284E-1
7.267361E+1,4.477846E-1
7.270833E+1,4.472408E-1
7.274306E+1,4.466970E-1
7.277778E+1,4.461531E-1
7.281250E+1,4.456093E-1
7.284722E+1,4.450655E-1
7.288194E+1,4.445217E-1
7.291667E+1,4.439779E-1
7.295139E+1,4.434340E-1
7.298611E+1,4.428902E-1
7.302083E+1,4.423464E-1
7.305556E+1,4.418026E-1
7.309028E+1,4.412588E-1
7.312500E+1,4.407149E-1
7.315972E+1,4.401711E-1
7.319444E+1,4.396273E-1
7.322917E+1,4.390835E-1
7.326389E+1,4.385397E-1
7.329861E+1,4.379958E-1
7.333333E+1,4.374520E-1
7.336806E+1,4.369082E-1
7.340278E+1,4.363644E-1
7.343750E+1,4.358205E-1
7.347222E+1,4.352767E-1
7.350694E+1,4.347329E-1
7.354167E+1,4.341891E-1
7.357639E+1,4.336453E-1
7.361111E+1,4.331014E-1
7.364583E+1,4.325576E-1
7.368056E+1,4.320138E-1
7.371528E+1,4.314700E-1
7.375000E+1,4.309262E-1
7.378472E+1,4.303823E-1
7.381944E+1,4.298385E-1
7.385417E+1,4.292947E-1
7.388889E+1,4.287509E-1
7.392361E+1,4.282071E-1
7.395833E+1,4.276632E-1
7.399306E+1,4.271194E-1
7.402778E+1,4.265756E-1
7.406250E+1,4.260318E-1
7.409722E+1,4.254880E-1
7.413194E+1,4.249441E-1
7.416667E+1,4.244003E-1
7.420139E+1,4.238565E-1
7.423611E+1,4.233127E-1
7.427083E+1,4.227688E-1
7.430556E+1,4.222250E-1
7.434028E+1,4.216812E-1
7.437500E+1,4.211374E-1
7.440972E+1,4.205936E-1
7.444444E+1,4.200497E-1
7.447917E+1,4.195059E-1
7.451389E+1,4.189621E-1
7.454861E+1,4.184183E-1
7.458333E+1,4.178745E-1
7.461806E+1,4.173306E-1
7.465278E+1,4.167868E-1
7.468750E+1,4.162430E-1
7.472222E+1,4.156992E-1
7.475694E+1,4.151554E-1
7.479167E+1,4.146115E-1
7.482639E+1,4.140677E-1
7.486111E+1,4.135239E-1
7.489583E+1,4.129801E-1
7.493056E+1,4.124362E-1
7.496528E+1,4.118924E-1
7.500000E+1,4.113486E-1
7.503472E+1,4.108048E-1
7.506944E+1,4.102610E-1
7.510417E+1,4.097171E-1
7.513889E+1,4.091733E-1
7.517361E+1,4.086295E-1
7.520833E+1,4.080857E-1
7.524306E+1,4.075418E-1
7.527778E+1,4.069980E-1
7.531250E+1,4.064542E-1
7.534722E+1,4.059104E-1
7.538194E+1,4.053666E-1
7.541667E+1,4.048227E-1
7.545139E+1,4.042789E-1
7.548611E+1,4.037351E-1
7.552083E+1,4.031913E-1
7.555556E+1,4.026475E-1
7.559028E+1,4.021036E-1
7.562500E+1,4.015598E-1
7.565972E+1,4.010160E-1
7.569444E+1,4.004722E-1
7.572917E+1,3.999284E-1
7.576389E+1,3.993845E-1
7.579861E+1,3.988407E-1
7.583333E+1,3.982969E-1
7.586806E+1,3.977531E-1
7.590278E+1,3.972092E-1
7.593750E+1,3.966654E-1
7.597222E+1,3.961216E-1
7.600694E+1,3.955778E-1
7.604167E+1,3.950340E-1
7.607639E+1,3.944901E-1
7.611111E+1,3.939463E-1
7.614583E+1,3.934025E-1
7.618056E+1,3.928587E-1
7.621528E+1,3.923149E-1
7.625000E+1,3.917710E-1
7.628472E+1,3.912272E-1
7.631944E+1,3.906834E-1
7.635417E+1,3.901396E-1
7.638889E+1,3.895958E-1
7.642361E+1,3.890519E-1
7.645833E+1,3.885081E-1
7.649306E+1,3.879643E-1
7.652778E+1,3.874205E-1
7.656250E+1,3.868766E-1
7.659722E+1,3.863328E-1
7.663194E+1,3.857890E-1
7.666667E+1,3.852452E-1
7.670139E+1,3.847014E-1
7.673611E+1,3.841575E-1
7.677083E+1,3.836137E-1
7.680556E+1,3.830699E-1
7.684028E+1,3.825261E-1
7.687500E+1,3.819823E-1
7.690972E+1,3.814384E-1
7.694444E+1,3.808946E-1
7.697917E+1,3.803508E-1
7.701389E+1,3.798070E-1
7.704861E+1,3.792632E-1
7.708333E+1,3.787193E-1
7.711806E+1,3.781755E-1
7.715278E+1,3.776317E-1
7.718750E+1,3.770879E-1
7.722222E+1,3.765441E-1
7.725694E+1,3.760002E-1
7.729167E+1,3.754564E-1
7.732639E+1,3.749126E-1
7.736111E+1,3.743688E-1
7.739583E+1,3.738249E-1
7.743056E+1,3.732811E-1
7.746528E+1,3.727373E-1
7.750000E+1,3.721935E-1
7.753472E+1,3.716497E-1
7.756944E+1,3.711058E-1
7.760417E+1,3.705620E-1
7.763889E+1,3.700182E-1
7.767361E+1,3.694744E-1
7.770833E+1,3.689306E-1
7.774306E+1,3.683867E-1
7.777778E+1,3.678429E-1
7.781250E+1,3.672991E-1
7.784722E+1,3.667553E-1
7.788194E+1,3.662115E-1
7.791667E+1,3.656676E-1
7.795139E+1,3.651238E-1
7.798611E+1,3.645800E-1
7.802083E+1,3.640362E-1
7.805556E+1,3.634923E-1
7.809028E+1,3.629485E-1
7.812500E+1,3.624047E-1
7.815972E+1,3.618609E-1
7.819444E+1,3.613171E-1
7.822917E+1,3.607732E-1
7.826389E+1,3.602294E-1
7.829861E+1,3.596856E-1
7.833333E+1,3.591418E-1
7.836806E+1,3.585979E-1
7.840278E+1,3.580541E-1
7.843750E+1,3.575103E-1
7.847222E+1,3.569665E-1
7.850694E+1,3.564227E-1
7.854167E+1,3.558788E-1
7.857639E+1,3.553350E-1
7.861111E+1,3.547912E-1
7.864583E+1,3.542474E-1
7.868056E+1,3.537036E-1
7.871528E+1,3.531597E-1
7.875000E+1,3.526159E-1
7.878472E+1,3.520721E-1
7.881944E+1,3.515283E-1
7.885417E+1,3.509845E-1
7.888889E+1,3.504406E-1
7.892361E+1,3.498968E-1
7.895833E+1,3.493530E-1
7.899306E+1,3.488092E-1
7.902778E+1,3.482653E-1
7.906250E+1,3.477215E-1
7.909722E+1,3.471777E-1
7.913194E+1,3.466339E-1
7.916667E+1,3.460901E-1
7.920139E+1,3.455462E-1
7.923611E+1,3.450024E-1
7.927083E+1,3.444586E-1
7.930556E+1,3.439148E-1
7.934028E+1,3.433710E-1
7.937500E+1,3.428271E-1
7.940972E+1,3.422833E-1
7.944444E+1,3.417395E-1
7.947917E+1,3.411957E-1
7.951389E+1,3.406519E-1
7.954861E+1,3.401080E-1
7.958333E+1,3.395642E-1
7.961806E+1,3.390204E-1
7.965278E+1,3.384766E-1
7.968750E+1,3.379327E-1
7.972222E+1,3.373889E-1
7.975694E+1,3.368451E-1
7.979167E+1,3.363013E-1
7.982639E+1,3.357575E-1
7.986111E+1,3.352136E-1
7.989583E+1,3.346698E-1
7.993056E+1,3.341260E-1
7.996528E+1,3.335822E-1
8.000000E+1,3.330384E-1
8.003472E+1,3.324945E-1
8.006944E+1,3.319507E-1
8.010417E+1,3.314069E-1
8.013889E+1,3.308631E-1
8.017361E+1,3.303193E-1
8.020833E+1,3.297754E-1
8.024306E+1,3.292316E-1
8.027778E+1,3.286878E-1
8.031250E+1,3.281440E-1
8.034722E+1,3.276002E-1
8.038194E+1,3.270563E-1
8.041667E+1,3.265125E-1
8.045139E+1,3.259687E-1
8.048611E+1,3.254249E-1
8.052083E+1,3.248810E-1
8.055556E+1,3.243372E-1
8.059028E+1,3.237934E-1
8.062500E+1,3.232496E-1
8.065972E+1,3.227058E-1
8.069444E+1,3.221619E-1
8.072917E+1,3.216181E-1
8.076389E+1,3.210743E-1
8.079861E+1,3.205305E-1
8.083333E+1,3.199867E-1
8.086806E+1,3.194428E-1
8.090278E+1,3.188990E-1
8.093750E+1,3.183552E-1
8.097222E+1,3.178114E-1
8.100694E+1,3.172676E-1
8.104167E+1,3.167237E-1
8.107639E+1,3.161799E-1
8.111111E+1,3.156361E-1
8.114583E+1,3.150923E-1
8.118056E+1,3.145484E-1
8.121528E+1,3.140046E-1
8.125000E+1,3.134608E-1
8.128472E+1,3.129170E-1
8.131944E+1,3.123732E-1
8.135417E+1,3.118293E-1
8.138889E+1,3.112855E-1
8.142361E+1,3.107417E-1
8.145833E+1,3.101979E-1
8.149306E+1,3.096540E-1
8.152778E+1,3.091102E-1
8.156250E+1,3.085664E-1
8.159722E+1,3.080226E-1
8.163194E+1,3.074788E-1
8.166667E+1,3.069349E-1
8.170139E+1,3.063911E-1
8.173611E+1,3.058473E-1
8.177083E+1,3.053035E-1
8.180556E+1,3.047597E-1
8.184028E+1,3.042158E-1
8.187500E+1,3.036720E-1
8.190972E+1,3.031282E-1
8.194444E+1,3.025844E-1
8.197917E+1,3.020406E-1
8.201389E+1,3.014967E-1
8.204861E+1,3.009529E-1
8.208333E+1,3.004091E-1
8.211806E+1,2.998653E-1
8.215278E+1,2.993214E-1
8.218750E+1,2.987776E-1
8.222222E+1,2.982338E-1
8.225694E+1,2.976900E-1
8.229167E+1,2.971462E-1
8.232639E+1,2.966023E-1
8.236111E+1,2.960585E-1
8.239583E+1,2.955147E-1
8.243056E+1,2.949709E-1
8.246528E+1,2.944271E-1
8.250000E+1,2.938832E-1
8.253472E+1,2.933394E-1
8.256944E+1,2.927956E-1
8.260417E+1,2.922518E-1
8.263889E+1,2.917080E-1
8.267361E+1,2.911641E-1
8.270833E+1,2.906203E-1
8.274306E+1,2.900765E-1
8.277778E+1,2.895327E-1
8.281250E+1,2.889889E-1
8.284722E+1,2.884450E-1
8.288194E+1,2.879012E-1
8.291667E+1,2.873574E-1
8.295139E+1,2.868136E-1
8.298611E+1,2.862697E-1
8.302083E+1,2.857259E-1
8.305556E+1,2.851821E-1
8.309028E+1,2.846383E-1
8.312500E+1,2.840945E-1
8.315972E+1,2.835506E-1
8.319444E+1,2.830068E-1
8.322917E+1,2.824630E-1
8.326389E+1,2.819192E-1
8.329861E+1,2.813754E-1
8.333333E+1,2.808315E-1
8.336806E+1,2.802877E-1
8.340278E+1,2.797439E-1
8.343750E+1,2.792001E-1
8.347222E+1,2.786563E-1
8.350694E+1,2.781124E-1
8.354167E+1,2.775686E-1
8.357639E+1,2.770248E-1
8.361111E+1,2.764810E-1
8.364583E+1,2.759371E-1
8.368056E+1,2.753933E-1
8.371528E+1,2.748495E-1
8.375000E+1,2.743057E-1
8.378472E+1,2.737619E-1
8.381944E+1,2.732180E-1
8.385417E+1,2.726742E-1
8.388889E+1,2.721304E-1
8.392361E+1,2.715866E-1
8.395833E+1,2.710428E-1
8.399306E+1,2.704989E-1
8.402778E+1,2.699551E-1
8.406250E+1,2.694113E-1
8.409722E+1,2.688675E-1
8.413194E+1,2.683237E-1
8.416667E+1,2.677798E-1
8.420139E+1,2.672360E-1
8.423611E+1,2.666922E-1
8.427083E+1,2.661484E-1
8.430556E+1,2.656045E-1
8.434028E+1,2.650607E-1
8.437500E+1,2.645169E-1
8.440972E+1,2.639731E-1
8.444444E+1,2.634293E-1
8.447917E+1,2.628854E-1
8.451389E+1,2.623416E-1
8.454861E+1,2.617978E-1
8.458333E+1,2.612540E-1
8.461806E+1,2.607101E-1
8.465278E+1,2.601663E-1
8.468750E+1,2.596225E-1
8.472222E+1,2.590787E-1
8.475694E+1,2.585349E-1
8.479167E+1,2.579910E-1
8.482639E+1,2.574472E-1
8.486111E+1,2.569034E-1
8.489583E+1,2.563596E-1
8.493056E+1,2.558158E-1
8.496528E+1,2.552719E-1
8.500000E+1,2.547281E-1
8.503472E+1,2.541843E-1
8.506944E+1,2.536405E-1
8.510417E+1,2.530967E-1
8.513889E+1,2.525528E-1
8.517361E+1,2.520090E-1
8.520833E+1,2.514652E-1
8.524306E+1,2.509214E-1
8.527778E+1,2.503775E-1
8.531250E+1,2.498337E-1
8.534722E+1,2.492899E-1
8.538194E+1,2.487461E-1
8.541667E+1,2.482023E-1
8.545139E+1,2.476584E-1
8.548611E+1,2.471146E-1
8.552083E+1,2.465708E-1
8.555556E+1,2.460270E-1
8.559028E+1,2.454832E-1
8.562500E+1,2.449393E-1
8.565972E+1,2.443955E-1
8.569444E+1,2.438517E-1
8.572917E+1,2.433079E-1
8.576389E+1,2.427641E-1
8.579861E+1,2.422202E-1
8.583333E+1,2.416764E-1
8.586806E+1,2.411326E-1
8.590278E+1,2.405888E-1
8.593750E+1,2.400450E-1
8.597222E+1,2.395011E-1
8.600694E+1,2.389573E-1
8.604167E+1,2.384135E-1
8.607639E+1,2.378697E-1
8.611111E+1,2.373258E-1
8.614583E+1,2.367820E-1
8.618056E+1,2.362382E-1
8.621528E+1,2.356944E-1
8.625000E+1,2.351506E-1
8.628472E+1,2.346067E-1
8.631944E+1,2.340629E-1
8.635417E+1,2.335191E-1
8.638889E+1,2.329753E-1
8.642361E+1,2.324315E-1
8.645833E+1,2.318876E-1
8.649306E+1,2.313438E-1
8.652778E+1,2.308000E-1
8.656250E+1,2.302562E-1
8.659722E+1,2.297124E-1
8.663194E+1,2.291685E-1
8.666667E+1,2.286247E-1
8.670139E+1,2.280809E-1
8.673611E+1,2.275371E-1
8.677083E+1,2.269932E-1
8.680556E+1,2.264494E-1
8.684028E+1,2.259056E-1
8.687500E+1,2.253618E-1
8.690972E+1,2.248180E-1
8.694444E+1,2.242741E-1
8.697917E+1,2.237303E-1
8.701389E+1,2.231865E-1
8.704861E+1,2.226427E-1
8.708333E+1,2.220989E-1
8.711806E+1,2.215550E-1
8.715278E+1,2.210112E-1
8.718750E+1,2.204674E-1
8.722222E+1,2.199236E-1
8.725694E+1,2.193798E-1
8.729167E+1,2.188359E-1
8.732639E+1,2.182921E-1
8.736111E+1,2.177483E-1
8.739583E+1,2.172045E-1
8.743056E+1,2.166606E-1
8.746528E+1,2.161168E-1
8.750000E+1,2.155730E-1
8.753472E+1,2.150292E-1
8.756944E+1,2.144854E-1
8.760417E+1,2.139415E-1
8.763889E+1,2.133977E-1
8.767361E+1,2.128539E-1
8.770833E+1,2.123101E-1
8.774306E+1,2.117662E-1
8.777778E+1,2.112224E-1
8.781250E+1,2.106786E-1
8.784722E+1,2.101348E-1
8.788194E+1,2.095910E-1
8.791667E+1,2.090471E-1
8.795139E+1,2.085033E-1
8.798611E+1,2.079595E-1
8.802083E+1,2.074157E-1
8.805556E+1,2.068719E-1
8.809028E+1,2.063280E-1
8.812500E+1,2.057842E-1
8.815972E+1,2.052404E-1
8.819444E+1,2.046966E-1
8.822917E+1,2.041528E-1
8.826389E+1,2.036089E-1
8.829861E+1,2.030651E-1
8.833333E+1,2.025213E-1
8.836806E+1,2.019775E-1
8.840278E+1,2.014336E-1
8.843750E+1,2.008898E-1
8.847222E+1,2.003460E-1
8.850694E+1,1.998022E-1
8.854167E+1,1.992584E-1
8.857639E+1,1.987145E-1
8.861111E+1,1.981707E-1
8.864583E+1,1.976269E-1
8.868056E+1,1.970831E-1
8.871528E+1,1.965393E-1
8.875000E+1,1.959954E-1
8.878472E+1,1.954516E-1
8.881944E+1,1.949078E-1
8.885417E+1,1.943640E-1
8.888889E+1,1.938202E-1
8.892361E+1,1.932763E-1
8.895833E+1,1.927325E-1
8.899306E+1,1.921887E-1
8.902778E+1,1.916449E-1
8.906250E+1,1.911011E-1
8.909722E+1,1.905572E-1
8.913194E+1,1.900134E-1
8.916667E+1,1.894696E-1
8.920139E+1,1.889258E-1
8.923611E+1,1.883819E-1
8.927083E+1,1.878381E-1
8.930556E+1,1.872943E-1
8.934028E+1,1.867505E-1
8.937500E+1,1.862067E-1
8.940972E+1,1.856628E-1
8.944444E+1,1.851190E-1
8.947917E+1,1.845752E-1
8.951389E+1,1.840314E-1
8.954861E+1,1.834876E-1
8.958333E+1,1.829437E-1
8.961806E+1,1.823999E-1
8.965278E+1,1.818561E-1
8.968750E+1,1.813123E-1
8.972222E+1,1.807685E-1
8.975694E+1,1.802246E-1
8.979167E+1,1.796808E-1
8.982639E+1,1.791370E-1
8.986111E+1,1.785932E-1
8.989583E+1,1.780493E-1
8.993056E+1,1.775055E-1
8.996528E+1,1.769617E-1
9.000000E+1,1.764179E-1
9.003472E+1,1.758741E-1
9.006944E+1,1.753302E-1
9.010417E+1,1.747864E-1
9.013889E+1,1.742426E-1
9.017361E+1,1.736988E-1
9.020833E+1,1.731550E-1
9.024306E+1,1.726111E-1
9.027778E+1,1.720673E-1
9.031250E+1,1.715235E-1
9.034722E+1,1.709797E-1
9.038194E+1,1.704359E-1
9.041667E+1,1.698920E-1
9.045139E+1,1.693482E-1
9.048611E+1,1.688044E-1
9.052083E+1,1.682606E-1
9.055556E+1,1.677167E-1
9.059028E+1,1.671729E-1
9.062500E+1,1.666291E-1
9.065972E+1,1.660853E-1
9.069444E+1,1.655415E-1
9.072917E+1,1.649976E-1
9.076389E+1,1.644538E-1
9.079861E+1,1.639100E-1
9.083333E+1,1.633662E-1
9.086806E+1,1.628223E-1
9.090278E+1,1.622785E-1
9.093750E+1,1.617347E-1
9.097222E+1,1.611909E-1
9.100694E+1,1.606471E-1
9.104167E+1,1.601032E-1
9.107639E+1,1.595594E-1
9.111111E+1,1.590156E-1
9.114583E+1,1.584718E-1
9.118056E+1,1.579280E-1
9.121528E+1,1.573841E-1
9.125000E+1,1.568403E-1
9.128472E+1,1.562965E-1
9.131944E+1,1.557527E-1
9.135417E+1,1.552089E-1
9.138889E+1,1.546650E-1
9.142361E+1,1.541212E-1
9.145833E+1,1.535774E-1
9.149306E+1,1.530336E-1
9.152778E+1,1.524897E-1
9.156250E+1,1.519459E-1
9.159722E+1,1.514021E-1
9.163194E+1,1.508583E-1
9.166667E+1,1.503145E-1
9.170139E+1,1.497706E-1
9.173611E+1,1.492268E-1
9.177083E+1,1.486830E-1
9.180556E+1,1.481392E-1
9.184028E+1,1.475954E-1
9.187500E+1,1.470515E-1
9.190972E+1,1.465077E-1
9.194444E+1,1.459639E-1
9.197917E+1,1.454201E-1
9.201389E+1,1.448763E-1
9.204861E+1,1.443324E-1
9.208333E+1,1.437886E-1
9.211806E+1,1.432448E-1
9.215278E+1,1.427010E-1
9.218750E+1,1.421572E-1
9.222222E+1,1.416133E-1
9.225694E+1,1.410695E-1
9.229167E+1,1.405257E-1
9.232639E+1,1.399819E-1
9.236111E+1,1.394380E-1
9.239583E+1,1.388942E-1
9.243056E+1,1.383504E-1
9.246528E+1,1.378066E-1
9.250000E+1,1.372628E-1
9.253472E+1,1.367189E-1
9.256944E+1,1.361751E-1
9.260417E+1,1.356313E-1
9.263889E+1,1.350875E-1
9.267361E+1,1.345437E-1
9.270833E+1,1.339998E-1
9.274306E+1,1.334560E-1
9.277778E+1,1.329122E-1
9.281250E+1,1.323684E-1
9.284722E+1,1.318246E-1
9.288194E+1,1.312807E-1
9.291667E+1,1.307369E-1
9.295139E+1,1.301931E-1
9.298611E+1,1.296493E-1
9.302083E+1,1.291054E-1
9.305556E+1,1.285616E-1
9.309028E+1,1.280178E-1
9.312500E+1,1.274740E-1
9.315972E+1,1.269302E-1
9.319444E+1,1.263863E-1
9.322917E+1,1.258425E-1
9.326389E+1,1.252987E-1
9.329861E+1,1.247549E-1
9.333333E+1,1.242111E-1
9.336806E+1,1.236672E-1
9.340278E+1,1.231234E-1
9.343750E+1,1.225796E-1
9.347222E+1,1.220358E-1
9.350694E+1,1.214920E-1
9.354167E+1,1.209481E-1
9.357639E+1,1.204043E-1
9.361111E+1,1.198605E-1
9.364583E+1,1.193167E-1
9.368056E+1,1.187728E-1
9.371528E+1,1.182290E-1
9.375000E+1,1.176852E-1
9.378472E+1,1.171414E-1
9.381944E+1,1.165976E-1
9.385417E+1,1.160537E-1
9.388889E+1,1.155099E-1
9.392361E+1,1.149661E-1
9.395833E+1,1.144223E-1
9.399306E+1,1.138784E-1
9.402778E+1,1.133346E-1
9.406250E+1,1.127908E-1
9.409722E+1,1.122470E-1
9.413194E+1,1.117032E-1
9.416667E+1,1.111593E-1
9.420139E+1,1.106155E-1
9.423611E+1,1.100717E-1
9.427083E+1,1.095279E-1
9.430556E+1,1.089841E-1
9.434028E+1,1.084402E-1
9.437500E+1,1.078964E-1
9.440972E+1,1.073526E-1
9.444444E+1,1.068088E-1
9.447917E+1,1.062650E-1
9.451389E+1,1.057211E-1
9.454861E+1,1.051773E-1
9.458333E+1,1.046335E-1
9.461806E+1,1.040897E-1
9.465278E+1,1.035458E-1
9.468750E+1,1.030020E-1
9.472222E+1,1.024582E-1
9.475694E+1,1.019144E-1
9.479167E+1,1.013706E-1
9.482639E+1,1.008267E-1
9.486111E+1,1.002829E-1
9.489583E+1,9.973911E-2
9.493056E+1,9.919528E-2
9.496528E+1,9.865146E-2
9.500000E+1,9.810764E-2
9.503472E+1,9.756382E-2
9.506944E+1,9.702001E-2
9.510417E+1,9.647617E-2
9.513889E+1,9.593235E-2
9.517361E+1,9.538854E-2
9.520833E+1,9.484472E-2
9.524306E+1,9.430089E-2
9.527778E+1,9.375707E-2
9.531250E+1,9.321325E-2
9.534722E+1,9.266943E-2
9.538194E+1,9.212562E-2
9.541667E+1,9.158178E-2
9.545139E+1,9.103796E-2
9.548611E+1,9.049415E-2
9.552083E+1,8.995033E-2
9.555556E+1,8.940650E-2
9.559028E+1,8.886268E-2
9.562500E+1,8.831886E-2
9.565972E+1,8.777504E-2
9.569444E+1,8.723123E-2
9.572917E+1,8.668739E-2
9.576389E+1,8.614357E-2
9.579861E+1,8.559976E-2
9.583333E+1,8.505594E-2
9.586806E+1,8.451211E-2
9.590278E+1,8.396829E-2
9.593750E+1,8.342447E-2
9.597222E+1,8.288065E-2
9.600694E+1,8.233684E-2
9.604167E+1,8.179300E-2
9.607639E+1,8.124918E-2
9.611111E+1,8.070537E-2
9.614583E+1,8.016155E-2
9.618056E+1,7.961772E-2
9.621528E+1,7.907390E-2
9.625000E+1,7.853008E-2
9.628472E+1,7.798626E-2
9.631944E+1,7.744245E-2
9.635417E+1,7.689861E-2
9.638889E+1,7.635479E-2
9.642361E+1,7.581098E-2
9.645833E+1,7.526716E-2
9.649306E+1,7.472333E-2
9.652778E+1,7.417951E-2
9.656250E+1,7.363569E-2
9.659722E+1,7.309187E-2
9.663194E+1,7.254806E-2
9.666667E+1,7.200422E-2
9.670139E+1,7.146040E-2
9.673611E+1,7.091659E-2
9.677083E+1,7.037277E-2
9.680556E+1,6.982894E-2
9.684028E+1,6.928512E-2
9.687500E+1,6.874130E-2
9.690972E+1,6.819748E-2
9.694444E+1,6.765367E-2
9.697917E+1,6.710983E-2
9.701389E+1,6.656601E-2
9.704861E+1,6.602220E-2
9.708333E+1,6.547838E-2
9.711806E+1,6.493455E-2
9.715278E+1,6.439073E-2
9.718750E+1,6.384691E-2
9.722222E+1,6.330309E-2
9.725694E+1,6.275928E-2
9.729167E+1,6.221544E-2
9.732639E+1,6.167162E-2
9.736111E+1,6.112781E-2
9.739583E+1,6.058399E-2
9.743056E+1,6.004016E-2
9.746528E+1,5.949634E-2
9.750000E+1,5.895252E-2
9.753472E+1,5.840870E-2
9.756944E+1,5.786489E-2
9.760417E+1,5.732105E-2
9.763889E+1,5.677723E-2
9.767361E+1,5.623342E-2
9.770833E+1,5.568960E-2
9.774306E+1,5.514577E-2
9.777778E+1,5.460195E-2
9.781250E+1,5.405813E-2
9.784722E+1,5.351431E-2
9.788194E+1,5.297050E-2
9.791667E+1,5.242666E-2
9.795139E+1,5.188284E-2
9.798611E+1,5.133903E-2
9.802083E+1,5.079521E-2
9.805556E+1,5.025138E-2
9.809028E+1,4.970756E-2
9.812500E+1,4.916374E-2
9.815972E+1,4.861992E-2
9.819444E+1,4.807611E-2
9.822917E+1,4.753227E-2
9.826389E+1,4.698845E-2
9.829861E+1,4.644464E-2
9.833333E+1,4.590082E-2
9.836806E+1,4.535699E-2
9.840278E+1,4.481317E-2
9.843750E+1,4.426935E-2
9.847222E+1,4.372553E-2
9.850694E+1,4.318172E-2
9.854167E+1,4.263788E-2
9.857639E+1,4.209406E-2
9.861111E+1,4.155025E-2
9.864583E+1,4.100643E-2
9.868056E+1,4.046260E-2
9.871528E+1,3.991878E-2
9.875000E+1,3.937496E-2
9.878472E+1,3.883114E-2
9.881944E+1,3.828733E-2
9.885417E+1,3.774349E-2
9.888889E+1,3.719967E-2
9.892361E+1,3.665586E-2
9.895833E+1,3.611204E-2
9.899306E+1,3.556821E-2
9.902778E+1,3.502439E-2
9.906250E+1,3.448057E-2
9.909722E+1,3.393675E-2
9.913194E+1,3.339294E-2
9.916667E+1,3.284910E-2
9.920139E+1,3.230528E-2
9.923611E+1,3.176147E-2
9.927083E+1,3.121765E-2
9.930556E+1,3.067382E-2
9.934028E+1,3.013000E-2
9.937500E+1,2.958618E-2
9.940972E+1,2.904236E-2
9.944444E+1,2.849855E-2
9.947917E+1,2.795471E-2
9.951389E+1,2.741089E-2
9.954861E+1,2.686708E-2
9.958333E+1,2.632326E-2
9.961806E+1,2.577943E-2
9.965278E+1,2.523561E-2
9.968750E+1,2.469179E-2
9.972222E+1,2.414797E-2
9.975694E+1,2.360416E-2
9.979167E+1,2.306032E-2
9.982639E+1,2.251650E-2
9.986111E+1,2.197269E-2
9.989583E+1,2.142887E-2
9.993056E+1,2.088504E-2
9.996528E+1,2.034122E-2
