7.139351E-12,-5.263264E-1
3.472222E-2,-5.254403E-1
6.944444E-2,-5.245543E-1
1.041667E-1,-5.236682E-1
1.388889E-1,-5.227821E-1
1.736111E-1,-5.218961E-1
2.083333E-1,-5.210100E-1
2.430556E-1,-5.201240E-1
2.777778E-1,-5.192379E-1
3.125000E-1,-5.183519E-1
3.472222E-1,-5.174658E-1
3.819444E-1,-5.165798E-1
4.166667E-1,-5.156937E-1
4.513889E-1,-5.148076E-1
4.861111E-1,-5.139216E-1
5.208333E-1,-5.130355E-1
5.555556E-1,-5.121495E-1
5.902778E-1,-5.112634E-1
6.250000E-1,-5.103774E-1
6.597222E-1,-5.094913E-1
6.944444E-1,-5.086053E-1
7.291667E-1,-5.077192E-1
7.638889E-1,-5.068332E-1
7.986111E-1,-5.059471E-1
8.333333E-1,-5.050610E-1
8.680556E-1,-5.041750E-1
9.027778E-1,-5.032889E-1
9.375000E-1,-5.024029E-1
9.722222E-1,-5.015168E-1
1.006944E+0,-5.006308E-1
1.041667E+0,-4.997447E-1
1.076389E+0,-4.988587E-1
1.111111E+0,-4.979726E-1
1.145833E+0,-4.970865E-1
1.180556E+0,-4.962005E-1
1.215278E+0,-4.953144E-1
1.250000E+0,-4.944284E-1
1.284722E+0,-4.935423E-1
1.319444E+0,-4.926563E-1
1.354167E+0,-4.917702E-1
1.388889E+0,-4.908842E-1
1.423611E+0,-4.899981E-1
1.458333E+0,-4.891121E-1
1.493056E+0,-4.882260E-1
1.527778E+0,-4.873399E-1
1.562500E+0,-4.864539E-1
1.597222E+0,-4.855678E-1
1.631944E+0,-4.846818E-1
1.666667E+0,-4.837957E-1
1.701389E+0,-4.829097E-1
1.736111E+0,-4.820236E-1
1.770833E+0,-4.811376E-1
1.805556E+0,-4.802515E-1
1.840278E+0,-4.793654E-1
1.875000E+0,-4.784794E-1
1.909722E+0,-4.775933E-1
1.944444E+0,-4.767073E-1
1.979167E+0,-4.758212E-1
2.013889E+0,-4.749352E-1
2.048611E+0,-4.740491E-1
2.083333E+0,-4.731631E-1
2.118056E+0,-4.722770E-1
2.152778E+0,-4.713910E-1
2.187500E+0,-4.705049E-1
2.222222E+0,-4.696188E-1
2.256944E+0,-4.687328E-1
2.291667E+0,-4.678467E-1
2.326389E+0,-4.669607E-1
2.361111E+0,-4.660746E-1
2.395833E+0,-4.651886E-1
2.430556E+0,-4.643025E-1
2.465278E+0,-4.634165E-1
2.500000E+0,-4.625304E-1
2.534722E+0,-4.616443E-1
2.569444E+0,-4.607583E-1
2.604167E+0,-4.598722E-1
2.638889E+0,-4.589862E-1
2.673611E+0,-4.581001E-1
2.708333E+0,-4.572141E-1
2.743056E+0,-4.563280E-1
2.777778E+0,-4.554420E-1
2.812500E+0,-4.545559E-1
2.847222E+0,-4.536699E-1
2.881944E+0,-4.527838E-1
2.916667E+0,-4.518977E-1
2.951389E+0,-4.510117E-1
2.986111E+0,-4.501256E-1
3.020833E+0,-4.492396E-1
3.055556E+0,-4.483535E-1
3.090278E+0,-4.474675E-1
3.125000E+0,-4.465814E-1
3.159722E+0,-4.456954E-1
3.194444E+0,-4.448093E-1
3.229167E+0,-4.439232E-1
3.263889E+0,-4.430372E-1
3.298611E+0,-4.421511E-1
3.333333E+0,-4.412651E-1
3.368056E+0,-4.403790E-1
3.402778E+0,-4.394930E-1
3.437500E+0,-4.386069E-1
3.472222E+0,-4.377209E-1
3.506944E+0,-4.368348E-1
3.541667E+0,-4.359488E-1
3.576389E+0,-4.350627E-1
3.611111E+0,-4.341766E-1
3.645833E+0,-4.332906E-1
3.680556E+0,-4.324045E-1
3.715278E+0,-4.315185E-1
3.750000E+0,-4.306324E-1
3.784722E+0,-4.297464E-1
3.819444E+0,-4.288603E-1
3.854167E+0,-4.279743E-1
3.888889E+0,-4.270882E-1
3.923611E+0,-4.262021E-1
3.958333E+0,-4.253161E-1
3.993056E+0,-4.244300E-1
4.027778E+0,-4.235440E-1
4.062500E+0,-4.226579E-1
4.097222E+0,-4.217719E-1
4.131944E+0,-4.208858E-1
4.166667E+0,-4.199998E-1
4.201389E+0,-4.191137E-1
4.236111E+0,-4.182277E-1
4.270833E+0,-4.173416E-1
4.305556E+0,-4.164555E-1
4.340278E+0,-4.155695E-1
4.375000E+0,-4.146834E-1
4.409722E+0,-4.137974E-1
4.444444E+0,-4.129113E-1
4.479167E+0,-4.120253E-1
4.513889E+0,-4.111392E-1
4.548611E+0,-4.102532E-1
4.583333E+0,-4.093671E-1
4.618056E+0,-4.084810E-1
4.652778E+0,-4.075950E-1
4.687500E+0,-4.067089E-1
4.722222E+0,-4.058229E-1
4.756944E+0,-4.049368E-1
4.791667E+0,-4.040508E-1
4.826389E+0,-4.031647E-1
4.861111E+0,-4.022787E-1
4.895833E+0,-4.013926E-1
4.930556E+0,-4.005066E-1
4.965278E+0,-3.996205E-1
5.000000E+0,-3.987344E-1
5.034722E+0,-3.978484E-1
5.069444E+0,-3.969623E-1
5.104167E+0,-3.960763E-1
5.138889E+0,-3.951902E-1
5.173611E+0,-3.943042E-1
5.208333E+0,-3.934181E-1
5.243056E+0,-3.925321E-1
5.277778E+0,-3.916460E-1
5.312500E+0,-3.907599E-1
5.347222E+0,-3.898739E-1
5.381944E+0,-3.889878E-1
5.416667E+0,-3.881018E-1
5.451389E+0,-3.872157E-1
5.486111E+0,-3.863297E-1
5.520833E+0,-3.854436E-1
5.555556E+0,-3.845576E-1
5.590278E+0,-3.836715E-1
5.625000E+0,-3.827855E-1
5.659722E+0,-3.818994E-1
5.694444E+0,-3.810133E-1
5.729167E+0,-3.801273E-1
5.763889E+0,-3.792412E-1
5.798611E+0,-3.783552E-1
5.833333E+0,-3.774691E-1
5.868056E+0,-3.765831E-1
5.902778E+0,-3.756970E-1
5.937500E+0,-3.748110E-1
5.972222E+0,-3.739249E-1
6.006944E+0,-3.730388E-1
6.041667E+0,-3.721528E-1
6.076389E+0,-3.712667E-1
6.111111E+0,-3.703807E-1
6.145833E+0,-3.694946E-1
6.180556E+0,-3.686086E-1
6.215278E+0,-3.677225E-1
6.250000E+0,-3.668365E-1
6.284722E+0,-3.659504E-1
6.319444E+0,-3.650644E-1
6.354167E+0,-3.641783E-1
6.388889E+0,-3.632922E-1
6.423611E+0,-3.624062E-1
6.458333E+0,-3.615201E-1
6.493056E+0,-3.606341E-1
6.527778E+0,-3.597480E-1
6.562500E+0,-3.588620E-1
6.597222E+0,-3.579759E-1
6.631944E+0,-3.570899E-1
6.666667E+0,-3.562038E-1
6.701389E+0,-3.553177E-1
6.736111E+0,-3.544317E-1
6.770833E+0,-3.535456E-1
6.805556E+0,-3.526596E-1
6.840278E+0,-3.517735E-1
6.875000E+0,-3.508875E-1
6.909722E+0,-3.500014E-1
6.944444E+0,-3.491154E-1
6.979167E+0,-3.482293E-1
7.013889E+0,-3.473433E-1
7.048611E+0,-3.464572E-1
7.083333E+0,-3.455711E-1
7.118056E+0,-3.446851E-1
7.152778E+0,-3.437990E-1
7.187500E+0,-3.429130E-1
7.222222E+0,-3.420269E-1
7.256944E+0,-3.411409E-1
7.291667E+0,-3.402548E-1
7.326389E+0,-3.393688E-1
7.361111E+0,-3.384827E-1
7.395833E+0,-3.375966E-1
7.430556E+0,-3.367106E-1
7.465278E+0,-3.358245E-1
7.500000E+0,-3.349385E-1
7.534722E+0,-3.340524E-1
7.569444E+0,-3.331664E-1
7.604167E+0,-3.322803E-1
7.638889E+0,-3.313943E-1
7.673611E+0,-3.305082E-1
7.708333E+0,-3.296222E-1
7.743056E+0,-3.287361E-1
7.777778E+0,-3.278500E-1
7.812500E+0,-3.269640E-1
7.847222E+0,-3.260779E-1
7.881944E+0,-3.251919E-1
7.916667E+0,-3.243058E-1
7.951389E+0,-3.234198E-1
7.986111E+0,-3.225337E-1
8.020833E+0,-3.216477E-1
8.055556E+0,-3.207616E-1
8.090278E+0,-3.198755E-1
8.125000E+0,-3.189895E-1
8.159722E+0,-3.181034E-1
8.194444E+0,-3.172174E-1
8.229167E+0,-3.163313E-1
8.263889E+0,-3.154453E-1
8.298611E+0,-3.145592E-1
8.333333E+0,-3.136732E-1
8.368056E+0,-3.127871E-1
8.402778E+0,-3.119011E-1
8.437500E+0,-3.110150E-1
8.472222E+0,-3.101289E-1
8.506944E+0,-3.092429E-1
8.541667E+0,-3.083568E-1
8.576389E+0,-3.074708E-1
8.611111E+0,-3.065847E-1
8.645833E+0,-3.056987E-1
8.680556E+0,-3.048126E-1
8.715278E+0,-3.039266E-1
8.750000E+0,-3.030405E-1
8.784722E+0,-3.021544E-1
8.819444E+0,-3.012684E-1
8.854167E+0,-3.003823E-1
8.888889E+0,-2.994963E-1
8.923611E+0,-2.986102E-1
8.958333E+0,-2.977242E-1
8.993056E+0,-2.968381E-1
9.027778E+0,-2.959521E-1
9.062500E+0,-2.950660E-1
9.097222E+0,-2.941800E-1
9.131944E+0,-2.932939E-1
9.166667E+0,-2.924078E-1
9.201389E+0,-2.915218E-1
9.236111E+0,-2.906357E-1
9.270833E+0,-2.897497E-1
9.305556E+0,-2.888636E-1
9.340278E+0,-2.879776E-1
9.375000E+0,-2.870915E-1
9.409722E+0,-2.862055E-1
9.444444E+0,-2.853194E-1
9.479167E+0,-2.844333E-1
9.513889E+0,-2.835473E-1
9.548611E+0,-2.826612E-1
9.583333E+0,-2.817752E-1
9.618056E+0,-2.808891E-1
9.652778E+0,-2.800031E-1
9.687500E+0,-2.791170E-1
9.722222E+0,-2.782310E-1
9.756944E+0,-2.773449E-1
9.791667E+0,-2.764589E-1
9.826389E+0,-2.755728E-1
9.861111E+0,-2.746867E-1
9.895833E+0,-2.738007E-1
9.930556E+0,-2.729146E-1
9.965278E+0,-2.720286E-1
1.000000E+1,-2.711425E-1
1.003472E+1,-2.702565E-1
1.006944E+1,-2.693704E-1
1.010417E+1,-2.684843E-1
1.013889E+1,-2.675983E-1
1.017361E+1,-2.667122E-1
1.020833E+1,-2.658262E-1
1.024306E+1,-2.649401E-1
1.027778E+1,-2.640541E-1
1.031250E+1,-2.631680E-1
1.034722E+1,-2.622820E-1
1.038194E+1,-2.613959E-1
1.041667E+1,-2.605099E-1
1.045139E+1,-2.596238E-1
1.048611E+1,-2.587378E-1
1.052083E+1,-2.578517E-1
1.055556E+1,-2.569656E-1
1.059028E+1,-2.560796E-1
1.062500E+1,-2.551935E-1
1.065972E+1,-2.543075E-1
1.069444E+1,-2.534214E-1
1.072917E+1,-2.525354E-1
1.076389E+1,-2.516493E-1
1.079861E+1,-2.507633E-1
1.083333E+1,-2.498772E-1
1.086806E+1,-2.489911E-1
1.090278E+1,-2.481051E-1
1.093750E+1,-2.472190E-1
1.097222E+1,-2.463330E-1
1.100694E+1,-2.454469E-1
1.104167E+1,-2.445609E-1
1.107639E+1,-2.436748E-1
1.111111E+1,-2.427888E-1
1.114583E+1,-2.419027E-1
1.118056E+1,-2.410166E-1
1.121528E+1,-2.401306E-1
1.125000E+1,-2.392445E-1
1.128472E+1,-2.383585E-1
1.131944E+1,-2.374724E-1
1.135417E+1,-2.365864E-1
1.138889E+1,-2.357003E-1
1.142361E+1,-2.348143E-1
1.145833E+1,-2.339282E-1
1.149306E+1,-2.330421E-1
1.152778E+1,-2.321561E-1
1.156250E+1,-2.312700E-1
1.159722E+1,-2.303840E-1
1.163194E+1,-2.294979E-1
1.166667E+1,-2.286119E-1
1.170139E+1,-2.277258E-1
1.173611E+1,-2.268398E-1
1.177083E+1,-2.259537E-1
1.180556E+1,-2.250677E-1
1.184028E+1,-2.241816E-1
1.187500E+1,-2.232956E-1
1.190972E+1,-2.224095E-1
1.194444E+1,-2.215235E-1
1.197917E+1,-2.206374E-1
1.201389E+1,-2.197513E-1
1.204861E+1,-2.188653E-1
1.208333E+1,-2.179792E-1
1.211806E+1,-2.170932E-1
1.215278E+1,-2.162071E-1
1.218750E+1,-2.153211E-1
1.222222E+1,-2.144350E-1
1.225694E+1,-2.135490E-1
1.229167E+1,-2.126629E-1
1.232639E+1,-2.117768E-1
1.236111E+1,-2.108908E-1
1.239583E+1,-2.100047E-1
1.243056E+1,-2.091187E-1
1.246528E+1,-2.082326E-1
1.250000E+1,-2.073466E-1
1.253472E+1,-2.064605E-1
1.256944E+1,-2.055745E-1
1.260417E+1,-2.046884E-1
1.263889E+1,-2.038023E-1
1.267361E+1,-2.029163E-1
1.270833E+1,-2.020302E-1
1.274306E+1,-2.011442E-1
1.277778E+1,-2.002581E-1
1.281250E+1,-1.993721E-1
1.284722E+1,-1.984860E-1
1.288194E+1,-1.976000E-1
1.291667E+1,-1.967139E-1
1.295139E+1,-1.958278E-1
1.298611E+1,-1.949418E-1
1.302083E+1,-1.940557E-1
1.305556E+1,-1.931697E-1
1.309028E+1,-1.922836E-1
1.312500E+1,-1.913976E-1
1.315972E+1,-1.905115E-1
1.319444E+1,-1.896255E-1
1.322917E+1,-1.887394E-1
1.326389E+1,-1.878533E-1
1.329861E+1,-1.869673E-1
1.333333E+1,-1.860812E-1
1.336806E+1,-1.851952E-1
1.340278E+1,-1.843091E-1
1.343750E+1,-1.834231E-1
1.347222E+1,-1.825370E-1
1.350694E+1,-1.816510E-1
1.354167E+1,-1.807649E-1
1.357639E+1,-1.798789E-1
1.361111E+1,-1.789928E-1
1.364583E+1,-1.781068E-1
1.368056E+1,-1.772207E-1
1.371528E+1,-1.763346E-1
1.375000E+1,-1.754486E-1
1.378472E+1,-1.745625E-1
1.381944E+1,-1.736765E-1
1.385417E+1,-1.727904E-1
1.388889E+1,-1.719044E-1
1.392361E+1,-1.710183E-1
1.395833E+1,-1.701323E-1
1.399306E+1,-1.692462E-1
1.402778E+1,-1.683601E-1
1.406250E+1,-1.674741E-1
1.409722E+1,-1.665880E-1
1.413194E+1,-1.657020E-1
1.416667E+1,-1.648159E-1
1.420139E+1,-1.639299E-1
1.423611E+1,-1.630438E-1
1.427083E+1,-1.621578E-1
1.430556E+1,-1.612717E-1
1.434028E+1,-1.603856E-1
1.437500E+1,-1.594996E-1
1.440972E+1,-1.586135E-1
1.444444E+1,-1.577275E-1
1.447917E+1,-1.568414E-1
1.451389E+1,-1.559554E-1
1.454861E+1,-1.550693E-1
1.458333E+1,-1.541833E-1
1.461806E+1,-1.532972E-1
1.465278E+1,-1.524111E-1
1.468750E+1,-1.515251E-1
1.472222E+1,-1.506390E-1
1.475694E+1,-1.497530E-1
1.479167E+1,-1.488669E-1
1.482639E+1,-1.479809E-1
1.486111E+1,-1.470948E-1
1.489583E+1,-1.462088E-1
1.493056E+1,-1.453227E-1
1.496528E+1,-1.444367E-1
1.500000E+1,-1.435506E-1
1.503472E+1,-1.426646E-1
1.506944E+1,-1.417785E-1
1.510417E+1,-1.408924E-1
1.513889E+1,-1.400064E-1
1.517361E+1,-1.391203E-1
1.520833E+1,-1.382343E-1
1.524306E+1,-1.373482E-1
1.527778E+1,-1.364622E-1
1.531250E+1,-1.355761E-1
1.534722E+1,-1.346901E-1
1.538194E+1,-1.338040E-1
1.541667E+1,-1.329179E-1
1.545139E+1,-1.320319E-1
1.548611E+1,-1.311458E-1
1.552083E+1,-1.302598E-1
1.555556E+1,-1.293737E-1
1.559028E+1,-1.284877E-1
1.562500E+1,-1.276016E-1
1.565972E+1,-1.267156E-1
1.569444E+1,-1.258295E-1
1.572917E+1,-1.249434E-1
1.576389E+1,-1.240574E-1
1.579861E+1,-1.231713E-1
1.583333E+1,-1.222853E-1
1.586806E+1,-1.213992E-1
1.590278E+1,-1.205132E-1
1.593750E+1,-1.196271E-1
1.597222E+1,-1.187411E-1
1.600694E+1,-1.178550E-1
1.604167E+1,-1.169689E-1
1.607639E+1,-1.160829E-1
1.611111E+1,-1.151968E-1
1.614583E+1,-1.143108E-1
1.618056E+1,-1.134247E-1
1.621528E+1,-1.125387E-1
1.625000E+1,-1.116526E-1
1.628472E+1,-1.107666E-1
1.631944E+1,-1.098805E-1
1.635417E+1,-1.089944E-1
1.638889E+1,-1.081084E-1
1.642361E+1,-1.072223E-1
1.645833E+1,-1.063363E-1
1.649306E+1,-1.054502E-1
1.652778E+1,-1.045642E-1
1.656250E+1,-1.036781E-1
1.659722E+1,-1.027921E-1
1.663194E+1,-1.019060E-1
1.666667E+1,-1.010200E-1
1.670139E+1,-1.001339E-1
1.673611E+1,-9.924785E-2
1.677083E+1,-9.836180E-2
1.680556E+1,-9.747573E-2
1.684028E+1,-9.658968E-2
1.687500E+1,-9.570363E-2
1.690972E+1,-9.481758E-2
1.694444E+1,-9.393153E-2
1.697917E+1,-9.304546E-2
1.701389E+1,-9.215941E-2
1.704861E+1,-9.127336E-2
1.708333E+1,-9.038731E-2
1.711806E+1,-8.950123E-2
1.715278E+1,-8.861519E-2
1.718750E+1,-8.772914E-2
1.722222E+1,-8.684309E-2
1.725694E+1,-8.595704E-2
1.729167E+1,-8.507096E-2
1.732639E+1,-8.418491E-2
1.736111E+1,-8.329886E-2
1.739583E+1,-8.241281E-2
1.743056E+1,-8.152674E-2
1.746528E+1,-8.064069E-2
1.750000E+1,-7.975464E-2
1.753472E+1,-7.886859E-2
1.756944E+1,-7.798254E-2
1.760417E+1,-7.709647E-2
1.763889E+1,-7.621042E-2
1.767361E+1,-7.532437E-2
1.770833E+1,-7.443832E-2
1.774306E+1,-7.355224E-2
1.777778E+1,-7.266620E-2
1.781250E+1,-7.178015E-2
1.784722E+1,-7.089410E-2
1.788194E+1,-7.000805E-2
1.791667E+1,-6.912197E-2
1.795139E+1,-6.823592E-2
1.798611E+1,-6.734987E-2
1.802083E+1,-6.646382E-2
1.805556E+1,-6.557775E-2
1.809028E+1,-6.469170E-2
1.812500E+1,-6.380565E-2
1.815972E+1,-6.291960E-2
1.819444E+1,-6.203355E-2
1.822917E+1,-6.114748E-2
1.826389E+1,-6.026143E-2
1.829861E+1,-5.937538E-2
1.833333E+1,-5.848933E-2
1.836806E+1,-5.760325E-2
1.840278E+1,-5.671721E-2
1.843750E+1,-5.583116E-2
1.847222E+1,-5.494511E-2
1.850694E+1,-5.405906E-2
1.854167E+1,-5.317298E-2
1.857639E+1,-5.228693E-2
1.861111E+1,-5.140088E-2
1.864583E+1,-5.051483E-2
1.868056E+1,-4.962876E-2
1.871528E+1,-4.874271E-2
1.875000E+1,-4.785666E-2
1.878472E+1,-4.697061E-2
1.881944E+1,-4.608456E-2
1.885417E+1,-4.519849E-2
1.888889E+1,-4.431244E-2
1.892361E+1,-4.342639E-2
1.895833E+1,-4.254034E-2
1.899306E+1,-4.165426E-2
1.902778E+1,-4.076822E-2
1.906250E+1,-3.988217E-2
1.909722E+1,-3.899612E-2
1.913194E+1,-3.811007E-2
1.916667E+1,-3.722399E-2
1.920139E+1,-3.633794E-2
1.923611E+1,-3.545189E-2
1.927083E+1,-3.456584E-2
1.930556E+1,-3.367977E-2
1.934028E+1,-3.279372E-2
1.937500E+1,-3.190767E-2
1.940972E+1,-3.102162E-2
1.944444E+1,-3.013557E-2
1.947917E+1,-2.924950E-2
1.951389E+1,-2.836345E-2
1.954861E+1,-2.747740E-2
1.958333E+1,-2.659135E-2
1.961806E+1,-2.570527E-2
1.965278E+1,-2.481923E-2
1.968750E+1,-2.393318E-2
1.972222E+1,-2.304713E-2
1.975694E+1,-2.216108E-2
1.979167E+1,-2.127500E-2
1.982639E+1,-2.038895E-2
1.986111E+1,-1.950290E-2
1.989583E+1,-1.861685E-2
1.993056E+1,-1.773078E-2
1.996528E+1,-1.684473E-2
2.000000E+1,-1.595868E-2
2.003472E+1,-1.507263E-2
2.006944E+1,-1.418658E-2
2.010417E+1,-1.330051E-2
2.013889E+1,-1.241446E-2
2.017361E+1,-1.152841E-2
2.020833E+1,-1.064236E-2
2.024306E+1,-9.756285E-3
2.027778E+1,-8.870235E-3
2.031250E+1,-7.984186E-3
2.034722E+1,-7.098137E-3
2.038194E+1,-6.212087E-3
2.041667E+1,-5.326012E-3
2.045139E+1,-4.439963E-3
2.048611E+1,-3.553914E-3
2.052083E+1,-2.667864E-3
2.055556E+1,-1.781790E-3
2.059028E+1,-8.957403E-4
2.062500E+1,-9.690986E-6
2.065972E+1,8.763583E-4
2.069444E+1,1.762408E-3
2.072917E+1,2.648483E-3
2.076389E+1,3.534532E-3
2.079861E+1,4.420581E-3
2.083333E+1,5.306631E-3
2.086806E+1,6.192705E-3
2.090278E+1,7.078755E-3
2.093750E+1,7.964804E-3
2.097222E+1,8.850853E-3
2.100694E+1,9.736903E-3
2.104167E+1,1.062298E-2
2.107639E+1,1.150903E-2
2.111111E+1,1.239508E-2
2.114583E+1,1.328113E-2
2.118056E+1,1.416720E-2
2.121528E+1,1.505325E-2
2.125000E+1,1.593930E-2
2.128472E+1,1.682535E-2
2.131944E+1,1.771140E-2
2.135417E+1,1.859747E-2
2.138889E+1,1.948352E-2
2.142361E+1,2.036957E-2
2.145833E+1,2.125562E-2
2.149306E+1,2.214170E-2
2.152778E+1,2.302774E-2
2.156250E+1,2.391379E-2
2.159722E+1,2.479984E-2
2.163194E+1,2.568589E-2
2.166667E+1,2.657197E-2
2.170139E+1,2.745802E-2
2.173611E+1,2.834407E-2
2.177083E+1,2.923012E-2
2.180556E+1,3.011619E-2
2.184028E+1,3.100224E-2
2.187500E+1,3.188829E-2
2.190972E+1,3.277434E-2
2.194444E+1,3.366039E-2
2.197917E+1,3.454646E-2
2.201389E+1,3.543251E-2
2.204861E+1,3.631856E-2
2.208333E+1,3.720461E-2
2.211806E+1,3.809069E-2
2.215278E+1,3.897673E-2
2.218750E+1,3.986278E-2
2.222222E+1,4.074883E-2
2.225694E+1,4.163488E-2
2.229167E+1,4.252096E-2
2.232639E+1,4.340701E-2
2.236111E+1,4.429306E-2
2.239583E+1,4.517911E-2
2.243056E+1,4.606518E-2
2.246528E+1,4.695123E-2
2.250000E+1,4.783728E-2
2.253472E+1,4.872333E-2
2.256944E+1,4.960938E-2
2.260417E+1,5.049545E-2
2.263889E+1,5.138150E-2
2.267361E+1,5.226755E-2
2.270833E+1,5.315360E-2
2.274306E+1,5.403968E-2
2.277778E+1,5.492572E-2
2.281250E+1,5.581177E-2
2.284722E+1,5.669782E-2
2.288194E+1,5.758387E-2
2.291667E+1,5.846995E-2
2.295139E+1,5.935600E-2
2.298611E+1,6.024205E-2
2.302083E+1,6.112810E-2
2.305556E+1,6.201417E-2
2.309028E+1,6.290022E-2
2.312500E+1,6.378627E-2
2.315972E+1,6.467232E-2
2.319444E+1,6.555837E-2
2.322917E+1,6.644444E-2
2.326389E+1,6.733049E-2
2.329861E+1,6.821654E-2
2.333333E+1,6.910259E-2
2.336806E+1,6.998867E-2
2.340278E+1,7.087471E-2
2.343750E+1,7.176076E-2
2.347222E+1,7.264681E-2
2.350694E+1,7.353286E-2
2.354167E+1,7.441894E-2
2.357639E+1,7.530499E-2
2.361111E+1,7.619104E-2
2.364583E+1,7.707709E-2
2.368056E+1,7.796316E-2
2.371528E+1,7.884921E-2
2.375000E+1,7.973526E-2
2.378472E+1,8.062131E-2
2.381944E+1,8.150736E-2
2.385417E+1,8.239343E-2
2.388889E+1,8.327948E-2
2.392361E+1,8.416553E-2
2.395833E+1,8.505158E-2
2.399306E+1,8.593766E-2
2.402778E+1,8.682370E-2
2.406250E+1,8.770975E-2
2.409722E+1,8.859580E-2
2.413194E+1,8.948185E-2
2.416667E+1,9.036793E-2
2.420139E+1,9.125398E-2
2.423611E+1,9.214003E-2
2.427083E+1,9.302608E-2
2.430556E+1,9.391215E-2
2.434028E+1,9.479820E-2
2.437500E+1,9.568425E-2
2.440972E+1,9.657030E-2
2.444444E+1,9.745635E-2
2.447917E+1,9.834242E-2
2.451389E+1,9.922847E-2
2.454861E+1,1.001145E-1
2.458333E+1,1.010006E-1
2.461806E+1,1.018866E-1
2.465278E+1,1.027727E-1
2.468750E+1,1.036587E-1
2.472222E+1,1.045448E-1
2.475694E+1,1.054308E-1
2.479167E+1,1.063169E-1
2.482639E+1,1.072030E-1
2.486111E+1,1.080890E-1
2.489583E+1,1.089751E-1
2.493056E+1,1.098611E-1
2.496528E+1,1.107472E-1
2.500000E+1,1.116332E-1
2.503472E+1,1.125193E-1
2.506944E+1,1.134053E-1
2.510417E+1,1.142914E-1
2.513889E+1,1.151775E-1
2.517361E+1,1.160635E-1
2.520833E+1,1.169496E-1
2.524306E+1,1.178356E-1
2.527778E+1,1.187217E-1
2.531250E+1,1.196077E-1
2.534722E+1,1.204938E-1
2.538194E+1,1.213798E-1
2.541667E+1,1.222659E-1
2.545139E+1,1.231520E-1
2.548611E+1,1.240380E-1
2.552083E+1,1.249241E-1
2.555556E+1,1.258101E-1
2.559028E+1,1.266962E-1
2.562500E+1,1.275822E-1
2.565972E+1,1.284683E-1
2.569444E+1,1.293543E-1
2.572917E+1,1.302404E-1
2.576389E+1,1.311265E-1
2.579861E+1,1.320125E-1
2.583333E+1,1.328986E-1
2.586806E+1,1.337846E-1
2.590278E+1,1.346707E-1
2.593750E+1,1.355567E-1
2.597222E+1,1.364428E-1
2.600694E+1,1.373288E-1
2.604167E+1,1.382149E-1
2.607639E+1,1.391009E-1
2.611111E+1,1.399870E-1
2.614583E+1,1.408730E-1
2.618056E+1,1.417591E-1
2.621528E+1,1.426452E-1
2.625000E+1,1.435312E-1
2.628472E+1,1.444173E-1
2.631944E+1,1.453033E-1
2.635417E+1,1.461894E-1
2.638889E+1,1.470754E-1
2.642361E+1,1.479615E-1
2.645833E+1,1.488475E-1
2.649306E+1,1.497336E-1
2.652778E+1,1.506197E-1
2.656250E+1,1.515057E-1
2.659722E+1,1.523918E-1
2.663194E+1,1.532778E-1
2.666667E+1,1.541639E-1
2.670139E+1,1.550499E-1
2.673611E+1,1.559360E-1
2.677083E+1,1.568220E-1
2.680556E+1,1.577081E-1
2.684028E+1,1.585942E-1
2.687500E+1,1.594802E-1
2.690972E+1,1.603663E-1
2.694444E+1,1.612523E-1
2.697917E+1,1.621384E-1
2.701389E+1,1.630244E-1
2.704861E+1,1.639105E-1
2.708333E+1,1.647965E-1
2.711806E+1,1.656826E-1
2.715278E+1,1.665687E-1
2.718750E+1,1.674547E-1
2.722222E+1,1.683408E-1
2.725694E+1,1.692268E-1
2.729167E+1,1.701129E-1
2.732639E+1,1.709989E-1
2.736111E+1,1.718850E-1
2.739583E+1,1.727710E-1
2.743056E+1,1.736571E-1
2.746528E+1,1.745431E-1
2.750000E+1,1.754292E-1
2.753472E+1,1.763152E-1
2.756944E+1,1.772013E-1
2.760417E+1,1.780874E-1
2.763889E+1,1.789734E-1
2.767361E+1,1.798595E-1
2.770833E+1,1.807455E-1
2.774306E+1,1.816316E-1
2.777778E+1,1.825176E-1
2.781250E+1,1.834037E-1
2.784722E+1,1.842897E-1
2.788194E+1,1.851758E-1
2.791667E+1,1.860840E-1
2.795139E+1,1.870586E-1
2.798611E+1,1.880332E-1
2.802083E+1,1.890078E-1
2.805556E+1,1.899825E-1
2.809028E+1,1.909571E-1
2.812500E+1,1.919317E-1
2.815972E+1,1.929063E-1
2.819444E+1,1.938809E-1
2.822917E+1,1.948556E-1
2.826389E+1,1.958302E-1
2.829861E+1,1.968048E-1
2.833333E+1,1.977794E-1
2.836806E+1,1.987541E-1
2.840278E+1,1.997287E-1
2.843750E+1,2.007033E-1
2.847222E+1,2.016779E-1
2.850694E+1,2.026526E-1
2.854167E+1,2.036272E-1
2.857639E+1,2.046018E-1
2.861111E+1,2.055764E-1
2.864583E+1,2.065511E-1
2.868056E+1,2.075257E-1
2.871528E+1,2.085003E-1
2.875000E+1,2.094749E-1
2.878472E+1,2.104495E-1
2.881944E+1,2.114242E-1
2.885417E+1,2.123988E-1
2.888889E+1,2.133734E-1
2.892361E+1,2.143480E-1
2.895833E+1,2.153227E-1
2.899306E+1,2.162973E-1
2.902778E+1,2.172719E-1
2.906250E+1,2.182465E-1
2.909722E+1,2.192212E-1
2.913194E+1,2.201958E-1
2.916667E+1,2.211704E-1
2.920139E+1,2.221450E-1
2.923611E+1,2.231197E-1
2.927083E+1,2.240943E-1
2.930556E+1,2.250689E-1
2.934028E+1,2.260435E-1
2.937500E+1,2.270182E-1
2.940972E+1,2.279928E-1
2.944444E+1,2.289674E-1
2.947917E+1,2.299420E-1
2.951389E+1,2.309167E-1
2.954861E+1,2.318913E-1
2.958333E+1,2.328659E-1
2.961806E+1,2.338405E-1
2.965278E+1,2.348152E-1
2.968750E+1,2.357898E-1
2.972222E+1,2.367644E-1
2.975694E+1,2.377390E-1
2.979167E+1,2.387136E-1
2.982639E+1,2.396883E-1
2.986111E+1,2.406629E-1
2.989583E+1,2.416375E-1
2.993056E+1,2.426121E-1
2.996528E+1,2.435868E-1
3.000000E+1,2.445614E-1
3.003472E+1,2.455360E-1
3.006944E+1,2.465106E-1
3.010417E+1,2.474853E-1
3.013889E+1,2.484599E-1
3.017361E+1,2.494345E-1
3.020833E+1,2.504091E-1
3.024306E+1,2.513838E-1
3.027778E+1,2.523584E-1
3.031250E+1,2.533330E-1
3.034722E+1,2.543076E-1
3.038194E+1,2.552822E-1
3.041667E+1,2.562569E-1
3.045139E+1,2.572315E-1
3.048611E+1,2.582061E-1
3.052083E+1,2.591807E-1
3.055556E+1,2.601554E-1
3.059028E+1,2.611300E-1
3.062500E+1,2.621046E-1
3.065972E+1,2.630792E-1
3.069444E+1,2.640538E-1
3.072917E+1,2.650285E-1
3.076389E+1,2.660031E-1
3.079861E+1,2.669777E-1
3.083333E+1,2.679523E-1
3.086806E+1,2.689270E-1
3.090278E+1,2.699016E-1
3.093750E+1,2.708762E-1
3.097222E+1,2.718508E-1
3.100694E+1,2.728255E-1
3.104167E+1,2.738001E-1
3.107639E+1,2.747747E-1
3.111111E+1,2.757493E-1
3.114583E+1,2.767240E-1
3.118056E+1,2.776986E-1
3.121528E+1,2.786732E-1
3.125000E+1,2.796478E-1
3.128472E+1,2.806224E-1
3.131944E+1,2.815971E-1
3.135417E+1,2.825717E-1
3.138889E+1,2.835463E-1
3.142361E+1,2.845209E-1
3.145833E+1,2.854956E-1
3.149306E+1,2.864702E-1
3.152778E+1,2.874448E-1
3.156250E+1,2.884194E-1
3.159722E+1,2.893941E-1
3.163194E+1,2.903687E-1
3.166667E+1,2.913433E-1
3.170139E+1,2.923179E-1
3.173611E+1,2.932926E-1
3.177083E+1,2.942672E-1
3.180556E+1,2.952418E-1
3.184028E+1,2.962164E-1
3.187500E+1,2.971911E-1
3.190972E+1,2.981657E-1
3.194444E+1,2.991403E-1
3.197917E+1,3.001149E-1
3.201389E+1,3.010896E-1
3.204861E+1,3.020642E-1
3.208333E+1,3.030388E-1
3.211806E+1,3.040134E-1
3.215278E+1,3.049881E-1
3.218750E+1,3.059627E-1
3.222222E+1,3.069373E-1
3.225694E+1,3.079119E-1
3.229167E+1,3.088865E-1
3.232639E+1,3.098612E-1
3.236111E+1,3.108358E-1
3.239583E+1,3.118104E-1
3.243056E+1,3.127850E-1
3.246528E+1,3.137597E-1
3.250000E+1,3.147343E-1
3.253472E+1,3.157089E-1
3.256944E+1,3.166835E-1
3.260417E+1,3.176582E-1
3.263889E+1,3.186328E-1
3.267361E+1,3.196074E-1
3.270833E+1,3.208494E-1
3.274306E+1,3.223222E-1
3.277778E+1,3.237950E-1
3.281250E+1,3.252678E-1
3.284722E+1,3.267406E-1
3.288194E+1,3.282134E-1
3.291667E+1,3.296862E-1
3.295139E+1,3.311590E-1
3.298611E+1,3.326318E-1
3.302083E+1,3.341046E-1
3.305556E+1,3.355774E-1
3.309028E+1,3.370502E-1
3.312500E+1,3.385230E-1
3.315972E+1,3.399958E-1
3.319444E+1,3.414686E-1
3.322917E+1,3.429414E-1
3.326389E+1,3.444142E-1
3.329861E+1,3.458870E-1
3.333333E+1,3.473598E-1
3.336806E+1,3.488326E-1
3.340278E+1,3.503054E-1
3.343750E+1,3.517782E-1
3.347222E+1,3.532510E-1
3.350694E+1,3.547238E-1
3.354167E+1,3.561967E-1
3.357639E+1,3.576695E-1
3.361111E+1,3.591422E-1
3.364583E+1,3.606150E-1
3.368056E+1,3.620879E-1
3.371528E+1,3.635607E-1
3.375000E+1,3.650335E-1
3.378472E+1,3.665063E-1
3.381944E+1,3.679790E-1
3.385417E+1,3.694519E-1
3.388889E+1,3.709247E-1
3.392361E+1,3.723975E-1
3.395833E+1,3.738703E-1
3.399306E+1,3.753431E-1
3.402778E+1,3.768159E-1
3.406250E+1,3.782887E-1
3.409722E+1,3.797615E-1
3.413194E+1,3.812343E-1
3.416667E+1,3.827071E-1
3.420139E+1,3.841799E-1
3.423611E+1,3.856527E-1
3.427083E+1,3.871255E-1
3.430556E+1,3.885983E-1
3.434028E+1,3.900711E-1
3.437500E+1,3.915439E-1
3.440972E+1,3.930167E-1
3.444444E+1,3.944895E-1
3.447917E+1,3.959623E-1
3.451389E+1,3.974351E-1
3.454861E+1,3.989079E-1
3.458333E+1,4.003807E-1
3.461806E+1,4.018536E-1
3.465278E+1,4.033264E-1
3.468750E+1,4.047991E-1
3.472222E+1,4.062719E-1
3.475694E+1,4.077447E-1
3.479167E+1,4.092176E-1
3.482639E+1,4.106904E-1
3.486111E+1,4.121632E-1
3.489583E+1,4.136360E-1
3.493056E+1,4.151088E-1
3.496528E+1,4.165816E-1
3.500000E+1,4.180544E-1
3.503472E+1,4.195272E-1
3.506944E+1,4.210000E-1
3.510417E+1,4.224728E-1
3.513889E+1,4.239456E-1
3.517361E+1,4.254184E-1
3.520833E+1,4.268912E-1
3.524306E+1,4.283640E-1
3.527778E+1,4.298368E-1
3.531250E+1,4.313096E-1
3.534722E+1,4.327824E-1
3.538194E+1,4.342552E-1
3.541667E+1,4.357280E-1
3.545139E+1,4.372008E-1
3.548611E+1,4.386736E-1
3.552083E+1,4.401464E-1
3.555556E+1,4.416192E-1
3.559028E+1,4.430920E-1
3.562500E+1,4.445648E-1
3.565972E+1,4.460376E-1
3.569444E+1,4.475104E-1
3.572917E+1,4.489833E-1
3.576389E+1,4.504561E-1
3.579861E+1,4.519288E-1
3.583333E+1,4.534016E-1
3.586806E+1,4.548745E-1
3.590278E+1,4.563473E-1
3.593750E+1,4.578201E-1
3.597222E+1,4.592929E-1
3.600694E+1,4.607657E-1
3.604167E+1,4.622385E-1
3.607639E+1,4.637113E-1
3.611111E+1,4.651841E-1
3.614583E+1,4.666569E-1
3.618056E+1,4.681297E-1
3.621528E+1,4.696025E-1
3.625000E+1,4.710753E-1
3.628472E+1,4.725481E-1
3.631944E+1,4.740209E-1
3.635417E+1,4.754937E-1
3.638889E+1,4.769665E-1
3.642361E+1,4.784393E-1
3.645833E+1,4.799121E-1
3.649306E+1,4.813849E-1
3.652778E+1,4.828577E-1
3.656250E+1,4.843305E-1
3.659722E+1,4.858033E-1
3.663194E+1,4.872761E-1
3.666667E+1,4.887489E-1
3.670139E+1,4.902217E-1
3.673611E+1,4.916945E-1
3.677083E+1,4.931673E-1
3.680556E+1,4.946402E-1
3.684028E+1,4.955752E-1
3.687500E+1,4.955752E-1
3.690972E+1,4.955752E-1
3.694444E+1,4.955752E-1
3.697917E+1,4.955752E-1
3.701389E+1,4.955752E-1
3.704861E+1,4.955752E-1
3.708333E+1,4.955752E-1
3.711806E+1,4.955752E-1
3.715278E+1,4.955752E-1
3.718750E+1,4.955752E-1
3.722222E+1,4.955752E-1
3.725694E+1,4.955752E-1
3.729167E+1,4.955752E-1
3.732639E+1,4.955752E-1
3.736111E+1,4.955752E-1
3.739583E+1,4.955752E-1
3.743056E+1,4.955752E-1
3.746528E+1,4.955752E-1
3.750000E+1,4.955752E-1
3.753472E+1,4.955752E-1
3.756944E+1,4.955752E-1
3.760417E+1,4.955752E-1
3.763889E+1,4.955752E-1
3.767361E+1,4.955752E-1
3.770833E+1,4.955752E-1
3.774306E+1,4.955752E-1
3.777778E+1,4.955752E-1
3.781250E+1,4.955752E-1
3.784722E+1,4.955752E-1
3.788194E+1,4.955752E-1
3.791667E+1,4.955752E-1
3.795139E+1,4.955752E-1
3.798611E+1,4.955752E-1
3.802083E+1,4.955752E-1
3.805556E+1,4.955752E-1
3.809028E+1,4.955752E-1
3.812500E+1,4.955752E-1
3.815972E+1,4.955752E-1
3.819444E+1,4.955752E-1
3.822917E+1,4.955752E-1
3.826389E+1,4.955752E-1
3.829861E+1,4.955752E-1
3.833333E+1,4.955752E-1
3.836806E+1,4.955752E-1
3.840278E+1,4.955752E-1
3.843750E+1,4.955752E-1
3.847222E+1,4.955752E-1
3.850694E+1,4.955752E-1
3.854167E+1,4.955752E-1
3.857639E+1,4.955752E-1
3.861111E+1,4.955752E-1
3.864583E+1,4.955752E-1
3.868056E+1,4.955752E-1
3.871528E+1,4.955752E-1
3.875000E+1,4.955752E-1
3.878472E+1,4.955752E-1
3.881944E+1,4.955752E-1
3.885417E+1,4.955752E-1
3.888889E+1,4.955752E-1
3.892361E+1,4.955752E-1
3.895833E+1,4.955752E-1
3.899306E+1,4.955752E-1
3.902778E+1,4.955752E-1
3.906250E+1,4.955752E-1
3.909722E+1,4.955752E-1
3.913194E+1,4.955752E-1
3.916667E+1,4.955752E-1
3.920139E+1,4.955752E-1
3.923611E+1,4.955752E-1
3.927083E+1,4.955752E-1
3.930556E+1,4.955752E-1
3.934028E+1,4.955752E-1
3.937500E+1,4.955752E-1
3.940972E+1,4.955752E-1
3.944444E+1,4.955752E-1
3.947917E+1,4.955752E-1
3.951389E+1,4.955752E-1
3.954861E+1,4.955752E-1
3.958333E+1,4.955752E-1
3.961806E+1,4.955752E-1
3.965278E+1,4.955752E-1
3.968750E+1,4.955752E-1
3.972222E+1,4.955752E-1
3.975694E+1,4.955752E-1
3.979167E+1,4.955752E-1
3.982639E+1,4.955752E-1
3.986111E+1,4.955752E-1
3.989583E+1,4.955752E-1
3.993056E+1,4.955752E-1
3.996528E+1,4.955752E-1
4.000000E+1,4.955752E-1
4.003472E+1,4.955752E-1
4.006944E+1,4.955752E-1
4.010417E+1,4.955752E-1
4.013889E+1,4.955752E-1
4.017361E+1,4.955752E-1
4.020833E+1,4.955752E-1
4.024306E+1,4.955752E-1
4.027778E+1,4.955752E-1
4.031250E+1,4.955752E-1
4.034722E+1,4.955752E-1
4.038194E+1,4.955752E-1
4.041667E+1,4.955752E-1
4.045139E+1,4.955752E-1
4.048611E+1,4.955752E-1
4.052083E+1,4.955752E-1
4.055556E+1,4.955752E-1
4.059028E+1,4.955752E-1
4.062500E+1,4.955752E-1
4.065972E+1,4.955752E-1
4.069444E+1,4.955752E-1
4.072917E+1,4.955752E-1
4.076389E+1,4.955752E-1
4.079861E+1,4.955752E-1
4.083333E+1,4.955752E-1
4.086806E+1,4.955752E-1
4.090278E+1,4.955752E-1
4.093750E+1,4.955752E-1
4.097222E+1,4.955900E-1
4.100694E+1,4.956664E-1
4.104167E+1,4.957429E-1
4.107639E+1,4.958193E-1
4.111111E+1,4.958958E-1
4.114583E+1,4.959722E-1
4.118056E+1,4.960487E-1
4.121528E+1,4.961251E-1
4.125000E+1,4.962015E-1
4.128472E+1,4.962780E-1
4.131944E+1,4.963544E-1
4.135417E+1,4.964309E-1
4.138889E+1,4.965073E-1
4.142361E+1,4.965837E-1
4.145833E+1,4.966602E-1
4.149306E+1,4.967366E-1
4.152778E+1,4.968131E-1
4.156250E+1,4.968895E-1
4.159722E+1,4.969660E-1
4.163194E+1,4.970424E-1
4.166667E+1,4.971188E-1
4.170139E+1,4.971953E-1
4.173611E+1,4.972717E-1
4.177083E+1,4.973482E-1
4.180556E+1,4.974246E-1
4.184028E+1,4.975010E-1
4.187500E+1,4.975775E-1
4.190972E+1,4.976539E-1
4.194444E+1,4.977304E-1
4.197917E+1,4.978068E-1
4.201389E+1,4.978833E-1
4.204861E+1,4.979597E-1
4.208333E+1,4.980361E-1
4.211806E+1,4.981126E-1
4.215278E+1,4.981890E-1
4.218750E+1,4.982655E-1
4.222222E+1,4.983419E-1
4.225694E+1,4.984183E-1
4.229167E+1,4.984948E-1
4.232639E+1,4.985712E-1
4.236111E+1,4.986477E-1
4.239583E+1,4.987241E-1
4.243056E+1,4.988006E-1
4.246528E+1,4.988770E-1
4.250000E+1,4.989534E-1
4.253472E+1,4.990299E-1
4.256944E+1,4.991063E-1
4.260417E+1,4.991828E-1
4.263889E+1,4.992592E-1
4.267361E+1,4.993357E-1
4.270833E+1,4.994121E-1
4.274306E+1,4.994885E-1
4.277778E+1,4.995650E-1
4.281250E+1,4.996414E-1
4.284722E+1,4.997179E-1
4.288194E+1,4.997943E-1
4.291667E+1,4.998707E-1
4.295139E+1,4.999472E-1
4.298611E+1,5.000236E-1
4.302083E+1,5.001001E-1
4.305556E+1,5.001765E-1
4.309028E+1,5.002530E-1
4.312500E+1,5.003294E-1
4.315972E+1,5.004058E-1
4.319444E+1,5.004823E-1
4.322917E+1,5.005587E-1
4.326389E+1,5.006352E-1
4.329861E+1,5.007116E-1
4.333333E+1,5.007880E-1
4.336806E+1,5.008645E-1
4.340278E+1,5.009409E-1
4.343750E+1,5.010174E-1
4.347222E+1,5.010938E-1
4.350694E+1,5.011703E-1
4.354167E+1,5.012467E-1
4.357639E+1,5.013231E-1
4.361111E+1,5.013996E-1
4.364583E+1,5.014760E-1
4.368056E+1,5.015525E-1
4.371528E+1,5.016289E-1
4.375000E+1,5.017054E-1
4.378472E+1,5.017818E-1
4.381944E+1,5.018582E-1
4.385417E+1,5.019347E-1
4.388889E+1,5.020111E-1
4.392361E+1,5.020876E-1
4.395833E+1,5.021640E-1
4.399306E+1,5.022404E-1
4.402778E+1,5.023169E-1
4.406250E+1,5.023933E-1
4.409722E+1,5.024698E-1
4.413194E+1,5.025462E-1
4.416667E+1,5.026227E-1
4.420139E+1,5.026991E-1
4.423611E+1,5.027755E-1
4.427083E+1,5.028520E-1
4.430556E+1,5.029284E-1
4.434028E+1,5.030049E-1
4.437500E+1,5.030813E-1
4.440972E+1,5.031577E-1
4.444444E+1,5.032342E-1
4.447917E+1,5.033106E-1
4.451389E+1,5.033871E-1
4.454861E+1,5.034635E-1
4.458333E+1,5.035400E-1
4.461806E+1,5.036164E-1
4.465278E+1,5.036928E-1
4.468750E+1,5.037693E-1
4.472222E+1,5.038457E-1
4.475694E+1,5.039222E-1
4.479167E+1,5.039986E-1
4.482639E+1,5.040751E-1
4.486111E+1,5.041515E-1
4.489583E+1,5.042279E-1
4.493056E+1,5.043044E-1
4.496528E+1,5.043808E-1
4.500000E+1,5.044573E-1
4.503472E+1,5.045337E-1
4.506944E+1,5.046101E-1
4.510417E+1,5.046866E-1
4.513889E+1,5.047630E-1
4.517361E+1,5.048395E-1
4.520833E+1,5.049159E-1
4.524306E+1,5.049924E-1
4.527778E+1,5.050688E-1
4.531250E+1,5.051452E-1
4.534722E+1,5.052217E-1
4.538194E+1,5.052981E-1
4.541667E+1,5.053746E-1
4.545139E+1,5.054510E-1
4.548611E+1,5.055274E-1
4.552083E+1,5.056039E-1
4.555556E+1,5.056803E-1
4.559028E+1,5.057568E-1
4.562500E+1,5.058332E-1
4.565972E+1,5.058997E-1
4.569444E+1,5.058997E-1
4.572917E+1,5.058997E-1
4.576389E+1,5.058997E-1
4.579861E+1,5.058997E-1
4.583333E+1,5.058997E-1
4.586806E+1,5.058997E-1
4.590278E+1,5.058997E-1
4.593750E+1,5.058997E-1
4.597222E+1,5.058997E-1
4.600694E+1,5.058997E-1
4.604167E+1,5.058997E-1
4.607639E+1,5.058997E-1
4.611111E+1,5.058997E-1
4.614583E+1,5.058997E-1
4.618056E+1,5.058997E-1
4.621528E+1,5.058997E-1
4.625000E+1,5.058997E-1
4.628472E+1,5.058997E-1
4.631944E+1,5.058997E-1
4.635417E+1,5.058997E-1
4.638889E+1,5.058997E-1
4.642361E+1,5.058997E-1
4.645833E+1,5.058997E-1
4.649306E+1,5.058997E-1
4.652778E+1,5.058997E-1
4.656250E+1,5.058997E-1
4.659722E+1,5.058997E-1
4.663194E+1,5.058997E-1
4.666667E+1,5.058997E-1
4.670139E+1,5.058997E-1
4.673611E+1,5.058997E-1
4.677083E+1,5.058997E-1
4.680556E+1,5.058997E-1
4.684028E+1,5.058997E-1
4.687500E+1,5.058997E-1
4.690972E+1,5.058997E-1
4.694444E+1,5.058997E-1
4.697917E+1,5.058997E-1
4.701389E+1,5.058997E-1
4.704861E+1,5.058997E-1
4.708333E+1,5.058997E-1
4.711806E+1,5.058997E-1
4.715278E+1,5.058997E-1
4.718750E+1,5.058997E-1
4.722222E+1,5.058997E-1
4.725694E+1,5.058997E-1
4.729167E+1,5.058997E-1
4.732639E+1,5.058997E-1
4.736111E+1,5.058997E-1
4.739583E+1,5.058997E-1
4.743056E+1,5.058997E-1
4.746528E+1,5.058997E-1
4.750000E+1,5.058997E-1
4.753472E+1,5.058997E-1
4.756944E+1,5.058997E-1
4.760417E+1,5.058997E-1
4.763889E+1,5.058997E-1
4.767361E+1,5.058997E-1
4.770833E+1,5.058997E-1
4.774306E+1,5.058997E-1
4.777778E+1,5.058997E-1
4.781250E+1,5.058997E-1
4.784722E+1,5.058997E-1
4.788194E+1,5.058997E-1
4.791667E+1,5.058997E-1
4.795139E+1,5.058997E-1
4.798611E+1,5.058997E-1
4.802083E+1,5.058997E-1
4.805556E+1,5.058997E-1
4.809028E+1,5.058997E-1
4.812500E+1,5.058997E-1
4.815972E+1,5.058997E-1
4.819444E+1,5.058997E-1
4.822917E+1,5.058997E-1
4.826389E+1,5.058997E-1
4.829861E+1,5.058997E-1
4.833333E+1,5.058997E-1
4.836806E+1,5.058997E-1
4.840278E+1,5.058997E-1
4.843750E+1,5.058997E-1
4.847222E+1,5.058997E-1
4.850694E+1,5.058997E-1
4.854167E+1,5.058997E-1
4.857639E+1,5.058997E-1
4.861111E+1,5.058997E-1
4.864583E+1,5.058997E-1
4.868056E+1,5.058997E-1
4.871528E+1,5.058997E-1
4.875000E+1,5.058997E-1
4.878472E+1,5.058997E-1
4.881944E+1,5.058997E-1
4.885417E+1,5.058997E-1
4.888889E+1,5.058997E-1
4.892361E+1,5.058997E-1
4.895833E+1,5.058997E-1
4.899306E+1,5.058997E-1
4.902778E+1,5.058997E-1
4.906250E+1,5.058997E-1
4.909722E+1,5.058997E-1
4.913194E+1,5.058997E-1
4.916667E+1,5.058997E-1
4.920139E+1,5.058997E-1
4.923611E+1,5.058997E-1
4.927083E+1,5.058997E-1
4.930556E+1,5.058997E-1
4.934028E+1,5.058997E-1
4.937500E+1,5.058997E-1
4.940972E+1,5.058997E-1
4.944444E+1,5.058997E-1
4.947917E+1,5.058997E-1
4.951389E+1,5.058997E-1
4.954861E+1,5.058997E-1
4.958333E+1,5.058997E-1
4.961806E+1,5.058997E-1
4.965278E+1,5.058997E-1
4.968750E+1,5.058997E-1
4.972222E+1,5.058997E-1
4.975694E+1,5.058997E-1
4.979167E+1,5.058997E-1
4.982639E+1,5.058997E-1
4.986111E+1,5.058997E-1
4.989583E+1,5.058997E-1
4.993056E+1,5.058997E-1
4.996528E+1,5.058997E-1
5.000000E+1,5.056649E-1
5.003472E+1,5.053105E-1
5.006944E+1,5.049561E-1
5.010417E+1,5.046017E-1
5.013889E+1,5.042473E-1
5.017361E+1,5.038929E-1
5.020833E+1,5.035385E-1
5.024306E+1,5.031840E-1
5.027778E+1,5.028296E-1
5.031250E+1,5.024752E-1
5.034722E+1,5.021208E-1
5.038194E+1,5.017664E-1
5.041667E+1,5.014120E-1
5.045139E+1,5.010576E-1
5.048611E+1,5.007032E-1
5.052083E+1,5.003487E-1
5.055556E+1,4.999943E-1
5.059028E+1,4.996399E-1
5.062500E+1,4.992855E-1
5.065972E+1,4.989311E-1
5.069444E+1,4.985767E-1
5.072917E+1,4.982223E-1
5.076389E+1,4.978679E-1
5.079861E+1,4.975134E-1
5.083333E+1,4.971590E-1
5.086806E+1,4.968046E-1
5.090278E+1,4.964502E-1
5.093750E+1,4.960958E-1
5.097222E+1,4.957414E-1
5.100694E+1,4.953870E-1
5.104167E+1,4.950325E-1
5.107639E+1,4.946781E-1
5.111111E+1,4.943237E-1
5.114583E+1,4.939693E-1
5.118056E+1,4.936149E-1
5.121528E+1,4.932605E-1
5.125000E+1,4.929061E-1
5.128472E+1,4.925517E-1
5.131944E+1,4.921972E-1
5.135417E+1,4.918428E-1
5.138889E+1,4.914884E-1
5.142361E+1,4.911340E-1
5.145833E+1,4.907796E-1
5.149306E+1,4.904252E-1
5.152778E+1,4.900708E-1
5.156250E+1,4.897164E-1
5.159722E+1,4.893619E-1
5.163194E+1,4.890075E-1
5.166667E+1,4.886531E-1
5.170139E+1,4.882987E-1
5.173611E+1,4.879443E-1
5.177083E+1,4.875899E-1
5.180556E+1,4.872355E-1
5.184028E+1,4.868810E-1
5.187500E+1,4.865266E-1
5.190972E+1,4.861722E-1
5.194444E+1,4.858178E-1
5.197917E+1,4.854634E-1
5.201389E+1,4.851090E-1
5.204861E+1,4.847546E-1
5.208333E+1,4.844002E-1
5.211806E+1,4.840457E-1
5.215278E+1,4.836913E-1
5.218750E+1,4.833369E-1
5.222222E+1,4.829825E-1
5.225694E+1,4.826281E-1
5.229167E+1,4.822737E-1
5.232639E+1,4.819193E-1
5.236111E+1,4.815649E-1
5.239583E+1,4.812104E-1
5.243056E+1,4.808560E-1
5.246528E+1,4.805016E-1
5.250000E+1,4.801472E-1
5.253472E+1,4.797928E-1
5.256944E+1,4.794384E-1
5.260417E+1,4.790840E-1
5.263889E+1,4.787296E-1
5.267361E+1,4.783751E-1
5.270833E+1,4.780207E-1
5.274306E+1,4.776663E-1
5.277778E+1,4.773119E-1
5.281250E+1,4.769575E-1
5.284722E+1,4.766031E-1
5.288194E+1,4.762487E-1
5.291667E+1,4.758942E-1
5.295139E+1,4.755398E-1
5.298611E+1,4.751854E-1
5.302083E+1,4.748310E-1
5.305556E+1,4.744766E-1
5.309028E+1,4.741222E-1
5.312500E+1,4.737678E-1
5.315972E+1,4.734134E-1
5.319444E+1,4.730589E-1
5.322917E+1,4.727045E-1
5.326389E+1,4.723501E-1
5.329861E+1,4.719957E-1
5.333333E+1,4.716413E-1
5.336806E+1,4.712869E-1
5.340278E+1,4.709325E-1
5.343750E+1,4.705781E-1
5.347222E+1,4.702236E-1
5.350694E+1,4.698692E-1
5.354167E+1,4.695148E-1
5.357639E+1,4.691604E-1
5.361111E+1,4.688060E-1
5.364583E+1,4.684516E-1
5.368056E+1,4.680972E-1
5.371528E+1,4.677427E-1
5.375000E+1,4.673883E-1
5.378472E+1,4.670339E-1
5.381944E+1,4.666795E-1
5.385417E+1,4.663251E-1
5.388889E+1,4.659707E-1
5.392361E+1,4.656163E-1
5.395833E+1,4.652619E-1
5.399306E+1,4.649074E-1
5.402778E+1,4.646456E-1
5.406250E+1,4.649638E-1
5.409722E+1,4.652821E-1
5.413194E+1,4.656003E-1
5.416667E+1,4.659186E-1
5.420139E+1,4.662369E-1
5.423611E+1,4.665551E-1
5.427083E+1,4.668734E-1
5.430556E+1,4.671916E-1
5.434028E+1,4.675099E-1
5.437500E+1,4.678281E-1
5.440972E+1,4.681464E-1
5.444444E+1,4.684646E-1
5.447917E+1,4.687829E-1
5.451389E+1,4.691011E-1
5.454861E+1,4.694194E-1
5.458333E+1,4.697376E-1
5.461806E+1,4.700559E-1
5.465278E+1,4.703742E-1
5.468750E+1,4.706924E-1
5.472222E+1,4.710107E-1
5.475694E+1,4.713289E-1
5.479167E+1,4.716472E-1
5.482639E+1,4.719654E-1
5.486111E+1,4.722837E-1
5.489583E+1,4.726019E-1
5.493056E+1,4.729202E-1
5.496528E+1,4.732384E-1
5.500000E+1,4.735567E-1
5.503472E+1,4.738749E-1
5.506944E+1,4.741932E-1
5.510417E+1,4.745115E-1
5.513889E+1,4.748297E-1
5.517361E+1,4.751480E-1
5.520833E+1,4.754662E-1
5.524306E+1,4.757845E-1
5.527778E+1,4.761027E-1
5.531250E+1,4.764210E-1
5.534722E+1,4.767392E-1
5.538194E+1,4.770575E-1
5.541667E+1,4.773757E-1
5.545139E+1,4.776940E-1
5.548611E+1,4.780122E-1
5.552083E+1,4.783305E-1
5.555556E+1,4.786488E-1
5.559028E+1,4.789670E-1
5.562500E+1,4.792853E-1
5.565972E+1,4.796035E-1
5.569444E+1,4.799218E-1
5.572917E+1,4.802400E-1
5.576389E+1,4.805583E-1
5.579861E+1,4.808765E-1
5.583333E+1,4.811948E-1
5.586806E+1,4.815130E-1
5.590278E+1,4.818313E-1
5.593750E+1,4.821495E-1
5.597222E+1,4.824678E-1
5.600694E+1,4.827860E-1
5.604167E+1,4.831043E-1
5.607639E+1,4.834226E-1
5.611111E+1,4.837408E-1
5.614583E+1,4.840591E-1
5.618056E+1,4.843773E-1
5.621528E+1,4.846956E-1
5.625000E+1,4.850138E-1
5.628472E+1,4.853321E-1
5.631944E+1,4.856503E-1
5.635417E+1,4.859686E-1
5.638889E+1,4.862868E-1
5.642361E+1,4.866051E-1
5.645833E+1,4.869233E-1
5.649306E+1,4.872416E-1
5.652778E+1,4.875598E-1
5.656250E+1,4.878781E-1
5.659722E+1,4.881963E-1
5.663194E+1,4.885146E-1
5.666667E+1,4.888329E-1
5.670139E+1,4.891511E-1
5.673611E+1,4.894694E-1
5.677083E+1,4.897876E-1
5.680556E+1,4.901059E-1
5.684028E+1,4.904241E-1
5.687500E+1,4.907424E-1
5.690972E+1,4.910606E-1
5.694444E+1,4.913789E-1
5.697917E+1,4.916971E-1
5.701389E+1,4.920154E-1
5.704861E+1,4.923336E-1
5.708333E+1,4.926519E-1
5.711806E+1,4.929702E-1
5.715278E+1,4.932884E-1
5.718750E+1,4.936067E-1
5.722222E+1,4.939249E-1
5.725694E+1,4.942432E-1
5.729167E+1,4.945614E-1
5.732639E+1,4.948797E-1
5.736111E+1,4.951979E-1
5.739583E+1,4.955162E-1
5.743056E+1,4.958344E-1
5.746528E+1,4.961527E-1
5.750000E+1,4.964709E-1
5.753472E+1,4.967892E-1
5.756944E+1,4.971074E-1
5.760417E+1,4.974257E-1
5.763889E+1,4.977440E-1
5.767361E+1,4.980622E-1
5.770833E+1,4.983805E-1
5.774306E+1,4.986987E-1
5.777778E+1,4.990170E-1
5.781250E+1,4.993352E-1
5.784722E+1,4.996535E-1
5.788194E+1,4.999717E-1
5.791667E+1,5.002900E-1
5.795139E+1,5.006082E-1
5.798611E+1,5.009265E-1
5.802083E+1,5.012447E-1
5.805556E+1,5.015630E-1
5.809028E+1,5.018813E-1
5.812500E+1,5.021995E-1
5.815972E+1,5.025178E-1
5.819444E+1,5.028360E-1
5.822917E+1,5.031543E-1
5.826389E+1,5.034725E-1
5.829861E+1,5.037908E-1
5.833333E+1,5.041090E-1
5.836806E+1,5.044273E-1
5.840278E+1,5.047455E-1
5.843750E+1,5.050638E-1
5.847222E+1,5.053820E-1
5.850694E+1,5.057003E-1
5.854167E+1,5.059300E-1
5.857639E+1,5.060113E-1
5.861111E+1,5.060925E-1
5.864583E+1,5.061737E-1
5.868056E+1,5.062549E-1
5.871528E+1,5.063361E-1
5.875000E+1,5.064174E-1
5.878472E+1,5.064986E-1
5.881944E+1,5.065798E-1
5.885417E+1,5.066610E-1
5.888889E+1,5.067422E-1
5.892361E+1,5.068235E-1
5.895833E+1,5.069047E-1
5.899306E+1,5.069859E-1
5.902778E+1,5.070671E-1
5.906250E+1,5.071483E-1
5.909722E+1,5.072296E-1
5.913194E+1,5.073108E-1
5.916667E+1,5.073920E-1
5.920139E+1,5.074732E-1
5.923611E+1,5.075544E-1
5.927083E+1,5.076357E-1
5.930556E+1,5.077169E-1
5.934028E+1,5.077981E-1
5.937500E+1,5.078793E-1
5.940972E+1,5.079605E-1
5.944444E+1,5.080418E-1
5.947917E+1,5.081230E-1
5.951389E+1,5.082042E-1
5.954861E+1,5.082854E-1
5.958333E+1,5.083666E-1
5.961806E+1,5.084479E-1
5.965278E+1,5.085291E-1
5.968750E+1,5.086103E-1
5.972222E+1,5.086915E-1
5.975694E+1,5.087727E-1
5.979167E+1,5.088540E-1
5.982639E+1,5.089352E-1
5.986111E+1,5.090164E-1
5.989583E+1,5.090976E-1
5.993056E+1,5.091788E-1
5.996528E+1,5.092601E-1
6.000000E+1,5.093413E-1
6.003472E+1,5.094225E-1
6.006944E+1,5.095037E-1
6.010417E+1,5.095849E-1
6.013889E+1,5.096662E-1
6.017361E+1,5.097474E-1
6.020833E+1,5.098286E-1
6.024306E+1,5.099098E-1
6.027778E+1,5.099910E-1
6.031250E+1,5.100723E-1
6.034722E+1,5.101535E-1
6.038194E+1,5.102347E-1
6.041667E+1,5.103159E-1
6.045139E+1,5.103971E-1
6.048611E+1,5.104784E-1
6.052083E+1,5.105596E-1
6.055556E+1,5.106408E-1
6.059028E+1,5.107220E-1
6.062500E+1,5.108032E-1
6.065972E+1,5.108845E-1
6.069444E+1,5.109657E-1
6.072917E+1,5.110469E-1
6.076389E+1,5.111281E-1
6.079861E+1,5.112093E-1
6.083333E+1,5.112906E-1
6.086806E+1,5.113718E-1
6.090278E+1,5.114530E-1
6.093750E+1,5.115342E-1
6.097222E+1,5.116154E-1
6.100694E+1,5.116967E-1
6.104167E+1,5.117779E-1
6.107639E+1,5.118591E-1
6.111111E+1,5.119403E-1
6.114583E+1,5.120215E-1
6.118056E+1,5.121028E-1
6.121528E+1,5.121840E-1
6.125000E+1,5.122652E-1
6.128472E+1,5.123464E-1
6.131944E+1,5.124276E-1
6.135417E+1,5.125089E-1
6.138889E+1,5.125901E-1
6.142361E+1,5.126713E-1
6.145833E+1,5.127525E-1
6.149306E+1,5.128337E-1
6.152778E+1,5.129150E-1
6.156250E+1,5.129962E-1
6.159722E+1,5.130774E-1
6.163194E+1,5.131586E-1
6.166667E+1,5.132398E-1
6.170139E+1,5.133211E-1
6.173611E+1,5.134023E-1
6.177083E+1,5.134835E-1
6.180556E+1,5.135647E-1
6.184028E+1,5.136459E-1
6.187500E+1,5.137272E-1
6.190972E+1,5.138084E-1
6.194444E+1,5.138896E-1
6.197917E+1,5.139708E-1
6.201389E+1,5.140520E-1
6.204861E+1,5.141333E-1
6.208333E+1,5.142145E-1
6.211806E+1,5.142957E-1
6.215278E+1,5.143769E-1
6.218750E+1,5.144581E-1
6.222222E+1,5.145394E-1
6.225694E+1,5.146206E-1
6.229167E+1,5.147018E-1
6.232639E+1,5.147830E-1
6.236111E+1,5.148642E-1
6.239583E+1,5.149455E-1
6.243056E+1,5.150267E-1
6.246528E+1,5.151079E-1
6.250000E+1,5.151891E-1
6.253472E+1,5.152703E-1
6.256944E+1,5.153516E-1
6.260417E+1,5.154328E-1
6.263889E+1,5.155140E-1
6.267361E+1,5.155952E-1
6.270833E+1,5.156765E-1
6.274306E+1,5.157577E-1
6.277778E+1,5.158389E-1
6.281250E+1,5.159201E-1
6.284722E+1,5.160013E-1
6.288194E+1,5.160826E-1
6.291667E+1,5.161638E-1
6.295139E+1,5.163327E-1
6.298611E+1,5.167564E-1
6.302083E+1,5.171802E-1
6.305556E+1,5.176040E-1
6.309028E+1,5.180277E-1
6.312500E+1,5.184515E-1
6.315972E+1,5.188752E-1
6.319444E+1,5.192990E-1
6.322917E+1,5.197227E-1
6.326389E+1,5.201465E-1
6.329861E+1,5.205702E-1
6.333333E+1,5.209940E-1
6.336806E+1,5.214178E-1
6.340278E+1,5.218415E-1
6.343750E+1,5.222653E-1
6.347222E+1,5.226890E-1
6.350694E+1,5.231128E-1
6.354167E+1,5.235365E-1
6.357639E+1,5.239603E-1
6.361111E+1,5.243840E-1
6.364583E+1,5.248078E-1
6.368056E+1,5.252316E-1
6.371528E+1,5.256553E-1
6.375000E+1,5.260791E-1
6.378472E+1,5.265028E-1
6.381944E+1,5.269266E-1
6.385417E+1,5.273503E-1
6.388889E+1,5.277741E-1
6.392361E+1,5.281978E-1
6.395833E+1,5.286216E-1
6.399306E+1,5.290454E-1
6.402778E+1,5.294691E-1
6.406250E+1,5.298929E-1
6.409722E+1,5.303166E-1
6.413194E+1,5.307404E-1
6.416667E+1,5.311641E-1
6.420139E+1,5.315879E-1
6.423611E+1,5.320116E-1
6.427083E+1,5.324354E-1
6.430556E+1,5.328592E-1
6.434028E+1,5.332829E-1
6.437500E+1,5.337067E-1
6.440972E+1,5.341304E-1
6.444444E+1,5.345542E-1
6.447917E+1,5.349779E-1
6.451389E+1,5.354017E-1
6.454861E+1,5.358254E-1
6.458333E+1,5.362492E-1
6.461806E+1,5.366730E-1
6.465278E+1,5.370967E-1
6.468750E+1,5.375205E-1
6.472222E+1,5.379442E-1
6.475694E+1,5.383680E-1
6.479167E+1,5.387917E-1
6.482639E+1,5.392155E-1
6.486111E+1,5.396392E-1
6.489583E+1,5.400630E-1
6.493056E+1,5.404868E-1
6.496528E+1,5.409105E-1
6.500000E+1,5.413343E-1
6.503472E+1,5.417580E-1
6.506944E+1,5.421818E-1
6.510417E+1,5.426055E-1
6.513889E+1,5.430293E-1
6.517361E+1,5.434530E-1
6.520833E+1,5.438768E-1
6.524306E+1,5.443006E-1
6.527778E+1,5.447243E-1
6.531250E+1,5.451481E-1
6.534722E+1,5.455718E-1
6.538194E+1,5.459956E-1
6.541667E+1,5.464193E-1
6.545139E+1,5.468431E-1
6.548611E+1,5.472668E-1
6.552083E+1,5.476906E-1
6.555556E+1,5.481144E-1
6.559028E+1,5.485381E-1
6.562500E+1,5.489619E-1
6.565972E+1,5.493856E-1
6.569444E+1,5.498094E-1
6.572917E+1,5.502331E-1
6.576389E+1,5.506569E-1
6.579861E+1,5.510807E-1
6.583333E+1,5.515044E-1
6.586806E+1,5.519282E-1
6.590278E+1,5.523519E-1
6.593750E+1,5.527757E-1
6.597222E+1,5.531994E-1
6.600694E+1,5.536232E-1
6.604167E+1,5.540469E-1
6.607639E+1,5.544707E-1
6.611111E+1,5.548945E-1
6.614583E+1,5.553182E-1
6.618056E+1,5.557420E-1
6.621528E+1,5.561657E-1
6.625000E+1,5.565895E-1
6.628472E+1,5.570132E-1
6.631944E+1,5.574370E-1
6.635417E+1,5.578607E-1
6.638889E+1,5.582845E-1
6.642361E+1,5.587083E-1
6.645833E+1,5.591320E-1
6.649306E+1,5.595558E-1
6.652778E+1,5.599795E-1
6.656250E+1,5.604033E-1
6.659722E+1,5.608270E-1
6.663194E+1,5.612508E-1
6.666667E+1,5.616746E-1
6.670139E+1,5.620983E-1
6.673611E+1,5.625221E-1
6.677083E+1,5.629458E-1
6.680556E+1,5.633696E-1
6.684028E+1,5.637933E-1
6.687500E+1,5.642171E-1
6.690972E+1,5.646408E-1
6.694444E+1,5.650646E-1
6.697917E+1,5.654884E-1
6.701389E+1,5.659121E-1
6.704861E+1,5.663359E-1
6.708333E+1,5.667596E-1
6.711806E+1,5.671834E-1
6.715278E+1,5.676071E-1
6.718750E+1,5.676255E-1
6.722222E+1,5.671170E-1
6.725694E+1,5.666085E-1
6.729167E+1,5.660999E-1
6.732639E+1,5.655914E-1
6.736111E+1,5.650829E-1
6.739583E+1,5.645744E-1
6.743056E+1,5.640659E-1
6.746528E+1,5.635574E-1
6.750000E+1,5.630489E-1
6.753472E+1,5.625404E-1
6.756944E+1,5.620319E-1
6.760417E+1,5.615234E-1
6.763889E+1,5.610149E-1
6.767361E+1,5.605064E-1
6.770833E+1,5.599979E-1
6.774306E+1,5.594893E-1
6.777778E+1,5.589808E-1
6.781250E+1,5.584723E-1
6.784722E+1,5.579638E-1
6.788194E+1,5.574553E-1
6.791667E+1,5.569468E-1
6.795139E+1,5.564383E-1
6.798611E+1,5.559298E-1
6.802083E+1,5.554213E-1
6.805556E+1,5.549128E-1
6.809028E+1,5.544043E-1
6.812500E+1,5.538958E-1
6.815972E+1,5.533873E-1
6.819444E+1,5.528788E-1
6.822917E+1,5.523702E-1
6.826389E+1,5.518617E-1
6.829861E+1,5.513532E-1
6.833333E+1,5.508447E-1
6.836806E+1,5.503362E-1
6.840278E+1,5.498277E-1
6.843750E+1,5.493192E-1
6.847222E+1,5.488107E-1
6.850694E+1,5.483022E-1
6.854167E+1,5.477937E-1
6.857639E+1,5.472852E-1
6.861111E+1,5.467767E-1
6.864583E+1,5.462682E-1
6.868056E+1,5.457597E-1
6.871528E+1,5.452511E-1
6.875000E+1,5.447426E-1
6.878472E+1,5.442341E-1
6.881944E+1,5.437256E-1
6.885417E+1,5.432171E-1
6.888889E+1,5.427086E-1
6.892361E+1,5.422001E-1
6.895833E+1,5.416916E-1
6.899306E+1,5.411831E-1
6.902778E+1,5.406746E-1
6.906250E+1,5.401661E-1
6.909722E+1,5.396576E-1
6.913194E+1,5.391491E-1
6.916667E+1,5.386406E-1
6.920139E+1,5.381320E-1
6.923611E+1,5.376235E-1
6.927083E+1,5.371150E-1
6.930556E+1,5.366065E-1
6.934028E+1,5.360980E-1
6.937500E+1,5.355895E-1
6.940972E+1,5.350810E-1
6.944444E+1,5.345725E-1
6.947917E+1,5.340640E-1
6.951389E+1,5.335555E-1
6.954861E+1,5.330470E-1
6.958333E+1,5.325385E-1
6.961806E+1,5.320300E-1
6.965278E+1,5.315215E-1
6.968750E+1,5.310130E-1
6.972222E+1,5.305044E-1
6.975694E+1,5.299959E-1
6.979167E+1,5.294874E-1
6.982639E+1,5.289789E-1
6.986111E+1,5.284704E-1
6.989583E+1,5.279619E-1
6.993056E+1,5.274534E-1
6.996528E+1,5.269449E-1
7.000000E+1,5.264364E-1
7.003472E+1,5.259279E-1
7.006944E+1,5.254194E-1
7.010417E+1,5.249109E-1
7.013889E+1,5.244024E-1
7.017361E+1,5.238939E-1
7.020833E+1,5.233854E-1
7.024306E+1,5.228768E-1
7.027778E+1,5.223683E-1
7.031250E+1,5.218598E-1
7.034722E+1,5.213513E-1
7.038194E+1,5.208428E-1
7.041667E+1,5.203343E-1
7.045139E+1,5.198258E-1
7.048611E+1,5.193173E-1
7.052083E+1,5.188088E-1
7.055556E+1,5.183003E-1
7.059028E+1,5.177918E-1
7.062500E+1,5.172833E-1
7.065972E+1,5.167748E-1
7.069444E+1,5.162663E-1
7.072917E+1,5.157577E-1
7.076389E+1,5.152492E-1
7.079861E+1,5.147407E-1
7.083333E+1,5.142322E-1
7.086806E+1,5.137237E-1
7.090278E+1,5.132152E-1
7.093750E+1,5.127067E-1
7.097222E+1,5.121982E-1
7.100694E+1,5.116897E-1
7.104167E+1,5.111812E-1
7.107639E+1,5.106727E-1
7.111111E+1,5.101642E-1
7.114583E+1,5.096557E-1
7.118056E+1,5.091471E-1
7.121528E+1,5.086386E-1
7.125000E+1,5.081301E-1
7.128472E+1,5.076216E-1
7.131944E+1,5.071131E-1
7.135417E+1,5.066046E-1
7.138889E+1,5.060961E-1
7.142361E+1,5.058997E-1
7.145833E+1,5.058997E-1
7.149306E+1,5.058997E-1
7.152778E+1,5.058997E-1
7.156250E+1,5.058997E-1
7.159722E+1,5.058997E-1
7.163194E+1,5.058997E-1
7.166667E+1,5.058997E-1
7.170139E+1,5.058997E-1
7.173611E+1,5.058997E-1
7.177083E+1,5.058997E-1
7.180556E+1,5.058997E-1
7.184028E+1,5.058997E-1
7.187500E+1,5.058997E-1
7.190972E+1,5.058997E-1
7.194444E+1,5.058997E-1
7.197917E+1,5.058997E-1
7.201389E+1,5.058997E-1
7.204861E+1,5.058997E-1
7.208333E+1,5.058997E-1
7.211806E+1,5.058997E-1
7.215278E+1,5.058997E-1
7.218750E+1,5.058997E-1
7.222222E+1,5.058997E-1
7.225694E+1,5.058997E-1
7.229167E+1,5.058997E-1
7.232639E+1,5.058997E-1
7.236111E+1,5.058997E-1
7.239583E+1,5.058997E-1
7.243056E+1,5.058997E-1
7.246528E+1,5.058997E-1
7.250000E+1,5.058997E-1
7.253472E+1,5.058997E-1
7.256944E+1,5.058997E-1
7.260417E+1,5.058997E-1
7.263889E+1,5.058997E-1
7.267361E+1,5.058997E-1
7.270833E+1,5.058997E-1
7.274306E+1,5.058997E-1
7.277778E+1,5.058997E-1
7.281250E+1,5.058997E-1
7.284722E+1,5.058997E-1
7.288194E+1,5.058997E-1
7.291667E+1,5.058997E-1
7.295139E+1,5.058997E-1
7.298611E+1,5.058997E-1
7.302083E+1,5.058997E-1
7.305556E+1,5.058997E-1
7.309028E+1,5.058997E-1
7.312500E+1,5.058997E-1
7.315972E+1,5.058997E-1
7.319444E+1,5.058997E-1
7.322917E+1,5.058997E-1
7.326389E+1,5.058997E-1
7.329861E+1,5.058997E-1
7.333333E+1,5.058997E-1
7.336806E+1,5.058997E-1
7.340278E+1,5.058997E-1
7.343750E+1,5.058997E-1
7.347222E+1,5.058997E-1
7.350694E+1,5.058997E-1
7.354167E+1,5.058997E-1
7.357639E+1,5.058997E-1
7.361111E+1,5.058997E-1
7.364583E+1,5.058997E-1
7.368056E+1,5.058997E-1
7.371528E+1,5.058997E-1
7.375000E+1,5.058997E-1
7.378472E+1,5.058997E-1
7.381944E+1,5.058997E-1
7.385417E+1,5.058997E-1
7.388889E+1,5.058997E-1
7.392361E+1,5.058997E-1
7.395833E+1,5.058997E-1
7.399306E+1,5.058997E-1
7.402778E+1,5.058997E-1
7.406250E+1,5.058997E-1
7.409722E+1,5.058997E-1
7.413194E+1,5.058997E-1
7.416667E+1,5.058997E-1
7.420139E+1,5.058997E-1
7.423611E+1,5.058997E-1
7.427083E+1,5.058997E-1
7.430556E+1,5.058997E-1
7.434028E+1,5.058997E-1
7.437500E+1,5.058997E-1
7.440972E+1,5.058997E-1
7.444444E+1,5.058997E-1
7.447917E+1,5.058997E-1
7.451389E+1,5.058997E-1
7.454861E+1,5.058997E-1
7.458333E+1,5.058997E-1
7.461806E+1,5.058997E-1
7.465278E+1,5.058997E-1
7.468750E+1,5.058997E-1
7.472222E+1,5.058997E-1
7.475694E+1,5.058997E-1
7.479167E+1,5.058997E-1
7.482639E+1,5.058997E-1
7.486111E+1,5.058997E-1
7.489583E+1,5.058997E-1
7.493056E+1,5.058997E-1
7.496528E+1,5.058997E-1
7.500000E+1,5.058997E-1
7.503472E+1,5.058997E-1
7.506944E+1,5.058997E-1
7.510417E+1,5.058997E-1
7.513889E+1,5.058997E-1
7.517361E+1,5.058997E-1
7.520833E+1,5.058997E-1
7.524306E+1,5.058997E-1
7.527778E+1,5.058997E-1
7.531250E+1,5.058997E-1
7.534722E+1,5.058997E-1
7.538194E+1,5.058997E-1
7.541667E+1,5.058997E-1
7.545139E+1,5.058997E-1
7.548611E+1,5.058997E-1
7.552083E+1,5.058997E-1
7.555556E+1,5.058997E-1
7.559028E+1,5.058997E-1
7.562500E+1,5.058997E-1
7.565972E+1,5.058997E-1
7.569444E+1,5.058997E-1
7.572917E+1,5.058997E-1
7.576389E+1,5.058997E-1
7.579861E+1,5.058997E-1
7.583333E+1,5.058997E-1
7.586806E+1,5.058997E-1
7.590278E+1,5.058997E-1
7.593750E+1,5.058997E-1
7.597222E+1,5.058997E-1
7.600694E+1,5.058477E-1
7.604167E+1,5.055878E-1
7.607639E+1,5.053279E-1
7.611111E+1,5.050680E-1
7.614583E+1,5.048081E-1
7.618056E+1,5.045482E-1
7.621528E+1,5.042883E-1
7.625000E+1,5.040284E-1
7.628472E+1,5.037685E-1
7.631944E+1,5.035086E-1
7.635417E+1,5.032487E-1
7.638889E+1,5.029888E-1
7.642361E+1,5.027288E-1
7.645833E+1,5.024689E-1
7.649306E+1,5.022090E-1
7.652778E+1,5.019491E-1
7.656250E+1,5.016892E-1
7.659722E+1,5.014293E-1
7.663194E+1,5.011694E-1
7.666667E+1,5.009095E-1
7.670139E+1,5.006496E-1
7.673611E+1,5.003897E-1
7.677083E+1,5.001298E-1
7.680556E+1,4.998699E-1
7.684028E+1,4.996100E-1
7.687500E+1,4.993501E-1
7.690972E+1,4.990902E-1
7.694444E+1,4.988303E-1
7.697917E+1,4.985703E-1
7.701389E+1,4.983104E-1
7.704861E+1,4.980505E-1
7.708333E+1,4.977906E-1
7.711806E+1,4.975307E-1
7.715278E+1,4.972708E-1
7.718750E+1,4.970109E-1
7.722222E+1,4.967510E-1
7.725694E+1,4.964911E-1
7.729167E+1,4.962312E-1
7.732639E+1,4.959713E-1
7.736111E+1,4.957114E-1
7.739583E+1,4.954515E-1
7.743056E+1,4.951916E-1
7.746528E+1,4.949317E-1
7.750000E+1,4.946718E-1
7.753472E+1,4.944119E-1
7.756944E+1,4.941519E-1
7.760417E+1,4.938920E-1
7.763889E+1,4.936321E-1
7.767361E+1,4.933722E-1
7.770833E+1,4.931123E-1
7.774306E+1,4.928524E-1
7.777778E+1,4.925925E-1
7.781250E+1,4.923326E-1
7.784722E+1,4.920727E-1
7.788194E+1,4.918128E-1
7.791667E+1,4.915529E-1
7.795139E+1,4.912930E-1
7.798611E+1,4.910331E-1
7.802083E+1,4.907732E-1
7.805556E+1,4.905133E-1
7.809028E+1,4.902534E-1
7.812500E+1,4.899934E-1
7.815972E+1,4.897335E-1
7.819444E+1,4.894736E-1
7.822917E+1,4.892137E-1
7.826389E+1,4.889538E-1
7.829861E+1,4.886939E-1
7.833333E+1,4.884340E-1
7.836806E+1,4.881741E-1
7.840278E+1,4.879142E-1
7.843750E+1,4.876543E-1
7.847222E+1,4.873944E-1
7.850694E+1,4.871345E-1
7.854167E+1,4.868746E-1
7.857639E+1,4.866147E-1
7.861111E+1,4.863548E-1
7.864583E+1,4.860949E-1
7.868056E+1,4.858349E-1
7.871528E+1,4.855750E-1
7.875000E+1,4.853151E-1
7.878472E+1,4.850552E-1
7.881944E+1,4.847953E-1
7.885417E+1,4.845354E-1
7.888889E+1,4.842755E-1
7.892361E+1,4.840156E-1
7.895833E+1,4.837557E-1
7.899306E+1,4.834958E-1
7.902778E+1,4.832359E-1
7.906250E+1,4.829760E-1
7.909722E+1,4.827161E-1
7.913194E+1,4.824562E-1
7.916667E+1,4.821963E-1
7.920139E+1,4.819364E-1
7.923611E+1,4.816765E-1
7.927083E+1,4.814166E-1
7.930556E+1,4.811566E-1
7.934028E+1,4.808967E-1
7.937500E+1,4.806368E-1
7.940972E+1,4.803769E-1
7.944444E+1,4.801170E-1
7.947917E+1,4.798571E-1
7.951389E+1,4.795972E-1
7.954861E+1,4.793373E-1
7.958333E+1,4.790774E-1
7.961806E+1,4.788175E-1
7.965278E+1,4.785576E-1
7.968750E+1,4.782977E-1
7.972222E+1,4.780378E-1
7.975694E+1,4.777779E-1
7.979167E+1,4.775180E-1
7.982639E+1,4.772581E-1
7.986111E+1,4.769981E-1
7.989583E+1,4.767382E-1
7.993056E+1,4.764783E-1
7.996528E+1,4.762184E-1
8.000000E+1,4.759585E-1
8.003472E+1,4.756986E-1
8.006944E+1,4.754387E-1
8.010417E+1,4.751788E-1
8.013889E+1,4.749059E-1
8.017361E+1,4.741899E-1
8.020833E+1,4.734738E-1
8.024306E+1,4.727577E-1
8.027778E+1,4.720417E-1
8.031250E+1,4.713256E-1
8.034722E+1,4.706096E-1
8.038194E+1,4.698935E-1
8.041667E+1,4.691775E-1
8.045139E+1,4.684614E-1
8.048611E+1,4.677454E-1
8.052083E+1,4.670293E-1
8.055556E+1,4.663132E-1
8.059028E+1,4.655972E-1
8.062500E+1,4.648811E-1
8.065972E+1,4.641651E-1
8.069444E+1,4.634490E-1
8.072917E+1,4.627330E-1
8.076389E+1,4.620169E-1
8.079861E+1,4.613009E-1
8.083333E+1,4.605848E-1
8.086806E+1,4.598687E-1
8.090278E+1,4.591527E-1
8.093750E+1,4.584366E-1
8.097222E+1,4.577206E-1
8.100694E+1,4.570045E-1
8.104167E+1,4.562885E-1
8.107639E+1,4.555724E-1
8.111111E+1,4.548564E-1
8.114583E+1,4.541403E-1
8.118056E+1,4.534242E-1
8.121528E+1,4.527082E-1
8.125000E+1,4.519921E-1
8.128472E+1,4.512761E-1
8.131944E+1,4.505600E-1
8.135417E+1,4.498440E-1
8.138889E+1,4.491279E-1
8.142361E+1,4.484119E-1
8.145833E+1,4.476958E-1
8.149306E+1,4.469797E-1
8.152778E+1,4.462637E-1
8.156250E+1,4.455476E-1
8.159722E+1,4.448316E-1
8.163194E+1,4.441155E-1
8.166667E+1,4.433995E-1
8.170139E+1,4.426834E-1
8.173611E+1,4.419674E-1
8.177083E+1,4.412513E-1
8.180556E+1,4.405352E-1
8.184028E+1,4.398192E-1
8.187500E+1,4.391031E-1
8.190972E+1,4.383871E-1
8.194444E+1,4.376710E-1
8.197917E+1,4.369550E-1
8.201389E+1,4.362389E-1
8.204861E+1,4.355229E-1
8.208333E+1,4.348068E-1
8.211806E+1,4.340907E-1
8.215278E+1,4.333747E-1
8.218750E+1,4.326586E-1
8.222222E+1,4.319426E-1
8.225694E+1,4.312265E-1
8.229167E+1,4.305105E-1
8.232639E+1,4.297944E-1
8.236111E+1,4.290784E-1
8.239583E+1,4.283623E-1
8.243056E+1,4.276462E-1
8.246528E+1,4.269302E-1
8.250000E+1,4.262141E-1
8.253472E+1,4.254981E-1
8.256944E+1,4.247820E-1
8.260417E+1,4.240660E-1
8.263889E+1,4.233499E-1
8.267361E+1,4.226339E-1
8.270833E+1,4.219178E-1
8.274306E+1,4.212017E-1
8.277778E+1,4.204857E-1
8.281250E+1,4.197696E-1
8.284722E+1,4.190536E-1
8.288194E+1,4.183375E-1
8.291667E+1,4.176215E-1
8.295139E+1,4.169054E-1
8.298611E+1,4.161894E-1
8.302083E+1,4.154733E-1
8.305556E+1,4.147572E-1
8.309028E+1,4.140412E-1
8.312500E+1,4.133251E-1
8.315972E+1,4.126091E-1
8.319444E+1,4.118930E-1
8.322917E+1,4.111770E-1
8.326389E+1,4.104609E-1
8.329861E+1,4.097449E-1
8.333333E+1,4.090288E-1
8.336806E+1,4.083127E-1
8.340278E+1,4.075967E-1
8.343750E+1,4.068806E-1
8.347222E+1,4.061646E-1
8.350694E+1,4.054485E-1
8.354167E+1,4.047325E-1
8.357639E+1,4.040164E-1
8.361111E+1,4.033004E-1
8.364583E+1,4.025843E-1
8.368056E+1,4.018682E-1
8.371528E+1,4.011522E-1
8.375000E+1,4.004361E-1
8.378472E+1,3.997201E-1
8.381944E+1,3.990040E-1
8.385417E+1,3.982880E-1
8.388889E+1,3.975719E-1
8.392361E+1,3.968559E-1
8.395833E+1,3.961398E-1
8.399306E+1,3.954237E-1
8.402778E+1,3.947077E-1
8.406250E+1,3.939916E-1
8.409722E+1,3.932756E-1
8.413194E+1,3.925595E-1
8.416667E+1,3.918435E-1
8.420139E+1,3.911274E-1
8.423611E+1,3.904114E-1
8.427083E+1,3.896953E-1
8.430556E+1,3.889792E-1
8.434028E+1,3.882632E-1
8.437500E+1,3.875471E-1
8.440972E+1,3.868311E-1
8.444444E+1,3.861150E-1
8.447917E+1,3.853990E-1
8.451389E+1,3.846829E-1
8.454861E+1,3.839669E-1
8.458333E+1,3.832508E-1
8.461806E+1,3.825347E-1
8.465278E+1,3.820945E-1
8.468750E+1,3.824335E-1
8.472222E+1,3.827725E-1
8.475694E+1,3.831115E-1
8.479167E+1,3.834506E-1
8.482639E+1,3.837896E-1
8.486111E+1,3.841286E-1
8.489583E+1,3.844676E-1
8.493056E+1,3.848066E-1
8.496528E+1,3.851456E-1
8.500000E+1,3.854846E-1
8.503472E+1,3.858236E-1
8.506944E+1,3.861626E-1
8.510417E+1,3.865016E-1
8.513889E+1,3.868406E-1
8.517361E+1,3.871796E-1
8.520833E+1,3.875186E-1
8.524306E+1,3.878576E-1
8.527778E+1,3.881966E-1
8.531250E+1,3.885356E-1
8.534722E+1,3.888746E-1
8.538194E+1,3.892136E-1
8.541667E+1,3.895526E-1
8.545139E+1,3.898916E-1
8.548611E+1,3.902306E-1
8.552083E+1,3.905696E-1
8.555556E+1,3.909086E-1
8.559028E+1,3.912477E-1
8.562500E+1,3.915867E-1
8.565972E+1,3.919257E-1
8.569444E+1,3.922647E-1
8.572917E+1,3.926037E-1
8.576389E+1,3.929427E-1
8.579861E+1,3.932817E-1
8.583333E+1,3.936207E-1
8.586806E+1,3.939597E-1
8.590278E+1,3.942987E-1
8.593750E+1,3.946377E-1
8.597222E+1,3.949767E-1
8.600694E+1,3.953157E-1
8.604167E+1,3.956547E-1
8.607639E+1,3.959937E-1
8.611111E+1,3.963327E-1
8.614583E+1,3.966717E-1
8.618056E+1,3.970107E-1
8.621528E+1,3.973497E-1
8.625000E+1,3.976887E-1
8.628472E+1,3.980277E-1
8.631944E+1,3.983667E-1
8.635417E+1,3.987057E-1
8.638889E+1,3.990448E-1
8.642361E+1,3.993838E-1
8.645833E+1,3.997228E-1
8.649306E+1,4.000618E-1
8.652778E+1,4.004008E-1
8.656250E+1,4.007398E-1
8.659722E+1,4.010788E-1
8.663194E+1,4.014178E-1
8.666667E+1,4.017568E-1
8.670139E+1,4.020958E-1
8.673611E+1,4.024348E-1
8.677083E+1,4.027738E-1
8.680556E+1,4.031128E-1
8.684028E+1,4.034518E-1
8.687500E+1,4.037908E-1
8.690972E+1,4.041298E-1
8.694444E+1,4.044688E-1
8.697917E+1,4.048078E-1
8.701389E+1,4.051468E-1
8.704861E+1,4.054858E-1
8.708333E+1,4.058248E-1
8.711806E+1,4.061638E-1
8.715278E+1,4.065029E-1
8.718750E+1,4.068419E-1
8.722222E+1,4.071809E-1
8.725694E+1,4.075199E-1
8.729167E+1,4.078589E-1
8.732639E+1,4.081979E-1
8.736111E+1,4.085369E-1
8.739583E+1,4.088759E-1
8.743056E+1,4.092149E-1
8.746528E+1,4.095539E-1
8.750000E+1,4.098929E-1
8.753472E+1,4.102319E-1
8.756944E+1,4.105709E-1
8.760417E+1,4.109099E-1
8.763889E+1,4.112489E-1
8.767361E+1,4.115879E-1
8.770833E+1,4.119269E-1
8.774306E+1,4.122659E-1
8.777778E+1,4.126049E-1
8.781250E+1,4.129439E-1
8.784722E+1,4.132829E-1
8.788194E+1,4.136219E-1
8.791667E+1,4.139609E-1
8.795139E+1,4.143000E-1
8.798611E+1,4.146390E-1
8.802083E+1,4.149780E-1
8.805556E+1,4.153170E-1
8.809028E+1,4.156560E-1
8.812500E+1,4.159950E-1
8.815972E+1,4.163340E-1
8.819444E+1,4.166730E-1
8.822917E+1,4.170120E-1
8.826389E+1,4.173510E-1
8.829861E+1,4.176900E-1
8.833333E+1,4.180290E-1
8.836806E+1,4.183680E-1
8.840278E+1,4.187070E-1
8.843750E+1,4.190460E-1
8.847222E+1,4.193850E-1
8.850694E+1,4.197240E-1
8.854167E+1,4.200630E-1
8.857639E+1,4.204020E-1
8.861111E+1,4.207410E-1
8.864583E+1,4.210800E-1
8.868056E+1,4.214190E-1
8.871528E+1,4.217581E-1
8.875000E+1,4.220971E-1
8.878472E+1,4.224361E-1
8.881944E+1,4.227751E-1
8.885417E+1,4.231141E-1
8.888889E+1,4.232337E-1
8.892361E+1,4.230746E-1
8.895833E+1,4.229155E-1
8.899306E+1,4.227564E-1
8.902778E+1,4.225972E-1
8.906250E+1,4.224381E-1
8.909722E+1,4.222790E-1
8.913194E+1,4.221199E-1
8.916667E+1,4.219607E-1
8.920139E+1,4.218016E-1
8.923611E+1,4.216425E-1
8.927083E+1,4.214833E-1
8.930556E+1,4.213242E-1
8.934028E+1,4.211651E-1
8.937500E+1,4.210060E-1
8.940972E+1,4.208468E-1
8.944444E+1,4.206877E-1
8.947917E+1,4.205286E-1
8.951389E+1,4.203695E-1
8.954861E+1,4.202103E-1
8.958333E+1,4.200512E-1
8.961806E+1,4.198921E-1
8.965278E+1,4.197330E-1
8.968750E+1,4.195738E-1
8.972222E+1,4.194147E-1
8.975694E+1,4.192556E-1
8.979167E+1,4.190964E-1
8.982639E+1,4.189373E-1
8.986111E+1,4.187782E-1
8.989583E+1,4.186191E-1
8.993056E+1,4.184599E-1
8.996528E+1,4.183008E-1
9.000000E+1,4.181417E-1
9.003472E+1,4.179826E-1
9.006944E+1,4.178234E-1
9.010417E+1,4.176643E-1
9.013889E+1,4.175052E-1
9.017361E+1,4.173461E-1
9.020833E+1,4.171869E-1
9.024306E+1,4.170278E-1
9.027778E+1,4.168687E-1
9.031250E+1,4.167096E-1
9.034722E+1,4.165504E-1
9.038194E+1,4.163913E-1
9.041667E+1,4.162322E-1
9.045139E+1,4.160730E-1
9.048611E+1,4.159139E-1
9.052083E+1,4.157548E-1
9.055556E+1,4.155957E-1
9.059028E+1,4.154365E-1
9.062500E+1,4.152774E-1
9.065972E+1,4.151183E-1
9.069444E+1,4.149592E-1
9.072917E+1,4.148000E-1
9.076389E+1,4.146409E-1
9.079861E+1,4.144818E-1
9.083333E+1,4.143227E-1
9.086806E+1,4.141635E-1
9.090278E+1,4.140044E-1
9.093750E+1,4.138453E-1
9.097222E+1,4.136862E-1
9.100694E+1,4.135270E-1
9.104167E+1,4.133679E-1
9.107639E+1,4.132088E-1
9.111111E+1,4.130496E-1
9.114583E+1,4.128905E-1
9.118056E+1,4.127314E-1
9.121528E+1,4.125723E-1
9.125000E+1,4.124131E-1
9.128472E+1,4.122540E-1
9.131944E+1,4.120949E-1
9.135417E+1,4.119358E-1
9.138889E+1,4.117766E-1
9.142361E+1,4.116175E-1
9.145833E+1,4.114584E-1
9.149306E+1,4.112993E-1
9.152778E+1,4.111401E-1
9.156250E+1,4.109810E-1
9.159722E+1,4.108219E-1
9.163194E+1,4.106628E-1
9.166667E+1,4.105036E-1
9.170139E+1,4.103445E-1
9.173611E+1,4.101854E-1
9.177083E+1,4.100262E-1
9.180556E+1,4.098671E-1
9.184028E+1,4.097080E-1
9.187500E+1,4.095489E-1
9.190972E+1,4.093897E-1
9.194444E+1,4.092306E-1
9.197917E+1,4.090715E-1
9.201389E+1,4.089124E-1
9.204861E+1,4.087532E-1
9.208333E+1,4.085941E-1
9.211806E+1,4.084350E-1
9.215278E+1,4.082759E-1
9.218750E+1,4.081167E-1
9.222222E+1,4.079576E-1
9.225694E+1,4.077985E-1
9.229167E+1,4.076393E-1
9.232639E+1,4.074802E-1
9.236111E+1,4.073211E-1
9.239583E+1,4.071620E-1
9.243056E+1,4.070028E-1
9.246528E+1,4.068437E-1
9.250000E+1,4.066846E-1
9.253472E+1,4.065255E-1
9.256944E+1,4.063663E-1
9.260417E+1,4.062072E-1
9.263889E+1,4.060481E-1
9.267361E+1,4.058890E-1
9.270833E+1,4.057298E-1
9.274306E+1,4.055707E-1
9.277778E+1,4.054116E-1
9.281250E+1,4.052525E-1
9.284722E+1,4.050933E-1
9.288194E+1,4.049342E-1
9.291667E+1,4.047751E-1
9.295139E+1,4.046159E-1
9.298611E+1,4.044568E-1
9.302083E+1,4.042977E-1
9.305556E+1,4.041386E-1
9.309028E+1,4.039794E-1
9.312500E+1,4.038203E-1
9.315972E+1,4.036612E-1
9.319444E+1,4.035021E-1
9.322917E+1,4.033429E-1
9.326389E+1,4.031838E-1
9.329861E+1,4.030247E-1
9.333333E+1,4.028656E-1
9.336806E+1,4.027064E-1
9.340278E+1,4.015088E-1
9.343750E+1,3.998138E-1
9.347222E+1,3.981188E-1
9.350694E+1,3.964237E-1
9.354167E+1,3.947287E-1
9.357639E+1,3.930337E-1
9.361111E+1,3.913387E-1
9.364583E+1,3.896436E-1
9.368056E+1,3.879486E-1
9.371528E+1,3.862536E-1
9.375000E+1,3.845586E-1
9.378472E+1,3.828635E-1
9.381944E+1,3.811685E-1
9.385417E+1,3.794735E-1
9.388889E+1,3.777785E-1
9.392361E+1,3.760834E-1
9.395833E+1,3.743884E-1
9.399306E+1,3.726934E-1
9.402778E+1,3.709984E-1
9.406250E+1,3.693033E-1
9.409722E+1,3.676083E-1
9.413194E+1,3.659133E-1
9.416667E+1,3.642183E-1
9.420139E+1,3.625232E-1
9.423611E+1,3.608282E-1
9.427083E+1,3.591332E-1
9.430556E+1,3.574382E-1
9.434028E+1,3.557431E-1
9.437500E+1,3.540481E-1
9.440972E+1,3.523531E-1
9.444444E+1,3.506581E-1
9.447917E+1,3.489630E-1
9.451389E+1,3.472680E-1
9.454861E+1,3.455730E-1
9.458333E+1,3.438780E-1
9.461806E+1,3.421829E-1
9.465278E+1,3.404879E-1
9.468750E+1,3.387929E-1
9.472222E+1,3.370979E-1
9.475694E+1,3.354029E-1
9.479167E+1,3.337078E-1
9.482639E+1,3.320128E-1
9.486111E+1,3.303178E-1
9.489583E+1,3.286228E-1
9.493056E+1,3.269277E-1
9.496528E+1,3.252327E-1
9.500000E+1,3.235377E-1
9.503472E+1,3.218427E-1
9.506944E+1,3.201477E-1
9.510417E+1,3.184526E-1
9.513889E+1,3.167576E-1
9.517361E+1,3.150626E-1
9.520833E+1,3.133676E-1
9.524306E+1,3.116725E-1
9.527778E+1,3.099775E-1
9.531250E+1,3.082825E-1
9.534722E+1,3.065875E-1
9.538194E+1,3.048925E-1
9.541667E+1,3.031974E-1
9.545139E+1,3.015024E-1
9.548611E+1,2.998074E-1
9.552083E+1,2.981124E-1
9.555556E+1,2.964173E-1
9.559028E+1,2.947223E-1
9.562500E+1,2.930273E-1
9.565972E+1,2.913323E-1
9.569444E+1,2.896372E-1
9.572917E+1,2.879422E-1
9.576389E+1,2.862472E-1
9.579861E+1,2.845522E-1
9.583333E+1,2.828571E-1
9.586806E+1,2.811621E-1
9.590278E+1,2.794671E-1
9.593750E+1,2.777721E-1
9.597222E+1,2.760770E-1
9.600694E+1,2.743820E-1
9.604167E+1,2.726870E-1
9.607639E+1,2.709920E-1
9.611111E+1,2.692969E-1
9.614583E+1,2.676019E-1
9.618056E+1,2.659069E-1
9.621528E+1,2.642119E-1
9.625000E+1,2.625168E-1
9.628472E+1,2.608218E-1
9.631944E+1,2.591268E-1
9.635417E+1,2.574318E-1
9.638889E+1,2.557367E-1
9.642361E+1,2.540417E-1
9.645833E+1,2.523467E-1
9.649306E+1,2.506517E-1
9.652778E+1,2.489566E-1
9.656250E+1,2.472616E-1
9.659722E+1,2.455666E-1
9.663194E+1,2.438716E-1
9.666667E+1,2.421765E-1
9.670139E+1,2.404815E-1
9.673611E+1,2.387865E-1
9.677083E+1,2.370915E-1
9.680556E+1,2.353964E-1
9.684028E+1,2.337014E-1
9.687500E+1,2.320064E-1
9.690972E+1,2.303114E-1
9.694444E+1,2.286164E-1
9.697917E+1,2.269213E-1
9.701389E+1,2.252263E-1
9.704861E+1,2.235313E-1
9.708333E+1,2.218363E-1
9.711806E+1,2.201412E-1
9.715278E+1,2.184462E-1
9.718750E+1,2.167512E-1
9.722222E+1,2.150562E-1
9.725694E+1,2.133612E-1
9.729167E+1,2.116661E-1
9.732639E+1,2.099711E-1
9.736111E+1,2.082761E-1
9.739583E+1,2.065811E-1
9.743056E+1,2.048860E-1
9.746528E+1,2.031910E-1
9.750000E+1,2.014960E-1
9.753472E+1,1.998010E-1
9.756944E+1,1.981060E-1
9.760417E+1,1.964109E-1
9.763889E+1,1.947159E-1
9.767361E+1,1.930209E-1
9.770833E+1,1.913259E-1
9.774306E+1,1.896308E-1
9.777778E+1,1.879358E-1
9.781250E+1,1.862408E-1
9.784722E+1,1.845458E-1
9.788194E+1,1.828507E-1
9.791667E+1,1.811557E-1
9.795139E+1,1.794607E-1
9.798611E+1,1.777657E-1
9.802083E+1,1.760706E-1
9.805556E+1,1.743756E-1
9.809028E+1,1.726806E-1
9.812500E+1,1.709856E-1
9.815972E+1,1.692905E-1
9.819444E+1,1.675955E-1
9.822917E+1,1.659005E-1
9.826389E+1,1.642055E-1
9.829861E+1,1.625104E-1
9.833333E+1,1.608154E-1
9.836806E+1,1.591204E-1
9.840278E+1,1.574254E-1
9.843750E+1,1.557303E-1
9.847222E+1,1.540353E-1
9.850694E+1,1.523403E-1
9.854167E+1,1.506453E-1
9.857639E+1,1.489502E-1
9.861111E+1,1.472552E-1
9.864583E+1,1.455602E-1
9.868056E+1,1.438652E-1
9.871528E+1,1.421701E-1
9.875000E+1,1.404751E-1
9.878472E+1,1.387801E-1
9.881944E+1,1.370851E-1
9.885417E+1,1.353900E-1
9.888889E+1,1.336950E-1
9.892361E+1,1.320000E-1
9.895833E+1,1.303050E-1
9.899306E+1,1.286099E-1
9.902778E+1,1.269149E-1
9.906250E+1,1.252199E-1
9.909722E+1,1.235249E-1
9.913194E+1,1.218299E-1
9.916667E+1,1.201348E-1
9.920139E+1,1.184398E-1
9.923611E+1,1.167448E-1
9.927083E+1,1.150498E-1
9.930556E+1,1.133547E-1
9.934028E+1,1.116597E-1
9.937500E+1,1.099647E-1
9.940972E+1,1.082697E-1
9.944444E+1,1.065747E-1
9.947917E+1,1.048796E-1
9.951389E+1,1.031846E-1
9.954861E+1,1.014896E-1
9.958333E+1,9.979457E-2
9.961806E+1,9.809951E-2
9.965278E+1,9.640449E-2
9.968750E+1,9.470948E-2
9.972222E+1,9.301447E-2
9.975694E+1,9.131946E-2
9.979167E+1,8.962439E-2
9.982639E+1,8.792938E-2
9.986111E+1,8.623437E-2
9.989583E+1,8.453935E-2
9.993056E+1,8.284429E-2
9.996528E+1,8.114928E-2
