7.139351E-14,3.229243E+0
3.472222E-4,3.230137E+0
6.944444E-4,3.231031E+0
1.041667E-3,3.231924E+0
1.388889E-3,3.232818E+0
1.736111E-3,3.233712E+0
2.083333E-3,3.234606E+0
2.430556E-3,3.235499E+0
2.777778E-3,3.236393E+0
3.125000E-3,3.237287E+0
3.472222E-3,3.238180E+0
3.819444E-3,3.239074E+0
4.166667E-3,3.239968E+0
4.513889E-3,3.240861E+0
4.861111E-3,3.241755E+0
5.208333E-3,3.242649E+0
5.555556E-3,3.243543E+0
5.902778E-3,3.244436E+0
6.250000E-3,3.245330E+0
6.597222E-3,3.246224E+0
6.944444E-3,3.247117E+0
7.291667E-3,3.248011E+0
7.638889E-3,3.248905E+0
7.986111E-3,3.249798E+0
8.333333E-3,3.250692E+0
8.680556E-3,3.251586E+0
9.027778E-3,3.252480E+0
9.375000E-3,3.253373E+0
9.722222E-3,3.254267E+0
1.006944E-2,3.255161E+0
1.041667E-2,3.256054E+0
1.076389E-2,3.256948E+0
1.111111E-2,3.257842E+0
1.145833E-2,3.258735E+0
1.180556E-2,3.259629E+0
1.215278E-2,3.260523E+0
1.250000E-2,3.261417E+0
1.284722E-2,3.262310E+0
1.319444E-2,3.263304E+0
1.354167E-2,3.264366E+0
1.388889E-2,3.265427E+0
1.423611E-2,3.266489E+0
1.458333E-2,3.267550E+0
1.493056E-2,3.268612E+0
1.527778E-2,3.269674E+0
1.562500E-2,3.270735E+0
1.597222E-2,3.271797E+0
1.631944E-2,3.272858E+0
1.666667E-2,3.273920E+0
1.701389E-2,3.274981E+0
1.736111E-2,3.276043E+0
1.770833E-2,3.277104E+0
1.805556E-2,3.278166E+0
1.840278E-2,3.279228E+0
1.875000E-2,3.280289E+0
1.909722E-2,3.281351E+0
1.944444E-2,3.282412E+0
1.979167E-2,3.283474E+0
2.013889E-2,3.284535E+0
2.048611E-2,3.285597E+0
2.083333E-2,3.286659E+0
2.118056E-2,3.287720E+0
2.152778E-2,3.288782E+0
2.187500E-2,3.289613E+0
2.222222E-2,3.290328E+0
2.256944E-2,3.291043E+0
2.291667E-2,3.291758E+0
2.326389E-2,3.292473E+0
2.361111E-2,3.293188E+0
2.395833E-2,3.293902E+0
2.430556E-2,3.294617E+0
2.465278E-2,3.295332E+0
2.500000E-2,3.296047E+0
2.534722E-2,3.296762E+0
2.569444E-2,3.297476E+0
2.604167E-2,3.298191E+0
2.638889E-2,3.298906E+0
2.673611E-2,3.299621E+0
2.708333E-2,3.300336E+0
2.743056E-2,3.301051E+0
2.777778E-2,3.301765E+0
2.812500E-2,3.302480E+0
2.847222E-2,3.303195E+0
2.881944E-2,3.303910E+0
2.916667E-2,3.304625E+0
2.951389E-2,3.305339E+0
2.986111E-2,3.306054E+0
3.020833E-2,3.306769E+0
3.055556E-2,3.307484E+0
3.090278E-2,3.308199E+0
3.125000E-2,3.308914E+0
3.159722E-2,3.309628E+0
3.194444E-2,3.310343E+0
3.229167E-2,3.311058E+0
3.263889E-2,3.311656E+0
3.298611E-2,3.312135E+0
3.333333E-2,3.312614E+0
3.368056E-2,3.313092E+0
3.402778E-2,3.313571E+0
3.437500E-2,3.314050E+0
3.472222E-2,3.314529E+0
3.506944E-2,3.315007E+0
3.541667E-2,3.315486E+0
3.576389E-2,3.315965E+0
3.611111E-2,3.316444E+0
3.645833E-2,3.316922E+0
3.680556E-2,3.317401E+0
3.715278E-2,3.317880E+0
3.750000E-2,3.318359E+0
3.784722E-2,3.318837E+0
3.819444E-2,3.319316E+0
3.854167E-2,3.319795E+0
3.888889E-2,3.320273E+0
3.923611E-2,3.320752E+0
3.958333E-2,3.321231E+0
3.993056E-2,3.321710E+0
4.027778E-2,3.322188E+0
4.062500E-2,3.322667E+0
4.097222E-2,3.323146E+0
4.131944E-2,3.323625E+0
4.166667E-2,3.324103E+0
4.201389E-2,3.324582E+0
4.236111E-2,3.325061E+0
4.270833E-2,3.325539E+0
4.305556E-2,3.326018E+0
4.340278E-2,3.326497E+0
4.375000E-2,3.326976E+0
4.409722E-2,3.327454E+0
4.444444E-2,3.327933E+0
4.479167E-2,3.328412E+0
4.513889E-2,3.328891E+0
4.548611E-2,3.329369E+0
4.583333E-2,3.329848E+0
4.618056E-2,3.330327E+0
4.652778E-2,3.330805E+0
4.687500E-2,3.331284E+0
4.722222E-2,3.331763E+0
4.756944E-2,3.332242E+0
4.791667E-2,3.332638E+0
4.826389E-2,3.333022E+0
4.861111E-2,3.333405E+0
4.895833E-2,3.333788E+0
4.930556E-2,3.334171E+0
4.965278E-2,3.334554E+0
5.000000E-2,3.334937E+0
5.034722E-2,3.335321E+0
5.069444E-2,3.335704E+0
5.104167E-2,3.336087E+0
5.138889E-2,3.336470E+0
5.173611E-2,3.336853E+0
5.208333E-2,3.337236E+0
5.243056E-2,3.337620E+0
5.277778E-2,3.338003E+0
5.312500E-2,3.338386E+0
5.347222E-2,3.338769E+0
5.381944E-2,3.339152E+0
5.416667E-2,3.339535E+0
5.451389E-2,3.339919E+0
5.486111E-2,3.340302E+0
5.520833E-2,3.340685E+0
5.555556E-2,3.341068E+0
5.590278E-2,3.341451E+0
5.625000E-2,3.341834E+0
5.659722E-2,3.342218E+0
5.694444E-2,3.342601E+0
5.729167E-2,3.342984E+0
5.763889E-2,3.343367E+0
5.798611E-2,3.343750E+0
5.833333E-2,3.344133E+0
5.868056E-2,3.344517E+0
5.902778E-2,3.344900E+0
5.937500E-2,3.345283E+0
5.972222E-2,3.345666E+0
6.006944E-2,3.346049E+0
6.041667E-2,3.346432E+0
6.076389E-2,3.346816E+0
6.111111E-2,3.347199E+0
6.145833E-2,3.347582E+0
6.180556E-2,3.347965E+0
6.215278E-2,3.348348E+0
6.250000E-2,3.348731E+0
6.284722E-2,3.349075E+0
6.319444E-2,3.349280E+0
6.354167E-2,3.349485E+0
6.388889E-2,3.349690E+0
6.423611E-2,3.349894E+0
6.458333E-2,3.350099E+0
6.493056E-2,3.350304E+0
6.527778E-2,3.350509E+0
6.562500E-2,3.350714E+0
6.597222E-2,3.350918E+0
6.631944E-2,3.351123E+0
6.666667E-2,3.351328E+0
6.701389E-2,3.351533E+0
6.736111E-2,3.351738E+0
6.770833E-2,3.351942E+0
6.805556E-2,3.352147E+0
6.840278E-2,3.352352E+0
6.875000E-2,3.352557E+0
6.909722E-2,3.352762E+0
6.944444E-2,3.352966E+0
6.979167E-2,3.353171E+0
7.013889E-2,3.353376E+0
7.048611E-2,3.353581E+0
7.083333E-2,3.353786E+0
7.118056E-2,3.353990E+0
7.152778E-2,3.354195E+0
7.187500E-2,3.354400E+0
7.222222E-2,3.354605E+0
7.256944E-2,3.354810E+0
7.291667E-2,3.355014E+0
7.326389E-2,3.355219E+0
7.361111E-2,3.355424E+0
7.395833E-2,3.355629E+0
7.430556E-2,3.355834E+0
7.465278E-2,3.356038E+0
7.500000E-2,3.356243E+0
7.534722E-2,3.356448E+0
7.569444E-2,3.356653E+0
7.604167E-2,3.356858E+0
7.638889E-2,3.357062E+0
7.673611E-2,3.357267E+0
7.708333E-2,3.357472E+0
7.743056E-2,3.357677E+0
7.777778E-2,3.357882E+0
7.812500E-2,3.358086E+0
7.847222E-2,3.358291E+0
7.881944E-2,3.358496E+0
7.916667E-2,3.358701E+0
7.951389E-2,3.358906E+0
7.986111E-2,3.359110E+0
8.020833E-2,3.359315E+0
8.055556E-2,3.359520E+0
8.090278E-2,3.359725E+0
8.125000E-2,3.359930E+0
8.159722E-2,3.360134E+0
8.194444E-2,3.360339E+0
8.229167E-2,3.360544E+0
8.263889E-2,3.360749E+0
8.298611E-2,3.360954E+0
8.333333E-2,3.361158E+0
8.368056E-2,3.361363E+0
8.402778E-2,3.361568E+0
8.437500E-2,3.361773E+0
8.472222E-2,3.361978E+0
8.506944E-2,3.362182E+0
8.541667E-2,3.362387E+0
8.576389E-2,3.362592E+0
8.611111E-2,3.362797E+0
8.645833E-2,3.363002E+0
8.680556E-2,3.363206E+0
8.715278E-2,3.363411E+0
8.750000E-2,3.363616E+0
8.784722E-2,3.363821E+0
8.819444E-2,3.364026E+0
8.854167E-2,3.364230E+0
8.888889E-2,3.364468E+0
8.923611E-2,3.364752E+0
8.958333E-2,3.365037E+0
8.993056E-2,3.365321E+0
9.027778E-2,3.365605E+0
9.062500E-2,3.365889E+0
9.097222E-2,3.366173E+0
9.131944E-2,3.366458E+0
9.166667E-2,3.366742E+0
9.201389E-2,3.367026E+0
9.236111E-2,3.367310E+0
9.270833E-2,3.367595E+0
9.305556E-2,3.367879E+0
9.340278E-2,3.368163E+0
9.375000E-2,3.368447E+0
9.409722E-2,3.368732E+0
9.444444E-2,3.369016E+0
9.479167E-2,3.369300E+0
9.513889E-2,3.369584E+0
9.548611E-2,3.369868E+0
9.583333E-2,3.370153E+0
9.618056E-2,3.370437E+0
9.652778E-2,3.370721E+0
9.687500E-2,3.371005E+0
9.722222E-2,3.371290E+0
9.756944E-2,3.371574E+0
9.791667E-2,3.371858E+0
9.826389E-2,3.372142E+0
9.861111E-2,3.372427E+0
9.895833E-2,3.372711E+0
9.930556E-2,3.372995E+0
9.965278E-2,3.373279E+0
1.000000E-1,3.373563E+0
1.003472E-1,3.373848E+0
1.006944E-1,3.374132E+0
1.010417E-1,3.374416E+0
1.013889E-1,3.374700E+0
1.017361E-1,3.374985E+0
1.020833E-1,3.375269E+0
1.024306E-1,3.375553E+0
1.027778E-1,3.375837E+0
1.031250E-1,3.376122E+0
1.034722E-1,3.376406E+0
1.038194E-1,3.376690E+0
1.041667E-1,3.376974E+0
1.045139E-1,3.377258E+0
1.048611E-1,3.377543E+0
1.052083E-1,3.377827E+0
1.055556E-1,3.378111E+0
1.059028E-1,3.378395E+0
1.062500E-1,3.378680E+0
1.065972E-1,3.378964E+0
1.069444E-1,3.379248E+0
1.072917E-1,3.379532E+0
1.076389E-1,3.379817E+0
1.079861E-1,3.380101E+0
1.083333E-1,3.380385E+0
1.086806E-1,3.380669E+0
1.090278E-1,3.380953E+0
1.093750E-1,3.381238E+0
1.097222E-1,3.381522E+0
1.100694E-1,3.381806E+0
1.104167E-1,3.382090E+0
1.107639E-1,3.382375E+0
1.111111E-1,3.382659E+0
1.114583E-1,3.382943E+0
1.118056E-1,3.383227E+0
1.121528E-1,3.383512E+0
1.125000E-1,3.383796E+0
1.128472E-1,3.384047E+0
1.131944E-1,3.384292E+0
1.135417E-1,3.384537E+0
1.138889E-1,3.384782E+0
1.142361E-1,3.385027E+0
1.145833E-1,3.385272E+0
1.149306E-1,3.385517E+0
1.152778E-1,3.385762E+0
1.156250E-1,3.386008E+0
1.159722E-1,3.386253E+0
1.163194E-1,3.386498E+0
1.166667E-1,3.386743E+0
1.170139E-1,3.386988E+0
1.173611E-1,3.387233E+0
1.177083E-1,3.387478E+0
1.180556E-1,3.387723E+0
1.184028E-1,3.387968E+0
1.187500E-1,3.388213E+0
1.190972E-1,3.388458E+0
1.194444E-1,3.388703E+0
1.197917E-1,3.388948E+0
1.201389E-1,3.389194E+0
1.204861E-1,3.389439E+0
1.208333E-1,3.389684E+0
1.211806E-1,3.389929E+0
1.215278E-1,3.390174E+0
1.218750E-1,3.390419E+0
1.222222E-1,3.390664E+0
1.225694E-1,3.390909E+0
1.229167E-1,3.391154E+0
1.232639E-1,3.391399E+0
1.236111E-1,3.391644E+0
1.239583E-1,3.391889E+0
1.243056E-1,3.392134E+0
1.246528E-1,3.392379E+0
1.250000E-1,3.392625E+0
1.253472E-1,3.392870E+0
1.256944E-1,3.393115E+0
1.260417E-1,3.393360E+0
1.263889E-1,3.393605E+0
1.267361E-1,3.393850E+0
1.270833E-1,3.394095E+0
1.274306E-1,3.394340E+0
1.277778E-1,3.394585E+0
1.281250E-1,3.394830E+0
1.284722E-1,3.395075E+0
1.288194E-1,3.395320E+0
1.291667E-1,3.395565E+0
1.295139E-1,3.395810E+0
1.298611E-1,3.396056E+0
1.302083E-1,3.396301E+0
1.305556E-1,3.396546E+0
1.309028E-1,3.396791E+0
1.312500E-1,3.397036E+0
1.315972E-1,3.397281E+0
1.319444E-1,3.397526E+0
1.322917E-1,3.397771E+0
1.326389E-1,3.398016E+0
1.329861E-1,3.398261E+0
1.333333E-1,3.398506E+0
1.336806E-1,3.398751E+0
1.340278E-1,3.398996E+0
1.343750E-1,3.399242E+0
1.347222E-1,3.399487E+0
1.350694E-1,3.399732E+0
1.354167E-1,3.399977E+0
1.357639E-1,3.400222E+0
1.361111E-1,3.400467E+0
1.364583E-1,3.400712E+0
1.368056E-1,3.400957E+0
1.371528E-1,3.401202E+0
1.375000E-1,3.401447E+0
1.378472E-1,3.401692E+0
1.381944E-1,3.401937E+0
1.385417E-1,3.402182E+0
1.388889E-1,3.402427E+0
1.392361E-1,3.402673E+0
1.395833E-1,3.402918E+0
1.399306E-1,3.403163E+0
1.402778E-1,3.403408E+0
1.406250E-1,3.403653E+0
1.409722E-1,3.403898E+0
1.413194E-1,3.404143E+0
1.416667E-1,3.404388E+0
1.420139E-1,3.404633E+0
1.423611E-1,3.404878E+0
1.427083E-1,3.405123E+0
1.430556E-1,3.405368E+0
1.434028E-1,3.405613E+0
1.437500E-1,3.405859E+0
1.440972E-1,3.406104E+0
1.444444E-1,3.406349E+0
1.447917E-1,3.406594E+0
1.451389E-1,3.406839E+0
1.454861E-1,3.407084E+0
1.458333E-1,3.407329E+0
1.461806E-1,3.407574E+0
1.465278E-1,3.407819E+0
1.468750E-1,3.408063E+0
1.472222E-1,3.408308E+0
1.475694E-1,3.408553E+0
1.479167E-1,3.408797E+0
1.482639E-1,3.409042E+0
1.486111E-1,3.409287E+0
1.489583E-1,3.409531E+0
1.493056E-1,3.409776E+0
1.496528E-1,3.410021E+0
1.500000E-1,3.410265E+0
1.503472E-1,3.410510E+0
1.506944E-1,3.410755E+0
1.510417E-1,3.410999E+0
1.513889E-1,3.411244E+0
1.517361E-1,3.411489E+0
1.520833E-1,3.411733E+0
1.524306E-1,3.411978E+0
1.527778E-1,3.412223E+0
1.531250E-1,3.412467E+0
1.534722E-1,3.412712E+0
1.538194E-1,3.412957E+0
1.541667E-1,3.413202E+0
1.545139E-1,3.413446E+0
1.548611E-1,3.413691E+0
1.552083E-1,3.413936E+0
1.555556E-1,3.414180E+0
1.559028E-1,3.414425E+0
1.562500E-1,3.414670E+0
1.565972E-1,3.414914E+0
1.569444E-1,3.415159E+0
1.572917E-1,3.415404E+0
1.576389E-1,3.415648E+0
1.579861E-1,3.415893E+0
1.583333E-1,3.416138E+0
1.586806E-1,3.416382E+0
1.590278E-1,3.416627E+0
1.593750E-1,3.416872E+0
1.597222E-1,3.417116E+0
1.600694E-1,3.417361E+0
1.604167E-1,3.417606E+0
1.607639E-1,3.417850E+0
1.611111E-1,3.418095E+0
1.614583E-1,3.418340E+0
1.618056E-1,3.418584E+0
1.621528E-1,3.418829E+0
1.625000E-1,3.419074E+0
1.628472E-1,3.419318E+0
1.631944E-1,3.419563E+0
1.635417E-1,3.419808E+0
1.638889E-1,3.420052E+0
1.642361E-1,3.420297E+0
1.645833E-1,3.420542E+0
1.649306E-1,3.420786E+0
1.652778E-1,3.421031E+0
1.656250E-1,3.421276E+0
1.659722E-1,3.421521E+0
1.663194E-1,3.421765E+0
1.666667E-1,3.422010E+0
1.670139E-1,3.422255E+0
1.673611E-1,3.422499E+0
1.677083E-1,3.422744E+0
1.680556E-1,3.422989E+0
1.684028E-1,3.423233E+0
1.687500E-1,3.423478E+0
1.690972E-1,3.423723E+0
1.694444E-1,3.423967E+0
1.697917E-1,3.424212E+0
1.701389E-1,3.424457E+0
1.704861E-1,3.424701E+0
1.708333E-1,3.424946E+0
1.711806E-1,3.425191E+0
1.715278E-1,3.425435E+0
1.718750E-1,3.425680E+0
1.722222E-1,3.425925E+0
1.725694E-1,3.426169E+0
1.729167E-1,3.426414E+0
1.732639E-1,3.426659E+0
1.736111E-1,3.426903E+0
1.739583E-1,3.427148E+0
1.743056E-1,3.427393E+0
1.746528E-1,3.427637E+0
1.750000E-1,3.427882E+0
1.753472E-1,3.428127E+0
1.756944E-1,3.428371E+0
1.760417E-1,3.428616E+0
1.763889E-1,3.428861E+0
1.767361E-1,3.429105E+0
1.770833E-1,3.429350E+0
1.774306E-1,3.429595E+0
1.777778E-1,3.429840E+0
1.781250E-1,3.430084E+0
1.784722E-1,3.430329E+0
1.788194E-1,3.430574E+0
1.791667E-1,3.430818E+0
1.795139E-1,3.431063E+0
1.798611E-1,3.431308E+0
1.802083E-1,3.431552E+0
1.805556E-1,3.431797E+0
1.809028E-1,3.432042E+0
1.812500E-1,3.432286E+0
1.815972E-1,3.432531E+0
1.819444E-1,3.432776E+0
1.822917E-1,3.433020E+0
1.826389E-1,3.433265E+0
1.829861E-1,3.433510E+0
1.833333E-1,3.433754E+0
1.836806E-1,3.433999E+0
1.840278E-1,3.434244E+0
1.843750E-1,3.434488E+0
1.847222E-1,3.434733E+0
1.850694E-1,3.434978E+0
1.854167E-1,3.435222E+0
1.857639E-1,3.435467E+0
1.861111E-1,3.435712E+0
1.864583E-1,3.435956E+0
1.868056E-1,3.436201E+0
1.871528E-1,3.436446E+0
1.875000E-1,3.436690E+0
1.878472E-1,3.436935E+0
1.881944E-1,3.437180E+0
1.885417E-1,3.437424E+0
1.888889E-1,3.437669E+0
1.892361E-1,3.437914E+0
1.895833E-1,3.438159E+0
1.899306E-1,3.438403E+0
1.902778E-1,3.438648E+0
1.906250E-1,3.438893E+0
1.909722E-1,3.439137E+0
1.913194E-1,3.439382E+0
1.916667E-1,3.439631E+0
1.920139E-1,3.439890E+0
1.923611E-1,3.440148E+0
1.927083E-1,3.440407E+0
1.930556E-1,3.440666E+0
1.934028E-1,3.440924E+0
1.937500E-1,3.441183E+0
1.940972E-1,3.441442E+0
1.944444E-1,3.441700E+0
1.947917E-1,3.441959E+0
1.951389E-1,3.442218E+0
1.954861E-1,3.442477E+0
1.958333E-1,3.442735E+0
1.961806E-1,3.442994E+0
1.965278E-1,3.443253E+0
1.968750E-1,3.443511E+0
1.972222E-1,3.443770E+0
1.975694E-1,3.444029E+0
1.979167E-1,3.444287E+0
1.982639E-1,3.444546E+0
1.986111E-1,3.444805E+0
1.989583E-1,3.445063E+0
1.993056E-1,3.445322E+0
1.996528E-1,3.445581E+0
2.000000E-1,3.445840E+0
2.003472E-1,3.446098E+0
2.006944E-1,3.446357E+0
2.010417E-1,3.446616E+0
2.013889E-1,3.446874E+0
2.017361E-1,3.447133E+0
2.020833E-1,3.447392E+0
2.024306E-1,3.447650E+0
2.027778E-1,3.447909E+0
2.031250E-1,3.448168E+0
2.034722E-1,3.448426E+0
2.038194E-1,3.448685E+0
2.041667E-1,3.448944E+0
2.045139E-1,3.449202E+0
2.048611E-1,3.449461E+0
2.052083E-1,3.449720E+0
2.055556E-1,3.449979E+0
2.059028E-1,3.450237E+0
2.062500E-1,3.450496E+0
2.065972E-1,3.450755E+0
2.069444E-1,3.451013E+0
2.072917E-1,3.451272E+0
2.076389E-1,3.451531E+0
2.079861E-1,3.451789E+0
2.083333E-1,3.452048E+0
2.086806E-1,3.452307E+0
2.090278E-1,3.452565E+0
2.093750E-1,3.452824E+0
2.097222E-1,3.453083E+0
2.100694E-1,3.453342E+0
2.104167E-1,3.453600E+0
2.107639E-1,3.453859E+0
2.111111E-1,3.454118E+0
2.114583E-1,3.454376E+0
2.118056E-1,3.454635E+0
2.121528E-1,3.454894E+0
2.125000E-1,3.455152E+0
2.128472E-1,3.455411E+0
2.131944E-1,3.455670E+0
2.135417E-1,3.455928E+0
2.138889E-1,3.456187E+0
2.142361E-1,3.456446E+0
2.145833E-1,3.456705E+0
2.149306E-1,3.456963E+0
2.152778E-1,3.457222E+0
2.156250E-1,3.457481E+0
2.159722E-1,3.457739E+0
2.163194E-1,3.457998E+0
2.166667E-1,3.458257E+0
2.170139E-1,3.458515E+0
2.173611E-1,3.458774E+0
2.177083E-1,3.459033E+0
2.180556E-1,3.459291E+0
2.184028E-1,3.459550E+0
2.187500E-1,3.459809E+0
2.190972E-1,3.460067E+0
2.194444E-1,3.460326E+0
2.197917E-1,3.460585E+0
2.201389E-1,3.460844E+0
2.204861E-1,3.461102E+0
2.208333E-1,3.461361E+0
2.211806E-1,3.461620E+0
2.215278E-1,3.461878E+0
2.218750E-1,3.462137E+0
2.222222E-1,3.462396E+0
2.225694E-1,3.462654E+0
2.229167E-1,3.462913E+0
2.232639E-1,3.463172E+0
2.236111E-1,3.463430E+0
2.239583E-1,3.463689E+0
2.243056E-1,3.463948E+0
2.246528E-1,3.464207E+0
2.250000E-1,3.464465E+0
2.253472E-1,3.464724E+0
2.256944E-1,3.464983E+0
2.260417E-1,3.465241E+0
2.263889E-1,3.465500E+0
2.267361E-1,3.465759E+0
2.270833E-1,3.466017E+0
2.274306E-1,3.466276E+0
2.277778E-1,3.466535E+0
2.281250E-1,3.466793E+0
2.284722E-1,3.467052E+0
2.288194E-1,3.467311E+0
2.291667E-1,3.467569E+0
2.295139E-1,3.467828E+0
2.298611E-1,3.468087E+0
2.302083E-1,3.468346E+0
2.305556E-1,3.468604E+0
2.309028E-1,3.468863E+0
2.312500E-1,3.469122E+0
2.315972E-1,3.469380E+0
2.319444E-1,3.469639E+0
2.322917E-1,3.469898E+0
2.326389E-1,3.470156E+0
2.329861E-1,3.470380E+0
2.333333E-1,3.470598E+0
2.336806E-1,3.470816E+0
2.340278E-1,3.471035E+0
2.343750E-1,3.471253E+0
2.347222E-1,3.471471E+0
2.350694E-1,3.471689E+0
2.354167E-1,3.471908E+0
2.357639E-1,3.472126E+0
2.361111E-1,3.472344E+0
2.364583E-1,3.472562E+0
2.368056E-1,3.472781E+0
2.371528E-1,3.472999E+0
2.375000E-1,3.473217E+0
2.378472E-1,3.473435E+0
2.381944E-1,3.473653E+0
2.385417E-1,3.473872E+0
2.388889E-1,3.474090E+0
2.392361E-1,3.474308E+0
2.395833E-1,3.474526E+0
2.399306E-1,3.474745E+0
2.402778E-1,3.474963E+0
2.406250E-1,3.475181E+0
2.409722E-1,3.475399E+0
2.413194E-1,3.475618E+0
2.416667E-1,3.475836E+0
2.420139E-1,3.476054E+0
2.423611E-1,3.476272E+0
2.427083E-1,3.476491E+0
2.430556E-1,3.476709E+0
2.434028E-1,3.476927E+0
2.437500E-1,3.477145E+0
2.440972E-1,3.477364E+0
2.444444E-1,3.477582E+0
2.447917E-1,3.477800E+0
2.451389E-1,3.478018E+0
2.454861E-1,3.478237E+0
2.458333E-1,3.478455E+0
2.461806E-1,3.478673E+0
2.465278E-1,3.478891E+0
2.468750E-1,3.479109E+0
2.472222E-1,3.479328E+0
2.475694E-1,3.479546E+0
2.479167E-1,3.479764E+0
2.482639E-1,3.479982E+0
2.486111E-1,3.480201E+0
2.489583E-1,3.480419E+0
2.493056E-1,3.480637E+0
2.496528E-1,3.480855E+0
2.500000E-1,3.481074E+0
2.503472E-1,3.481292E+0
2.506944E-1,3.481510E+0
2.510417E-1,3.481728E+0
2.513889E-1,3.481947E+0
2.517361E-1,3.482165E+0
2.520833E-1,3.482383E+0
2.524306E-1,3.482601E+0
2.527778E-1,3.482820E+0
2.531250E-1,3.483038E+0
2.534722E-1,3.483256E+0
2.538194E-1,3.483474E+0
2.541667E-1,3.483693E+0
2.545139E-1,3.483911E+0
2.548611E-1,3.484129E+0
2.552083E-1,3.484347E+0
2.555556E-1,3.484566E+0
2.559028E-1,3.484784E+0
2.562500E-1,3.485002E+0
2.565972E-1,3.485220E+0
2.569444E-1,3.485438E+0
2.572917E-1,3.485657E+0
2.576389E-1,3.485875E+0
2.579861E-1,3.486093E+0
2.583333E-1,3.486311E+0
2.586806E-1,3.486530E+0
2.590278E-1,3.486748E+0
2.593750E-1,3.486966E+0
2.597222E-1,3.487184E+0
2.600694E-1,3.487403E+0
2.604167E-1,3.487621E+0
2.607639E-1,3.487839E+0
2.611111E-1,3.488057E+0
2.614583E-1,3.488276E+0
2.618056E-1,3.488494E+0
2.621528E-1,3.488712E+0
2.625000E-1,3.488930E+0
2.628472E-1,3.489149E+0
2.631944E-1,3.489367E+0
2.635417E-1,3.489585E+0
2.638889E-1,3.489803E+0
2.642361E-1,3.490022E+0
2.645833E-1,3.490240E+0
2.649306E-1,3.490458E+0
2.652778E-1,3.490676E+0
2.656250E-1,3.490894E+0
2.659722E-1,3.491113E+0
2.663194E-1,3.491331E+0
2.666667E-1,3.491549E+0
2.670139E-1,3.491767E+0
2.673611E-1,3.491986E+0
2.677083E-1,3.492204E+0
2.680556E-1,3.492422E+0
2.684028E-1,3.492640E+0
2.687500E-1,3.492859E+0
2.690972E-1,3.493077E+0
2.694444E-1,3.493295E+0
2.697917E-1,3.493513E+0
2.701389E-1,3.493732E+0
2.704861E-1,3.493950E+0
2.708333E-1,3.494168E+0
2.711806E-1,3.494386E+0
2.715278E-1,3.494605E+0
2.718750E-1,3.494823E+0
2.722222E-1,3.495041E+0
2.725694E-1,3.495259E+0
2.729167E-1,3.495478E+0
2.732639E-1,3.495696E+0
2.736111E-1,3.495914E+0
2.739583E-1,3.496132E+0
2.743056E-1,3.496350E+0
2.746528E-1,3.496569E+0
2.750000E-1,3.496787E+0
2.753472E-1,3.497005E+0
2.756944E-1,3.497223E+0
2.760417E-1,3.497442E+0
2.763889E-1,3.497660E+0
2.767361E-1,3.497878E+0
2.770833E-1,3.498096E+0
2.774306E-1,3.498315E+0
2.777778E-1,3.498533E+0
2.781250E-1,3.498751E+0
2.784722E-1,3.498969E+0
2.788194E-1,3.499188E+0
2.791667E-1,3.499406E+0
2.795139E-1,3.499619E+0
2.798611E-1,3.499831E+0
2.802083E-1,3.500044E+0
2.805556E-1,3.500256E+0
2.809028E-1,3.500468E+0
2.812500E-1,3.500681E+0
2.815972E-1,3.500893E+0
2.819444E-1,3.501105E+0
2.822917E-1,3.501318E+0
2.826389E-1,3.501530E+0
2.829861E-1,3.501742E+0
2.833333E-1,3.501955E+0
2.836806E-1,3.502167E+0
2.840278E-1,3.502379E+0
2.843750E-1,3.502591E+0
2.847222E-1,3.502804E+0
2.850694E-1,3.503016E+0
2.854167E-1,3.503228E+0
2.857639E-1,3.503441E+0
2.861111E-1,3.503653E+0
2.864583E-1,3.503865E+0
2.868056E-1,3.504078E+0
2.871528E-1,3.504290E+0
2.875000E-1,3.504502E+0
2.878472E-1,3.504715E+0
2.881944E-1,3.504927E+0
2.885417E-1,3.505139E+0
2.888889E-1,3.505352E+0
2.892361E-1,3.505564E+0
2.895833E-1,3.505776E+0
2.899306E-1,3.505988E+0
2.902778E-1,3.506201E+0
2.906250E-1,3.506413E+0
2.909722E-1,3.506625E+0
2.913194E-1,3.506838E+0
2.916667E-1,3.507050E+0
2.920139E-1,3.507262E+0
2.923611E-1,3.507475E+0
2.927083E-1,3.507687E+0
2.930556E-1,3.507899E+0
2.934028E-1,3.508112E+0
2.937500E-1,3.508324E+0
2.940972E-1,3.508536E+0
2.944444E-1,3.508748E+0
2.947917E-1,3.508961E+0
2.951389E-1,3.509173E+0
2.954861E-1,3.509385E+0
2.958333E-1,3.509598E+0
2.961806E-1,3.509810E+0
2.965278E-1,3.510022E+0
2.968750E-1,3.510235E+0
2.972222E-1,3.510447E+0
2.975694E-1,3.510659E+0
2.979167E-1,3.510872E+0
2.982639E-1,3.511084E+0
2.986111E-1,3.511296E+0
2.989583E-1,3.511509E+0
2.993056E-1,3.511721E+0
2.996528E-1,3.511933E+0
3.000000E-1,3.512145E+0
3.003472E-1,3.512358E+0
3.006944E-1,3.512570E+0
3.010417E-1,3.512782E+0
3.013889E-1,3.512995E+0
3.017361E-1,3.513207E+0
3.020833E-1,3.513419E+0
3.024306E-1,3.513632E+0
3.027778E-1,3.513844E+0
3.031250E-1,3.514056E+0
3.034722E-1,3.514269E+0
3.038194E-1,3.514481E+0
3.041667E-1,3.514693E+0
3.045139E-1,3.514906E+0
3.048611E-1,3.515118E+0
3.052083E-1,3.515330E+0
3.055556E-1,3.515542E+0
3.059028E-1,3.515755E+0
3.062500E-1,3.515967E+0
3.065972E-1,3.516179E+0
3.069444E-1,3.516392E+0
3.072917E-1,3.516604E+0
3.076389E-1,3.516816E+0
3.079861E-1,3.517029E+0
3.083333E-1,3.517241E+0
3.086806E-1,3.517453E+0
3.090278E-1,3.517666E+0
3.093750E-1,3.517878E+0
3.097222E-1,3.518090E+0
3.100694E-1,3.518303E+0
3.104167E-1,3.518515E+0
3.107639E-1,3.518727E+0
3.111111E-1,3.518939E+0
3.114583E-1,3.519152E+0
3.118056E-1,3.519364E+0
3.121528E-1,3.519576E+0
3.125000E-1,3.519789E+0
3.128472E-1,3.520001E+0
3.131944E-1,3.520213E+0
3.135417E-1,3.520426E+0
3.138889E-1,3.520638E+0
3.142361E-1,3.520850E+0
3.145833E-1,3.521063E+0
3.149306E-1,3.521275E+0
3.152778E-1,3.521487E+0
3.156250E-1,3.521700E+0
3.159722E-1,3.521912E+0
3.163194E-1,3.522124E+0
3.166667E-1,3.522336E+0
3.170139E-1,3.522549E+0
3.173611E-1,3.522761E+0
3.177083E-1,3.522973E+0
3.180556E-1,3.523186E+0
3.184028E-1,3.523398E+0
3.187500E-1,3.523610E+0
3.190972E-1,3.523823E+0
3.194444E-1,3.524035E+0
3.197917E-1,3.524247E+0
3.201389E-1,3.524460E+0
3.204861E-1,3.524672E+0
3.208333E-1,3.524884E+0
3.211806E-1,3.525096E+0
3.215278E-1,3.525309E+0
3.218750E-1,3.525521E+0
3.222222E-1,3.525733E+0
3.225694E-1,3.525946E+0
3.229167E-1,3.526158E+0
3.232639E-1,3.526370E+0
3.236111E-1,3.526582E+0
3.239583E-1,3.526795E+0
3.243056E-1,3.527007E+0
3.246528E-1,3.527219E+0
3.250000E-1,3.527431E+0
3.253472E-1,3.527644E+0
3.256944E-1,3.527856E+0
3.260417E-1,3.528068E+0
3.263889E-1,3.528280E+0
3.267361E-1,3.528492E+0
3.270833E-1,3.528705E+0
3.274306E-1,3.528917E+0
3.277778E-1,3.529129E+0
3.281250E-1,3.529341E+0
3.284722E-1,3.529554E+0
3.288194E-1,3.529766E+0
3.291667E-1,3.529978E+0
3.295139E-1,3.530190E+0
3.298611E-1,3.530403E+0
3.302083E-1,3.530615E+0
3.305556E-1,3.530827E+0
3.309028E-1,3.531039E+0
3.312500E-1,3.531252E+0
3.315972E-1,3.531464E+0
3.319444E-1,3.531676E+0
3.322917E-1,3.531888E+0
3.326389E-1,3.532100E+0
3.329861E-1,3.532313E+0
3.333333E-1,3.532525E+0
3.336806E-1,3.532737E+0
3.340278E-1,3.532949E+0
3.343750E-1,3.533162E+0
3.347222E-1,3.533374E+0
3.350694E-1,3.533586E+0
3.354167E-1,3.533798E+0
3.357639E-1,3.534011E+0
3.361111E-1,3.534223E+0
3.364583E-1,3.534435E+0
3.368056E-1,3.534647E+0
3.371528E-1,3.534859E+0
3.375000E-1,3.535072E+0
3.378472E-1,3.535284E+0
3.381944E-1,3.535496E+0
3.385417E-1,3.535708E+0
3.388889E-1,3.535921E+0
3.392361E-1,3.536133E+0
3.395833E-1,3.536345E+0
3.399306E-1,3.536557E+0
3.402778E-1,3.536770E+0
3.406250E-1,3.536982E+0
3.409722E-1,3.537194E+0
3.413194E-1,3.537406E+0
3.416667E-1,3.537618E+0
3.420139E-1,3.537831E+0
3.423611E-1,3.538043E+0
3.427083E-1,3.538255E+0
3.430556E-1,3.538467E+0
3.434028E-1,3.538680E+0
3.437500E-1,3.538892E+0
3.440972E-1,3.539104E+0
3.444444E-1,3.539316E+0
3.447917E-1,3.539529E+0
3.451389E-1,3.539741E+0
3.454861E-1,3.539953E+0
3.458333E-1,3.540165E+0
3.461806E-1,3.540377E+0
3.465278E-1,3.540590E+0
3.468750E-1,3.540802E+0
3.472222E-1,3.541014E+0
3.475694E-1,3.541226E+0
3.479167E-1,3.541439E+0
3.482639E-1,3.541651E+0
3.486111E-1,3.541863E+0
3.489583E-1,3.542075E+0
3.493056E-1,3.542288E+0
3.496528E-1,3.542500E+0
3.500000E-1,3.542712E+0
3.503472E-1,3.542924E+0
3.506944E-1,3.543136E+0
3.510417E-1,3.543349E+0
3.513889E-1,3.543561E+0
3.517361E-1,3.543773E+0
3.520833E-1,3.543985E+0
3.524306E-1,3.544198E+0
3.527778E-1,3.544410E+0
3.531250E-1,3.544622E+0
3.534722E-1,3.544834E+0
3.538194E-1,3.545047E+0
3.541667E-1,3.545259E+0
3.545139E-1,3.545471E+0
3.548611E-1,3.545683E+0
3.552083E-1,3.545895E+0
3.555556E-1,3.546108E+0
3.559028E-1,3.546320E+0
3.562500E-1,3.546532E+0
3.565972E-1,3.546744E+0
3.569444E-1,3.546957E+0
3.572917E-1,3.547169E+0
3.576389E-1,3.547381E+0
3.579861E-1,3.547593E+0
3.583333E-1,3.547806E+0
3.586806E-1,3.548018E+0
3.590278E-1,3.548230E+0
3.593750E-1,3.548442E+0
3.597222E-1,3.548654E+0
3.600694E-1,3.548867E+0
3.604167E-1,3.549079E+0
3.607639E-1,3.549291E+0
3.611111E-1,3.549503E+0
3.614583E-1,3.549716E+0
3.618056E-1,3.549928E+0
3.621528E-1,3.550140E+0
3.625000E-1,3.550352E+0
3.628472E-1,3.550565E+0
3.631944E-1,3.550777E+0
3.635417E-1,3.550989E+0
3.638889E-1,3.551201E+0
3.642361E-1,3.551413E+0
3.645833E-1,3.551626E+0
3.649306E-1,3.551838E+0
3.652778E-1,3.552050E+0
3.656250E-1,3.552262E+0
3.659722E-1,3.552466E+0
3.663194E-1,3.552661E+0
3.666667E-1,3.552855E+0
3.670139E-1,3.553050E+0
3.673611E-1,3.553245E+0
3.677083E-1,3.553440E+0
3.680556E-1,3.553634E+0
3.684028E-1,3.553829E+0
3.687500E-1,3.554024E+0
3.690972E-1,3.554219E+0
3.694444E-1,3.554413E+0
3.697917E-1,3.554608E+0
3.701389E-1,3.554803E+0
3.704861E-1,3.554997E+0
3.708333E-1,3.555192E+0
3.711806E-1,3.555387E+0
3.715278E-1,3.555582E+0
3.718750E-1,3.555776E+0
3.722222E-1,3.555971E+0
3.725694E-1,3.556166E+0
3.729167E-1,3.556360E+0
3.732639E-1,3.556555E+0
3.736111E-1,3.556750E+0
3.739583E-1,3.556945E+0
3.743056E-1,3.557139E+0
3.746528E-1,3.557334E+0
3.750000E-1,3.557529E+0
3.753472E-1,3.557723E+0
3.756944E-1,3.557918E+0
3.760417E-1,3.558113E+0
3.763889E-1,3.558308E+0
3.767361E-1,3.558502E+0
3.770833E-1,3.558697E+0
3.774306E-1,3.558892E+0
3.777778E-1,3.559087E+0
3.781250E-1,3.559281E+0
3.784722E-1,3.559476E+0
3.788194E-1,3.559671E+0
3.791667E-1,3.559865E+0
3.795139E-1,3.560060E+0
3.798611E-1,3.560255E+0
3.802083E-1,3.560450E+0
3.805556E-1,3.560644E+0
3.809028E-1,3.560839E+0
3.812500E-1,3.561034E+0
3.815972E-1,3.561228E+0
3.819444E-1,3.561423E+0
3.822917E-1,3.561618E+0
3.826389E-1,3.561813E+0
3.829861E-1,3.562007E+0
3.833333E-1,3.562202E+0
3.836806E-1,3.562397E+0
3.840278E-1,3.562591E+0
3.843750E-1,3.562786E+0
3.847222E-1,3.562981E+0
3.850694E-1,3.563176E+0
3.854167E-1,3.563370E+0
3.857639E-1,3.563565E+0
3.861111E-1,3.563760E+0
3.864583E-1,3.563955E+0
3.868056E-1,3.564149E+0
3.871528E-1,3.564344E+0
3.875000E-1,3.564539E+0
3.878472E-1,3.564733E+0
3.881944E-1,3.564928E+0
3.885417E-1,3.565123E+0
3.888889E-1,3.565318E+0
3.892361E-1,3.565512E+0
3.895833E-1,3.565707E+0
3.899306E-1,3.565902E+0
3.902778E-1,3.566096E+0
3.906250E-1,3.566291E+0
3.909722E-1,3.566486E+0
3.913194E-1,3.566681E+0
3.916667E-1,3.566875E+0
3.920139E-1,3.567070E+0
3.923611E-1,3.567265E+0
3.927083E-1,3.567459E+0
3.930556E-1,3.567654E+0
3.934028E-1,3.567849E+0
3.937500E-1,3.568044E+0
3.940972E-1,3.568238E+0
3.944444E-1,3.568433E+0
3.947917E-1,3.568628E+0
3.951389E-1,3.568823E+0
3.954861E-1,3.569017E+0
3.958333E-1,3.569212E+0
3.961806E-1,3.569407E+0
3.965278E-1,3.569601E+0
3.968750E-1,3.569796E+0
3.972222E-1,3.569991E+0
3.975694E-1,3.570186E+0
3.979167E-1,3.570380E+0
3.982639E-1,3.570575E+0
3.986111E-1,3.570770E+0
3.989583E-1,3.570964E+0
3.993056E-1,3.571159E+0
3.996528E-1,3.571354E+0
4.000000E-1,3.571549E+0
4.003472E-1,3.571743E+0
4.006944E-1,3.571938E+0
4.010417E-1,3.572133E+0
4.013889E-1,3.572327E+0
4.017361E-1,3.572522E+0
4.020833E-1,3.572717E+0
4.024306E-1,3.572912E+0
4.027778E-1,3.573106E+0
4.031250E-1,3.573301E+0
4.034722E-1,3.573496E+0
4.038194E-1,3.573691E+0
4.041667E-1,3.573885E+0
4.045139E-1,3.574080E+0
4.048611E-1,3.574275E+0
4.052083E-1,3.574469E+0
4.055556E-1,3.574664E+0
4.059028E-1,3.574859E+0
4.062500E-1,3.575054E+0
4.065972E-1,3.575248E+0
4.069444E-1,3.575443E+0
4.072917E-1,3.575638E+0
4.076389E-1,3.575832E+0
4.079861E-1,3.576027E+0
4.083333E-1,3.576186E+0
4.086806E-1,3.576343E+0
4.090278E-1,3.576499E+0
4.093750E-1,3.576655E+0
4.097222E-1,3.576812E+0
4.100694E-1,3.576968E+0
4.104167E-1,3.577125E+0
4.107639E-1,3.577281E+0
4.111111E-1,3.577437E+0
4.114583E-1,3.577594E+0
4.118056E-1,3.577750E+0
4.121528E-1,3.577907E+0
4.125000E-1,3.578063E+0
4.128472E-1,3.578219E+0
4.131944E-1,3.578376E+0
4.135417E-1,3.578532E+0
4.138889E-1,3.578689E+0
4.142361E-1,3.578845E+0
4.145833E-1,3.579001E+0
4.149306E-1,3.579158E+0
4.152778E-1,3.579314E+0
4.156250E-1,3.579471E+0
4.159722E-1,3.579627E+0
4.163194E-1,3.579783E+0
4.166667E-1,3.579940E+0
4.170139E-1,3.580096E+0
4.173611E-1,3.580253E+0
4.177083E-1,3.580409E+0
4.180556E-1,3.580565E+0
4.184028E-1,3.580722E+0
4.187500E-1,3.580878E+0
4.190972E-1,3.581035E+0
4.194444E-1,3.581191E+0
4.197917E-1,3.581348E+0
4.201389E-1,3.581504E+0
4.204861E-1,3.581660E+0
4.208333E-1,3.581817E+0
4.211806E-1,3.581973E+0
4.215278E-1,3.582130E+0
4.218750E-1,3.582286E+0
4.222222E-1,3.582442E+0
4.225694E-1,3.582599E+0
4.229167E-1,3.582755E+0
4.232639E-1,3.582912E+0
4.236111E-1,3.583068E+0
4.239583E-1,3.583224E+0
4.243056E-1,3.583381E+0
4.246528E-1,3.583537E+0
4.250000E-1,3.583694E+0
4.253472E-1,3.583850E+0
4.256944E-1,3.584006E+0
4.260417E-1,3.584163E+0
4.263889E-1,3.584319E+0
4.267361E-1,3.584476E+0
4.270833E-1,3.584632E+0
4.274306E-1,3.584788E+0
4.277778E-1,3.584945E+0
4.281250E-1,3.585101E+0
4.284722E-1,3.585258E+0
4.288194E-1,3.585414E+0
4.291667E-1,3.585570E+0
4.295139E-1,3.585727E+0
4.298611E-1,3.585883E+0
4.302083E-1,3.586040E+0
4.305556E-1,3.586196E+0
4.309028E-1,3.586353E+0
4.312500E-1,3.586509E+0
4.315972E-1,3.586665E+0
4.319444E-1,3.586822E+0
4.322917E-1,3.586978E+0
4.326389E-1,3.587135E+0
4.329861E-1,3.587291E+0
4.333333E-1,3.587447E+0
4.336806E-1,3.587604E+0
4.340278E-1,3.587760E+0
4.343750E-1,3.587917E+0
4.347222E-1,3.588073E+0
4.350694E-1,3.588229E+0
4.354167E-1,3.588386E+0
4.357639E-1,3.588542E+0
4.361111E-1,3.588699E+0
4.364583E-1,3.588855E+0
4.368056E-1,3.589011E+0
4.371528E-1,3.589168E+0
4.375000E-1,3.589324E+0
4.378472E-1,3.589481E+0
4.381944E-1,3.589637E+0
4.385417E-1,3.589793E+0
4.388889E-1,3.589950E+0
4.392361E-1,3.590106E+0
4.395833E-1,3.590263E+0
4.399306E-1,3.590419E+0
4.402778E-1,3.590575E+0
4.406250E-1,3.590732E+0
4.409722E-1,3.590888E+0
4.413194E-1,3.591045E+0
4.416667E-1,3.591201E+0
4.420139E-1,3.591358E+0
4.423611E-1,3.591514E+0
4.427083E-1,3.591670E+0
4.430556E-1,3.591827E+0
4.434028E-1,3.591983E+0
4.437500E-1,3.592140E+0
4.440972E-1,3.592296E+0
4.444444E-1,3.592452E+0
4.447917E-1,3.592609E+0
4.451389E-1,3.592765E+0
4.454861E-1,3.592922E+0
4.458333E-1,3.593078E+0
4.461806E-1,3.593234E+0
4.465278E-1,3.593391E+0
4.468750E-1,3.593547E+0
4.472222E-1,3.593704E+0
4.475694E-1,3.593860E+0
4.479167E-1,3.594016E+0
4.482639E-1,3.594173E+0
4.486111E-1,3.594329E+0
4.489583E-1,3.594486E+0
4.493056E-1,3.594642E+0
4.496528E-1,3.594798E+0
4.500000E-1,3.594955E+0
4.503472E-1,3.595111E+0
4.506944E-1,3.595268E+0
4.510417E-1,3.595424E+0
4.513889E-1,3.595569E+0
4.517361E-1,3.595681E+0
4.520833E-1,3.595792E+0
4.524306E-1,3.595904E+0
4.527778E-1,3.596016E+0
4.531250E-1,3.596128E+0
4.534722E-1,3.596239E+0
4.538194E-1,3.596351E+0
4.541667E-1,3.596463E+0
4.545139E-1,3.596574E+0
4.548611E-1,3.596686E+0
4.552083E-1,3.596798E+0
4.555556E-1,3.596910E+0
4.559028E-1,3.597021E+0
4.562500E-1,3.597133E+0
4.565972E-1,3.597245E+0
4.569444E-1,3.597357E+0
4.572917E-1,3.597468E+0
4.576389E-1,3.597580E+0
4.579861E-1,3.597692E+0
4.583333E-1,3.597804E+0
4.586806E-1,3.597915E+0
4.590278E-1,3.598027E+0
4.593750E-1,3.598139E+0
4.597222E-1,3.598250E+0
4.600694E-1,3.598362E+0
4.604167E-1,3.598474E+0
4.607639E-1,3.598586E+0
4.611111E-1,3.598697E+0
4.614583E-1,3.598809E+0
4.618056E-1,3.598921E+0
4.621528E-1,3.599033E+0
4.625000E-1,3.599144E+0
4.628472E-1,3.599256E+0
4.631944E-1,3.599368E+0
4.635417E-1,3.599479E+0
4.638889E-1,3.599591E+0
4.642361E-1,3.599703E+0
4.645833E-1,3.599815E+0
4.649306E-1,3.599926E+0
4.652778E-1,3.600038E+0
4.656250E-1,3.600150E+0
4.659722E-1,3.600262E+0
4.663194E-1,3.600373E+0
4.666667E-1,3.600485E+0
4.670139E-1,3.600597E+0
4.673611E-1,3.600709E+0
4.677083E-1,3.600820E+0
4.680556E-1,3.600932E+0
4.684028E-1,3.601044E+0
4.687500E-1,3.601155E+0
4.690972E-1,3.601267E+0
4.694444E-1,3.601379E+0
4.697917E-1,3.601491E+0
4.701389E-1,3.601602E+0
4.704861E-1,3.601714E+0
4.708333E-1,3.601826E+0
4.711806E-1,3.601938E+0
4.715278E-1,3.602049E+0
4.718750E-1,3.602161E+0
4.722222E-1,3.602273E+0
4.725694E-1,3.602384E+0
4.729167E-1,3.602496E+0
4.732639E-1,3.602608E+0
4.736111E-1,3.602720E+0
4.739583E-1,3.602831E+0
4.743056E-1,3.602943E+0
4.746528E-1,3.603055E+0
4.750000E-1,3.603167E+0
4.753472E-1,3.603278E+0
4.756944E-1,3.603390E+0
4.760417E-1,3.603502E+0
4.763889E-1,3.603614E+0
4.767361E-1,3.603725E+0
4.770833E-1,3.603837E+0
4.774306E-1,3.603949E+0
4.777778E-1,3.604060E+0
4.781250E-1,3.604172E+0
4.784722E-1,3.604284E+0
4.788194E-1,3.604396E+0
4.791667E-1,3.604507E+0
4.795139E-1,3.604619E+0
4.798611E-1,3.604731E+0
4.802083E-1,3.604843E+0
4.805556E-1,3.604954E+0
4.809028E-1,3.605066E+0
4.812500E-1,3.605178E+0
4.815972E-1,3.605289E+0
4.819444E-1,3.605401E+0
4.822917E-1,3.605513E+0
4.826389E-1,3.605625E+0
4.829861E-1,3.605736E+0
4.833333E-1,3.605848E+0
4.836806E-1,3.605960E+0
4.840278E-1,3.606072E+0
4.843750E-1,3.606183E+0
4.847222E-1,3.606295E+0
4.850694E-1,3.606407E+0
4.854167E-1,3.606518E+0
4.857639E-1,3.606630E+0
4.861111E-1,3.606742E+0
4.864583E-1,3.606854E+0
4.868056E-1,3.606965E+0
4.871528E-1,3.607077E+0
4.875000E-1,3.607189E+0
4.878472E-1,3.607301E+0
4.881944E-1,3.607412E+0
4.885417E-1,3.607524E+0
4.888889E-1,3.607636E+0
4.892361E-1,3.607748E+0
4.895833E-1,3.607859E+0
4.899306E-1,3.607971E+0
4.902778E-1,3.608083E+0
4.906250E-1,3.608194E+0
4.909722E-1,3.608306E+0
4.913194E-1,3.608418E+0
4.916667E-1,3.608530E+0
4.920139E-1,3.608641E+0
4.923611E-1,3.608753E+0
4.927083E-1,3.608865E+0
4.930556E-1,3.608977E+0
4.934028E-1,3.609088E+0
4.937500E-1,3.609200E+0
4.940972E-1,3.609312E+0
4.944444E-1,3.609423E+0
4.947917E-1,3.609553E+0
4.951389E-1,3.609694E+0
4.954861E-1,3.609836E+0
4.958333E-1,3.609978E+0
4.961806E-1,3.610120E+0
4.965278E-1,3.610261E+0
4.968750E-1,3.610403E+0
4.972222E-1,3.610545E+0
4.975694E-1,3.610686E+0
4.979167E-1,3.610828E+0
4.982639E-1,3.610970E+0
4.986111E-1,3.611112E+0
4.989583E-1,3.611253E+0
4.993056E-1,3.611395E+0
4.996528E-1,3.611537E+0
5.000000E-1,3.611678E+0
5.003472E-1,3.611820E+0
5.006944E-1,3.611962E+0
5.010417E-1,3.612104E+0
5.013889E-1,3.612245E+0
5.017361E-1,3.612387E+0
5.020833E-1,3.612529E+0
5.024306E-1,3.612670E+0
5.027778E-1,3.612812E+0
5.031250E-1,3.612954E+0
5.034722E-1,3.613096E+0
5.038194E-1,3.613237E+0
5.041667E-1,3.613379E+0
5.045139E-1,3.613521E+0
5.048611E-1,3.613662E+0
5.052083E-1,3.613804E+0
5.055556E-1,3.613946E+0
5.059028E-1,3.614088E+0
5.062500E-1,3.614229E+0
5.065972E-1,3.614371E+0
5.069444E-1,3.614513E+0
5.072917E-1,3.614654E+0
5.076389E-1,3.614796E+0
5.079861E-1,3.614938E+0
5.083333E-1,3.615080E+0
5.086806E-1,3.615221E+0
5.090278E-1,3.615363E+0
5.093750E-1,3.615505E+0
5.097222E-1,3.615646E+0
5.100694E-1,3.615788E+0
5.104167E-1,3.615930E+0
5.107639E-1,3.616072E+0
5.111111E-1,3.616213E+0
5.114583E-1,3.616355E+0
5.118056E-1,3.616497E+0
5.121528E-1,3.616638E+0
5.125000E-1,3.616780E+0
5.128472E-1,3.616922E+0
5.131944E-1,3.617064E+0
5.135417E-1,3.617205E+0
5.138889E-1,3.617347E+0
5.142361E-1,3.617489E+0
5.145833E-1,3.617630E+0
5.149306E-1,3.617772E+0
5.152778E-1,3.617914E+0
5.156250E-1,3.618056E+0
5.159722E-1,3.618197E+0
5.163194E-1,3.618339E+0
5.166667E-1,3.618481E+0
5.170139E-1,3.618623E+0
5.173611E-1,3.618764E+0
5.177083E-1,3.618906E+0
5.180556E-1,3.619048E+0
5.184028E-1,3.619189E+0
5.187500E-1,3.619331E+0
5.190972E-1,3.619473E+0
5.194444E-1,3.619615E+0
5.197917E-1,3.619756E+0
5.201389E-1,3.619898E+0
5.204861E-1,3.620040E+0
5.208333E-1,3.620181E+0
5.211806E-1,3.620323E+0
5.215278E-1,3.620465E+0
5.218750E-1,3.620607E+0
5.222222E-1,3.620748E+0
5.225694E-1,3.620890E+0
5.229167E-1,3.621032E+0
5.232639E-1,3.621173E+0
5.236111E-1,3.621315E+0
5.239583E-1,3.621457E+0
5.243056E-1,3.621599E+0
5.246528E-1,3.621740E+0
5.250000E-1,3.621882E+0
5.253472E-1,3.622024E+0
5.256944E-1,3.622165E+0
5.260417E-1,3.622307E+0
5.263889E-1,3.622449E+0
5.267361E-1,3.622591E+0
5.270833E-1,3.622732E+0
5.274306E-1,3.622874E+0
5.277778E-1,3.623016E+0
5.281250E-1,3.623157E+0
5.284722E-1,3.623299E+0
5.288194E-1,3.623441E+0
5.291667E-1,3.623583E+0
5.295139E-1,3.623724E+0
5.298611E-1,3.623866E+0
5.302083E-1,3.624008E+0
5.305556E-1,3.624149E+0
5.309028E-1,3.624291E+0
5.312500E-1,3.624433E+0
5.315972E-1,3.624575E+0
5.319444E-1,3.624716E+0
5.322917E-1,3.624858E+0
5.326389E-1,3.625000E+0
5.329861E-1,3.625141E+0
5.333333E-1,3.625283E+0
5.336806E-1,3.625425E+0
5.340278E-1,3.625567E+0
5.343750E-1,3.625708E+0
5.347222E-1,3.625850E+0
5.350694E-1,3.625992E+0
5.354167E-1,3.626133E+0
5.357639E-1,3.626275E+0
5.361111E-1,3.626417E+0
5.364583E-1,3.626559E+0
5.368056E-1,3.626700E+0
5.371528E-1,3.626842E+0
5.375000E-1,3.626984E+0
5.378472E-1,3.627125E+0
5.381944E-1,3.627267E+0
5.385417E-1,3.627409E+0
5.388889E-1,3.627551E+0
5.392361E-1,3.627686E+0
5.395833E-1,3.627820E+0
5.399306E-1,3.627954E+0
5.402778E-1,3.628088E+0
5.406250E-1,3.628222E+0
5.409722E-1,3.628356E+0
5.413194E-1,3.628490E+0
5.416667E-1,3.628624E+0
5.420139E-1,3.628758E+0
5.423611E-1,3.628892E+0
5.427083E-1,3.629026E+0
5.430556E-1,3.629161E+0
5.434028E-1,3.629295E+0
5.437500E-1,3.629429E+0
5.440972E-1,3.629563E+0
5.444444E-1,3.629697E+0
5.447917E-1,3.629831E+0
5.451389E-1,3.629965E+0
5.454861E-1,3.630099E+0
5.458333E-1,3.630233E+0
5.461806E-1,3.630367E+0
5.465278E-1,3.630501E+0
5.468750E-1,3.630635E+0
5.472222E-1,3.630769E+0
5.475694E-1,3.630903E+0
5.479167E-1,3.631037E+0
5.482639E-1,3.631171E+0
5.486111E-1,3.631305E+0
5.489583E-1,3.631439E+0
5.493056E-1,3.631573E+0
5.496528E-1,3.631707E+0
5.500000E-1,3.631841E+0
5.503472E-1,3.631975E+0
5.506944E-1,3.632109E+0
5.510417E-1,3.632243E+0
5.513889E-1,3.632377E+0
5.517361E-1,3.632511E+0
5.520833E-1,3.632645E+0
5.524306E-1,3.632779E+0
5.527778E-1,3.632913E+0
5.531250E-1,3.633047E+0
5.534722E-1,3.633181E+0
5.538194E-1,3.633315E+0
5.541667E-1,3.633449E+0
5.545139E-1,3.633583E+0
5.548611E-1,3.633717E+0
5.552083E-1,3.633851E+0
5.555556E-1,3.633986E+0
5.559028E-1,3.634120E+0
5.562500E-1,3.634254E+0
5.565972E-1,3.634388E+0
5.569444E-1,3.634522E+0
5.572917E-1,3.634656E+0
5.576389E-1,3.634790E+0
5.579861E-1,3.634924E+0
5.583333E-1,3.635058E+0
5.586806E-1,3.635192E+0
5.590278E-1,3.635326E+0
5.593750E-1,3.635460E+0
5.597222E-1,3.635594E+0
5.600694E-1,3.635728E+0
5.604167E-1,3.635862E+0
5.607639E-1,3.635996E+0
5.611111E-1,3.636130E+0
5.614583E-1,3.636264E+0
5.618056E-1,3.636398E+0
5.621528E-1,3.636532E+0
5.625000E-1,3.636666E+0
5.628472E-1,3.636800E+0
5.631944E-1,3.636934E+0
5.635417E-1,3.637068E+0
5.638889E-1,3.637202E+0
5.642361E-1,3.637336E+0
5.645833E-1,3.637470E+0
5.649306E-1,3.637604E+0
5.652778E-1,3.637738E+0
5.656250E-1,3.637872E+0
5.659722E-1,3.638006E+0
5.663194E-1,3.638140E+0
5.666667E-1,3.638274E+0
5.670139E-1,3.638408E+0
5.673611E-1,3.638542E+0
5.677083E-1,3.638677E+0
5.680556E-1,3.638811E+0
5.684028E-1,3.638945E+0
5.687500E-1,3.639079E+0
5.690972E-1,3.639213E+0
5.694444E-1,3.639347E+0
5.697917E-1,3.639481E+0
5.701389E-1,3.639615E+0
5.704861E-1,3.639749E+0
5.708333E-1,3.639883E+0
5.711806E-1,3.640017E+0
5.715278E-1,3.640151E+0
5.718750E-1,3.640285E+0
5.722222E-1,3.640419E+0
5.725694E-1,3.640553E+0
5.729167E-1,3.640687E+0
5.732639E-1,3.640821E+0
5.736111E-1,3.640955E+0
5.739583E-1,3.641089E+0
5.743056E-1,3.641223E+0
5.746528E-1,3.641357E+0
5.750000E-1,3.641491E+0
5.753472E-1,3.641625E+0
5.756944E-1,3.641759E+0
5.760417E-1,3.641893E+0
5.763889E-1,3.642027E+0
5.767361E-1,3.642161E+0
5.770833E-1,3.642295E+0
5.774306E-1,3.642429E+0
5.777778E-1,3.642563E+0
5.781250E-1,3.642697E+0
5.784722E-1,3.642831E+0
5.788194E-1,3.642965E+0
5.791667E-1,3.643099E+0
5.795139E-1,3.643233E+0
5.798611E-1,3.643367E+0
5.802083E-1,3.643502E+0
5.805556E-1,3.643636E+0
5.809028E-1,3.643770E+0
5.812500E-1,3.643904E+0
5.815972E-1,3.644038E+0
5.819444E-1,3.644172E+0
5.822917E-1,3.644309E+0
5.826389E-1,3.644473E+0
5.829861E-1,3.644636E+0
5.833333E-1,3.644800E+0
5.836806E-1,3.644963E+0
5.840278E-1,3.645126E+0
5.843750E-1,3.645290E+0
5.847222E-1,3.645453E+0
5.850694E-1,3.645617E+0
5.854167E-1,3.645780E+0
5.857639E-1,3.645944E+0
5.861111E-1,3.646107E+0
5.864583E-1,3.646271E+0
5.868056E-1,3.646434E+0
5.871528E-1,3.646598E+0
5.875000E-1,3.646761E+0
5.878472E-1,3.646925E+0
5.881944E-1,3.647088E+0
5.885417E-1,3.647252E+0
5.888889E-1,3.647415E+0
5.892361E-1,3.647579E+0
5.895833E-1,3.647742E+0
5.899306E-1,3.647905E+0
5.902778E-1,3.648069E+0
5.906250E-1,3.648232E+0
5.909722E-1,3.648396E+0
5.913194E-1,3.648559E+0
5.916667E-1,3.648723E+0
5.920139E-1,3.648886E+0
5.923611E-1,3.649050E+0
5.927083E-1,3.649213E+0
5.930556E-1,3.649377E+0
5.934028E-1,3.649540E+0
5.937500E-1,3.649704E+0
5.940972E-1,3.649867E+0
5.944444E-1,3.650031E+0
5.947917E-1,3.650194E+0
5.951389E-1,3.650358E+0
5.954861E-1,3.650521E+0
5.958333E-1,3.650684E+0
5.961806E-1,3.650848E+0
5.965278E-1,3.651011E+0
5.968750E-1,3.651175E+0
5.972222E-1,3.651338E+0
5.975694E-1,3.651502E+0
5.979167E-1,3.651665E+0
5.982639E-1,3.651829E+0
5.986111E-1,3.651992E+0
5.989583E-1,3.652156E+0
5.993056E-1,3.652319E+0
5.996528E-1,3.652483E+0
6.000000E-1,3.652646E+0
6.003472E-1,3.652810E+0
6.006944E-1,3.652973E+0
6.010417E-1,3.653137E+0
6.013889E-1,3.653300E+0
6.017361E-1,3.653463E+0
6.020833E-1,3.653627E+0
6.024306E-1,3.653790E+0
6.027778E-1,3.653954E+0
6.031250E-1,3.654117E+0
6.034722E-1,3.654281E+0
6.038194E-1,3.654444E+0
6.041667E-1,3.654608E+0
6.045139E-1,3.654771E+0
6.048611E-1,3.654935E+0
6.052083E-1,3.655098E+0
6.055556E-1,3.655262E+0
6.059028E-1,3.655425E+0
6.062500E-1,3.655589E+0
6.065972E-1,3.655752E+0
6.069444E-1,3.655915E+0
6.072917E-1,3.656079E+0
6.076389E-1,3.656242E+0
6.079861E-1,3.656406E+0
6.083333E-1,3.656569E+0
6.086806E-1,3.656733E+0
6.090278E-1,3.656896E+0
6.093750E-1,3.657060E+0
6.097222E-1,3.657223E+0
6.100694E-1,3.657387E+0
6.104167E-1,3.657550E+0
6.107639E-1,3.657714E+0
6.111111E-1,3.657877E+0
6.114583E-1,3.658041E+0
6.118056E-1,3.658204E+0
6.121528E-1,3.658368E+0
6.125000E-1,3.658531E+0
6.128472E-1,3.658694E+0
6.131944E-1,3.658858E+0
6.135417E-1,3.659021E+0
6.138889E-1,3.659185E+0
6.142361E-1,3.659348E+0
6.145833E-1,3.659512E+0
6.149306E-1,3.659675E+0
6.152778E-1,3.659839E+0
6.156250E-1,3.660002E+0
6.159722E-1,3.660166E+0
6.163194E-1,3.660329E+0
6.166667E-1,3.660493E+0
6.170139E-1,3.660656E+0
6.173611E-1,3.660820E+0
6.177083E-1,3.660983E+0
6.180556E-1,3.661147E+0
6.184028E-1,3.661310E+0
6.187500E-1,3.661473E+0
6.190972E-1,3.661637E+0
6.194444E-1,3.661800E+0
6.197917E-1,3.661964E+0
6.201389E-1,3.662127E+0
6.204861E-1,3.662291E+0
6.208333E-1,3.662454E+0
6.211806E-1,3.662618E+0
6.215278E-1,3.662781E+0
6.218750E-1,3.662945E+0
6.222222E-1,3.663108E+0
6.225694E-1,3.663272E+0
6.229167E-1,3.663435E+0
6.232639E-1,3.663599E+0
6.236111E-1,3.663762E+0
6.239583E-1,3.663925E+0
6.243056E-1,3.664089E+0
6.246528E-1,3.664252E+0
6.250000E-1,3.664416E+0
6.253472E-1,3.664579E+0
6.256944E-1,3.664743E+0
6.260417E-1,3.664906E+0
6.263889E-1,3.665070E+0
6.267361E-1,3.665247E+0
6.270833E-1,3.665454E+0
6.274306E-1,3.665662E+0
6.277778E-1,3.665869E+0
6.281250E-1,3.666076E+0
6.284722E-1,3.666283E+0
6.288194E-1,3.666490E+0
6.291667E-1,3.666697E+0
6.295139E-1,3.666904E+0
6.298611E-1,3.667111E+0
6.302083E-1,3.667318E+0
6.305556E-1,3.667525E+0
6.309028E-1,3.667732E+0
6.312500E-1,3.667939E+0
6.315972E-1,3.668146E+0
6.319444E-1,3.668353E+0
6.322917E-1,3.668560E+0
6.326389E-1,3.668767E+0
6.329861E-1,3.668974E+0
6.333333E-1,3.669181E+0
6.336806E-1,3.669388E+0
6.340278E-1,3.669596E+0
6.343750E-1,3.669803E+0
6.347222E-1,3.670010E+0
6.350694E-1,3.670217E+0
6.354167E-1,3.670424E+0
6.357639E-1,3.670631E+0
6.361111E-1,3.670838E+0
6.364583E-1,3.671045E+0
6.368056E-1,3.671252E+0
6.371528E-1,3.671459E+0
6.375000E-1,3.671666E+0
6.378472E-1,3.671873E+0
6.381944E-1,3.672080E+0
6.385417E-1,3.672287E+0
6.388889E-1,3.672494E+0
6.392361E-1,3.672701E+0
6.395833E-1,3.672908E+0
6.399306E-1,3.673115E+0
6.402778E-1,3.673322E+0
6.406250E-1,3.673530E+0
6.409722E-1,3.673737E+0
6.413194E-1,3.673944E+0
6.416667E-1,3.674151E+0
6.420139E-1,3.674358E+0
6.423611E-1,3.674565E+0
6.427083E-1,3.674772E+0
6.430556E-1,3.674979E+0
6.434028E-1,3.675186E+0
6.437500E-1,3.675393E+0
6.440972E-1,3.675600E+0
6.444444E-1,3.675807E+0
6.447917E-1,3.676014E+0
6.451389E-1,3.676221E+0
6.454861E-1,3.676428E+0
6.458333E-1,3.676635E+0
6.461806E-1,3.676842E+0
6.465278E-1,3.677049E+0
6.468750E-1,3.677256E+0
6.472222E-1,3.677463E+0
6.475694E-1,3.677671E+0
6.479167E-1,3.677878E+0
6.482639E-1,3.678085E+0
6.486111E-1,3.678292E+0
6.489583E-1,3.678499E+0
6.493056E-1,3.678706E+0
6.496528E-1,3.678913E+0
6.500000E-1,3.679120E+0
6.503472E-1,3.679327E+0
6.506944E-1,3.679534E+0
6.510417E-1,3.679741E+0
6.513889E-1,3.679948E+0
6.517361E-1,3.680155E+0
6.520833E-1,3.680362E+0
6.524306E-1,3.680569E+0
6.527778E-1,3.680776E+0
6.531250E-1,3.680983E+0
6.534722E-1,3.681190E+0
6.538194E-1,3.681397E+0
6.541667E-1,3.681605E+0
6.545139E-1,3.681812E+0
6.548611E-1,3.682019E+0
6.552083E-1,3.682226E+0
6.555556E-1,3.682433E+0
6.559028E-1,3.682640E+0
6.562500E-1,3.682847E+0
6.565972E-1,3.683054E+0
6.569444E-1,3.683261E+0
6.572917E-1,3.683468E+0
6.576389E-1,3.683675E+0
6.579861E-1,3.683882E+0
6.583333E-1,3.684089E+0
6.586806E-1,3.684296E+0
6.590278E-1,3.684503E+0
6.593750E-1,3.684710E+0
6.597222E-1,3.684917E+0
6.600694E-1,3.685124E+0
6.604167E-1,3.685331E+0
6.607639E-1,3.685539E+0
6.611111E-1,3.685746E+0
6.614583E-1,3.685953E+0
6.618056E-1,3.686160E+0
6.621528E-1,3.686367E+0
6.625000E-1,3.686574E+0
6.628472E-1,3.686781E+0
6.631944E-1,3.686988E+0
6.635417E-1,3.687195E+0
6.638889E-1,3.687402E+0
6.642361E-1,3.687609E+0
6.645833E-1,3.687816E+0
6.649306E-1,3.688023E+0
6.652778E-1,3.688230E+0
6.656250E-1,3.688437E+0
6.659722E-1,3.688644E+0
6.663194E-1,3.688851E+0
6.666667E-1,3.689058E+0
6.670139E-1,3.689265E+0
6.673611E-1,3.689472E+0
6.677083E-1,3.689680E+0
6.680556E-1,3.689887E+0
6.684028E-1,3.690094E+0
6.687500E-1,3.690301E+0
6.690972E-1,3.690508E+0
6.694444E-1,3.690715E+0
6.697917E-1,3.690922E+0
6.701389E-1,3.691129E+0
6.704861E-1,3.691336E+0
6.708333E-1,3.691543E+0
6.711806E-1,3.691794E+0
6.715278E-1,3.692085E+0
6.718750E-1,3.692375E+0
6.722222E-1,3.692666E+0
6.725694E-1,3.692956E+0
6.729167E-1,3.693247E+0
6.732639E-1,3.693538E+0
6.736111E-1,3.693828E+0
6.739583E-1,3.694119E+0
6.743056E-1,3.694409E+0
6.746528E-1,3.694700E+0
6.750000E-1,3.694990E+0
6.753472E-1,3.695281E+0
6.756944E-1,3.695571E+0
6.760417E-1,3.695862E+0
6.763889E-1,3.696152E+0
6.767361E-1,3.696443E+0
6.770833E-1,3.696733E+0
6.774306E-1,3.697024E+0
6.777778E-1,3.697314E+0
6.781250E-1,3.697605E+0
6.784722E-1,3.697895E+0
6.788194E-1,3.698186E+0
6.791667E-1,3.698476E+0
6.795139E-1,3.698767E+0
6.798611E-1,3.699057E+0
6.802083E-1,3.699348E+0
6.805556E-1,3.699638E+0
6.809028E-1,3.699929E+0
6.812500E-1,3.700219E+0
6.815972E-1,3.700510E+0
6.819444E-1,3.700800E+0
6.822917E-1,3.701091E+0
6.826389E-1,3.701381E+0
6.829861E-1,3.701672E+0
6.833333E-1,3.701962E+0
6.836806E-1,3.702253E+0
6.840278E-1,3.702543E+0
6.843750E-1,3.702834E+0
6.847222E-1,3.703124E+0
6.850694E-1,3.703415E+0
6.854167E-1,3.703706E+0
6.857639E-1,3.703996E+0
6.861111E-1,3.704287E+0
6.864583E-1,3.704577E+0
6.868056E-1,3.704868E+0
6.871528E-1,3.705158E+0
6.875000E-1,3.705449E+0
6.878472E-1,3.705739E+0
6.881944E-1,3.706030E+0
6.885417E-1,3.706320E+0
6.888889E-1,3.706611E+0
6.892361E-1,3.706901E+0
6.895833E-1,3.707192E+0
6.899306E-1,3.707482E+0
6.902778E-1,3.707773E+0
6.906250E-1,3.708063E+0
6.909722E-1,3.708354E+0
6.913194E-1,3.708644E+0
6.916667E-1,3.708935E+0
6.920139E-1,3.709225E+0
6.923611E-1,3.709516E+0
6.927083E-1,3.709806E+0
6.930556E-1,3.710097E+0
6.934028E-1,3.710387E+0
6.937500E-1,3.710678E+0
6.940972E-1,3.710968E+0
6.944444E-1,3.711259E+0
6.947917E-1,3.711549E+0
6.951389E-1,3.711840E+0
6.954861E-1,3.712130E+0
6.958333E-1,3.712421E+0
6.961806E-1,3.712711E+0
6.965278E-1,3.713002E+0
6.968750E-1,3.713293E+0
6.972222E-1,3.713583E+0
6.975694E-1,3.713874E+0
6.979167E-1,3.714164E+0
6.982639E-1,3.714455E+0
6.986111E-1,3.714745E+0
6.989583E-1,3.715036E+0
6.993056E-1,3.715326E+0
6.996528E-1,3.715617E+0
7.000000E-1,3.715907E+0
7.003472E-1,3.716198E+0
7.006944E-1,3.716488E+0
7.010417E-1,3.716779E+0
7.013889E-1,3.717069E+0
7.017361E-1,3.717360E+0
7.020833E-1,3.717650E+0
7.024306E-1,3.717941E+0
7.027778E-1,3.718231E+0
7.031250E-1,3.718522E+0
7.034722E-1,3.718812E+0
7.038194E-1,3.719103E+0
7.041667E-1,3.719393E+0
7.045139E-1,3.719684E+0
7.048611E-1,3.719974E+0
7.052083E-1,3.720265E+0
7.055556E-1,3.720555E+0
7.059028E-1,3.720846E+0
7.062500E-1,3.721136E+0
7.065972E-1,3.721427E+0
7.069444E-1,3.721717E+0
7.072917E-1,3.722008E+0
7.076389E-1,3.722298E+0
7.079861E-1,3.722589E+0
7.083333E-1,3.722880E+0
7.086806E-1,3.723170E+0
7.090278E-1,3.723461E+0
7.093750E-1,3.723751E+0
7.097222E-1,3.724042E+0
7.100694E-1,3.724332E+0
7.104167E-1,3.724623E+0
7.107639E-1,3.724913E+0
7.111111E-1,3.725204E+0
7.114583E-1,3.725494E+0
7.118056E-1,3.725785E+0
7.121528E-1,3.726075E+0
7.125000E-1,3.726366E+0
7.128472E-1,3.726656E+0
7.131944E-1,3.726947E+0
7.135417E-1,3.727237E+0
7.138889E-1,3.727528E+0
7.142361E-1,3.727818E+0
7.145833E-1,3.728137E+0
7.149306E-1,3.728461E+0
7.152778E-1,3.728785E+0
7.156250E-1,3.729109E+0
7.159722E-1,3.729433E+0
7.163194E-1,3.729757E+0
7.166667E-1,3.730081E+0
7.170139E-1,3.730405E+0
7.173611E-1,3.730729E+0
7.177083E-1,3.731053E+0
7.180556E-1,3.731377E+0
7.184028E-1,3.731701E+0
7.187500E-1,3.732025E+0
7.190972E-1,3.732349E+0
7.194444E-1,3.732673E+0
7.197917E-1,3.732997E+0
7.201389E-1,3.733321E+0
7.204861E-1,3.733645E+0
7.208333E-1,3.733969E+0
7.211806E-1,3.734293E+0
7.215278E-1,3.734617E+0
7.218750E-1,3.734941E+0
7.222222E-1,3.735265E+0
7.225694E-1,3.735589E+0
7.229167E-1,3.735913E+0
7.232639E-1,3.736236E+0
7.236111E-1,3.736560E+0
7.239583E-1,3.736884E+0
7.243056E-1,3.737208E+0
7.246528E-1,3.737532E+0
7.250000E-1,3.737856E+0
7.253472E-1,3.738180E+0
7.256944E-1,3.738504E+0
7.260417E-1,3.738828E+0
7.263889E-1,3.739152E+0
7.267361E-1,3.739476E+0
7.270833E-1,3.739800E+0
7.274306E-1,3.740124E+0
7.277778E-1,3.740448E+0
7.281250E-1,3.740772E+0
7.284722E-1,3.741096E+0
7.288194E-1,3.741420E+0
7.291667E-1,3.741744E+0
7.295139E-1,3.742068E+0
7.298611E-1,3.742392E+0
7.302083E-1,3.742716E+0
7.305556E-1,3.743040E+0
7.309028E-1,3.743364E+0
7.312500E-1,3.743688E+0
7.315972E-1,3.744012E+0
7.319444E-1,3.744335E+0
7.322917E-1,3.744659E+0
7.326389E-1,3.744983E+0
7.329861E-1,3.745307E+0
7.333333E-1,3.745631E+0
7.336806E-1,3.745955E+0
7.340278E-1,3.746279E+0
7.343750E-1,3.746603E+0
7.347222E-1,3.746927E+0
7.350694E-1,3.747251E+0
7.354167E-1,3.747575E+0
7.357639E-1,3.747899E+0
7.361111E-1,3.748223E+0
7.364583E-1,3.748547E+0
7.368056E-1,3.748871E+0
7.371528E-1,3.749195E+0
7.375000E-1,3.749519E+0
7.378472E-1,3.749843E+0
7.381944E-1,3.750167E+0
7.385417E-1,3.750491E+0
7.388889E-1,3.750815E+0
7.392361E-1,3.751139E+0
7.395833E-1,3.751463E+0
7.399306E-1,3.751787E+0
7.402778E-1,3.752111E+0
7.406250E-1,3.752435E+0
7.409722E-1,3.752759E+0
7.413194E-1,3.753082E+0
7.416667E-1,3.753406E+0
7.420139E-1,3.753730E+0
7.423611E-1,3.754054E+0
7.427083E-1,3.754378E+0
7.430556E-1,3.754702E+0
7.434028E-1,3.755026E+0
7.437500E-1,3.755350E+0
7.440972E-1,3.755674E+0
7.444444E-1,3.755998E+0
7.447917E-1,3.756322E+0
7.451389E-1,3.756646E+0
7.454861E-1,3.756970E+0
7.458333E-1,3.757294E+0
7.461806E-1,3.757618E+0
7.465278E-1,3.757942E+0
7.468750E-1,3.758266E+0
7.472222E-1,3.758590E+0
7.475694E-1,3.758914E+0
7.479167E-1,3.759238E+0
7.482639E-1,3.759562E+0
7.486111E-1,3.759886E+0
7.489583E-1,3.760210E+0
7.493056E-1,3.760534E+0
7.496528E-1,3.760858E+0
7.500000E-1,3.761182E+0
7.503472E-1,3.761505E+0
7.506944E-1,3.761829E+0
7.510417E-1,3.762153E+0
7.513889E-1,3.762477E+0
7.517361E-1,3.762801E+0
7.520833E-1,3.763125E+0
7.524306E-1,3.763449E+0
7.527778E-1,3.763773E+0
7.531250E-1,3.764097E+0
7.534722E-1,3.764421E+0
7.538194E-1,3.764745E+0
7.541667E-1,3.765069E+0
7.545139E-1,3.765393E+0
7.548611E-1,3.765717E+0
7.552083E-1,3.766041E+0
7.555556E-1,3.766365E+0
7.559028E-1,3.766689E+0
7.562500E-1,3.767013E+0
7.565972E-1,3.767337E+0
7.569444E-1,3.767661E+0
7.572917E-1,3.767985E+0
7.576389E-1,3.768325E+0
7.579861E-1,3.768738E+0
7.583333E-1,3.769151E+0
7.586806E-1,3.769565E+0
7.590278E-1,3.769978E+0
7.593750E-1,3.770391E+0
7.597222E-1,3.770805E+0
7.600694E-1,3.771218E+0
7.604167E-1,3.771631E+0
7.607639E-1,3.772045E+0
7.611111E-1,3.772458E+0
7.614583E-1,3.772871E+0
7.618056E-1,3.773285E+0
7.621528E-1,3.773698E+0
7.625000E-1,3.774111E+0
7.628472E-1,3.774525E+0
7.631944E-1,3.774938E+0
7.635417E-1,3.775351E+0
7.638889E-1,3.775765E+0
7.642361E-1,3.776178E+0
7.645833E-1,3.776591E+0
7.649306E-1,3.777004E+0
7.652778E-1,3.777418E+0
7.656250E-1,3.777831E+0
7.659722E-1,3.778244E+0
7.663194E-1,3.778658E+0
7.666667E-1,3.779071E+0
7.670139E-1,3.779484E+0
7.673611E-1,3.779898E+0
7.677083E-1,3.780311E+0
7.680556E-1,3.780724E+0
7.684028E-1,3.781138E+0
7.687500E-1,3.781551E+0
7.690972E-1,3.781964E+0
7.694444E-1,3.782378E+0
7.697917E-1,3.782791E+0
7.701389E-1,3.783204E+0
7.704861E-1,3.783617E+0
7.708333E-1,3.784031E+0
7.711806E-1,3.784444E+0
7.715278E-1,3.784857E+0
7.718750E-1,3.785271E+0
7.722222E-1,3.785684E+0
7.725694E-1,3.786097E+0
7.729167E-1,3.786511E+0
7.732639E-1,3.786924E+0
7.736111E-1,3.787337E+0
7.739583E-1,3.787751E+0
7.743056E-1,3.788164E+0
7.746528E-1,3.788577E+0
7.750000E-1,3.788991E+0
7.753472E-1,3.789404E+0
7.756944E-1,3.789817E+0
7.760417E-1,3.790231E+0
7.763889E-1,3.790644E+0
7.767361E-1,3.791057E+0
7.770833E-1,3.791470E+0
7.774306E-1,3.791884E+0
7.777778E-1,3.792297E+0
7.781250E-1,3.792710E+0
7.784722E-1,3.793124E+0
7.788194E-1,3.793537E+0
7.791667E-1,3.793950E+0
7.795139E-1,3.794364E+0
7.798611E-1,3.794777E+0
7.802083E-1,3.795190E+0
7.805556E-1,3.795604E+0
7.809028E-1,3.796017E+0
7.812500E-1,3.796430E+0
7.815972E-1,3.796844E+0
7.819444E-1,3.797257E+0
7.822917E-1,3.797670E+0
7.826389E-1,3.798083E+0
7.829861E-1,3.798497E+0
7.833333E-1,3.798910E+0
7.836806E-1,3.799323E+0
7.840278E-1,3.799737E+0
7.843750E-1,3.800150E+0
7.847222E-1,3.800563E+0
7.850694E-1,3.800977E+0
7.854167E-1,3.801390E+0
7.857639E-1,3.801803E+0
7.861111E-1,3.802217E+0
7.864583E-1,3.802630E+0
7.868056E-1,3.803043E+0
7.871528E-1,3.803457E+0
7.875000E-1,3.803870E+0
7.878472E-1,3.804283E+0
7.881944E-1,3.804696E+0
7.885417E-1,3.805110E+0
7.888889E-1,3.805523E+0
7.892361E-1,3.805936E+0
7.895833E-1,3.806350E+0
7.899306E-1,3.806763E+0
7.902778E-1,3.807176E+0
7.906250E-1,3.807590E+0
7.909722E-1,3.808003E+0
7.913194E-1,3.808416E+0
7.916667E-1,3.808830E+0
7.920139E-1,3.809243E+0
7.923611E-1,3.809656E+0
7.927083E-1,3.810070E+0
7.930556E-1,3.810483E+0
7.934028E-1,3.810896E+0
7.937500E-1,3.811310E+0
7.940972E-1,3.811723E+0
7.944444E-1,3.812136E+0
7.947917E-1,3.812549E+0
7.951389E-1,3.812963E+0
7.954861E-1,3.813376E+0
7.958333E-1,3.813789E+0
7.961806E-1,3.814203E+0
7.965278E-1,3.814616E+0
7.968750E-1,3.815029E+0
7.972222E-1,3.815443E+0
7.975694E-1,3.815856E+0
7.979167E-1,3.816269E+0
7.982639E-1,3.816683E+0
7.986111E-1,3.817096E+0
7.989583E-1,3.817509E+0
7.993056E-1,3.817923E+0
7.996528E-1,3.818336E+0
8.000000E-1,3.818749E+0
8.003472E-1,3.819162E+0
8.006944E-1,3.819576E+0
8.010417E-1,3.820033E+0
8.013889E-1,3.820533E+0
8.017361E-1,3.821033E+0
8.020833E-1,3.821533E+0
8.024306E-1,3.822033E+0
8.027778E-1,3.822533E+0
8.031250E-1,3.823033E+0
8.034722E-1,3.823533E+0
8.038194E-1,3.824033E+0
8.041667E-1,3.824533E+0
8.045139E-1,3.825033E+0
8.048611E-1,3.825534E+0
8.052083E-1,3.826034E+0
8.055556E-1,3.826534E+0
8.059028E-1,3.827034E+0
8.062500E-1,3.827534E+0
8.065972E-1,3.828034E+0
8.069444E-1,3.828534E+0
8.072917E-1,3.829034E+0
8.076389E-1,3.829534E+0
8.079861E-1,3.830034E+0
8.083333E-1,3.830534E+0
8.086806E-1,3.831034E+0
8.090278E-1,3.831534E+0
8.093750E-1,3.832034E+0
8.097222E-1,3.832534E+0
8.100694E-1,3.833034E+0
8.104167E-1,3.833534E+0
8.107639E-1,3.834034E+0
8.111111E-1,3.834534E+0
8.114583E-1,3.835034E+0
8.118056E-1,3.835534E+0
8.121528E-1,3.836035E+0
8.125000E-1,3.836535E+0
8.128472E-1,3.837035E+0
8.131944E-1,3.837535E+0
8.135417E-1,3.838035E+0
8.138889E-1,3.838535E+0
8.142361E-1,3.839035E+0
8.145833E-1,3.839535E+0
8.149306E-1,3.840035E+0
8.152778E-1,3.840535E+0
8.156250E-1,3.841035E+0
8.159722E-1,3.841535E+0
8.163194E-1,3.842035E+0
8.166667E-1,3.842535E+0
8.170139E-1,3.843035E+0
8.173611E-1,3.843535E+0
8.177083E-1,3.844035E+0
8.180556E-1,3.844535E+0
8.184028E-1,3.845035E+0
8.187500E-1,3.845535E+0
8.190972E-1,3.846035E+0
8.194444E-1,3.846536E+0
8.197917E-1,3.847036E+0
8.201389E-1,3.847536E+0
8.204861E-1,3.848036E+0
8.208333E-1,3.848536E+0
8.211806E-1,3.849036E+0
8.215278E-1,3.849536E+0
8.218750E-1,3.850036E+0
8.222222E-1,3.850536E+0
8.225694E-1,3.851036E+0
8.229167E-1,3.851536E+0
8.232639E-1,3.852036E+0
8.236111E-1,3.852536E+0
8.239583E-1,3.853036E+0
8.243056E-1,3.853536E+0
8.246528E-1,3.854036E+0
8.250000E-1,3.854536E+0
8.253472E-1,3.855036E+0
8.256944E-1,3.855536E+0
8.260417E-1,3.856036E+0
8.263889E-1,3.856536E+0
8.267361E-1,3.857037E+0
8.270833E-1,3.857537E+0
8.274306E-1,3.858037E+0
8.277778E-1,3.858537E+0
8.281250E-1,3.859037E+0
8.284722E-1,3.859537E+0
8.288194E-1,3.860037E+0
8.291667E-1,3.860537E+0
8.295139E-1,3.861037E+0
8.298611E-1,3.861537E+0
8.302083E-1,3.862037E+0
8.305556E-1,3.862537E+0
8.309028E-1,3.863037E+0
8.312500E-1,3.863537E+0
8.315972E-1,3.864037E+0
8.319444E-1,3.864537E+0
8.322917E-1,3.865037E+0
8.326389E-1,3.865537E+0
8.329861E-1,3.866037E+0
8.333333E-1,3.866537E+0
8.336806E-1,3.867037E+0
8.340278E-1,3.867538E+0
8.343750E-1,3.868038E+0
8.347222E-1,3.868538E+0
8.350694E-1,3.869038E+0
8.354167E-1,3.869538E+0
8.357639E-1,3.870038E+0
8.361111E-1,3.870538E+0
8.364583E-1,3.871038E+0
8.368056E-1,3.871538E+0
8.371528E-1,3.872038E+0
8.375000E-1,3.872538E+0
8.378472E-1,3.873038E+0
8.381944E-1,3.873538E+0
8.385417E-1,3.874038E+0
8.388889E-1,3.874538E+0
8.392361E-1,3.875038E+0
8.395833E-1,3.875538E+0
8.399306E-1,3.876038E+0
8.402778E-1,3.876538E+0
8.406250E-1,3.877038E+0
8.409722E-1,3.877538E+0
8.413194E-1,3.878039E+0
8.416667E-1,3.878539E+0
8.420139E-1,3.879039E+0
8.423611E-1,3.879539E+0
8.427083E-1,3.880039E+0
8.430556E-1,3.880539E+0
8.434028E-1,3.881039E+0
8.437500E-1,3.881539E+0
8.440972E-1,3.882039E+0
8.444444E-1,3.882539E+0
8.447917E-1,3.883039E+0
8.451389E-1,3.883539E+0
8.454861E-1,3.884039E+0
8.458333E-1,3.884539E+0
8.461806E-1,3.885039E+0
8.465278E-1,3.885557E+0
8.468750E-1,3.886086E+0
8.472222E-1,3.886615E+0
8.475694E-1,3.887144E+0
8.479167E-1,3.887673E+0
8.482639E-1,3.888202E+0
8.486111E-1,3.888731E+0
8.489583E-1,3.889260E+0
8.493056E-1,3.889790E+0
8.496528E-1,3.890319E+0
8.500000E-1,3.890848E+0
8.503472E-1,3.891377E+0
8.506944E-1,3.891906E+0
8.510417E-1,3.892435E+0
8.513889E-1,3.892964E+0
8.517361E-1,3.893493E+0
8.520833E-1,3.894022E+0
8.524306E-1,3.894552E+0
8.527778E-1,3.895081E+0
8.531250E-1,3.895610E+0
8.534722E-1,3.896139E+0
8.538194E-1,3.896668E+0
8.541667E-1,3.897197E+0
8.545139E-1,3.897726E+0
8.548611E-1,3.898255E+0
8.552083E-1,3.898785E+0
8.555556E-1,3.899314E+0
8.559028E-1,3.899843E+0
8.562500E-1,3.900372E+0
8.565972E-1,3.900901E+0
8.569444E-1,3.901430E+0
8.572917E-1,3.901959E+0
8.576389E-1,3.902488E+0
8.579861E-1,3.903017E+0
8.583333E-1,3.903547E+0
8.586806E-1,3.904076E+0
8.590278E-1,3.904605E+0
8.593750E-1,3.905134E+0
8.597222E-1,3.905663E+0
8.600694E-1,3.906192E+0
8.604167E-1,3.906721E+0
8.607639E-1,3.907250E+0
8.611111E-1,3.907779E+0
8.614583E-1,3.908309E+0
8.618056E-1,3.908838E+0
8.621528E-1,3.909367E+0
8.625000E-1,3.909896E+0
8.628472E-1,3.910425E+0
8.631944E-1,3.910954E+0
8.635417E-1,3.911483E+0
8.638889E-1,3.912012E+0
8.642361E-1,3.912542E+0
8.645833E-1,3.913071E+0
8.649306E-1,3.913600E+0
8.652778E-1,3.914129E+0
8.656250E-1,3.914658E+0
8.659722E-1,3.915187E+0
8.663194E-1,3.915716E+0
8.666667E-1,3.916245E+0
8.670139E-1,3.916774E+0
8.673611E-1,3.917304E+0
8.677083E-1,3.917833E+0
8.680556E-1,3.918362E+0
8.684028E-1,3.918891E+0
8.687500E-1,3.919420E+0
8.690972E-1,3.919949E+0
8.694444E-1,3.920478E+0
8.697917E-1,3.921007E+0
8.701389E-1,3.921536E+0
8.704861E-1,3.922066E+0
8.708333E-1,3.922595E+0
8.711806E-1,3.923124E+0
8.715278E-1,3.923653E+0
8.718750E-1,3.924182E+0
8.722222E-1,3.924711E+0
8.725694E-1,3.925240E+0
8.729167E-1,3.925769E+0
8.732639E-1,3.926299E+0
8.736111E-1,3.926828E+0
8.739583E-1,3.927357E+0
8.743056E-1,3.927886E+0
8.746528E-1,3.928415E+0
8.750000E-1,3.928944E+0
8.753472E-1,3.929473E+0
8.756944E-1,3.930002E+0
8.760417E-1,3.930531E+0
8.763889E-1,3.931061E+0
8.767361E-1,3.931590E+0
8.770833E-1,3.932119E+0
8.774306E-1,3.932648E+0
8.777778E-1,3.933177E+0
8.781250E-1,3.933706E+0
8.784722E-1,3.934235E+0
8.788194E-1,3.934764E+0
8.791667E-1,3.935294E+0
8.795139E-1,3.935823E+0
8.798611E-1,3.936352E+0
8.802083E-1,3.936881E+0
8.805556E-1,3.937410E+0
8.809028E-1,3.937939E+0
8.812500E-1,3.938468E+0
8.815972E-1,3.938997E+0
8.819444E-1,3.939526E+0
8.822917E-1,3.940056E+0
8.826389E-1,3.940585E+0
8.829861E-1,3.941114E+0
8.833333E-1,3.941643E+0
8.836806E-1,3.942172E+0
8.840278E-1,3.942701E+0
8.843750E-1,3.943230E+0
8.847222E-1,3.943759E+0
8.850694E-1,3.944288E+0
8.854167E-1,3.944818E+0
8.857639E-1,3.945347E+0
8.861111E-1,3.945876E+0
8.864583E-1,3.946405E+0
8.868056E-1,3.946934E+0
8.871528E-1,3.947463E+0
8.875000E-1,3.947981E+0
8.878472E-1,3.948439E+0
8.881944E-1,3.948896E+0
8.885417E-1,3.949354E+0
8.888889E-1,3.949811E+0
8.892361E-1,3.950269E+0
8.895833E-1,3.950726E+0
8.899306E-1,3.951184E+0
8.902778E-1,3.951641E+0
8.906250E-1,3.952099E+0
8.909722E-1,3.952556E+0
8.913194E-1,3.953014E+0
8.916667E-1,3.953471E+0
8.920139E-1,3.953929E+0
8.923611E-1,3.954386E+0
8.927083E-1,3.954844E+0
8.930556E-1,3.955301E+0
8.934028E-1,3.955759E+0
8.937500E-1,3.956216E+0
8.940972E-1,3.956674E+0
8.944444E-1,3.957131E+0
8.947917E-1,3.957589E+0
8.951389E-1,3.958046E+0
8.954861E-1,3.958504E+0
8.958333E-1,3.958961E+0
8.961806E-1,3.959419E+0
8.965278E-1,3.959876E+0
8.968750E-1,3.960334E+0
8.972222E-1,3.960791E+0
8.975694E-1,3.961249E+0
8.979167E-1,3.961706E+0
8.982639E-1,3.962164E+0
8.986111E-1,3.962621E+0
8.989583E-1,3.963079E+0
8.993056E-1,3.963536E+0
8.996528E-1,3.963994E+0
9.000000E-1,3.964451E+0
9.003472E-1,3.964909E+0
9.006944E-1,3.965366E+0
9.010417E-1,3.965824E+0
9.013889E-1,3.966281E+0
9.017361E-1,3.966739E+0
9.020833E-1,3.967196E+0
9.024306E-1,3.967654E+0
9.027778E-1,3.968111E+0
9.031250E-1,3.968569E+0
9.034722E-1,3.969026E+0
9.038194E-1,3.969484E+0
9.041667E-1,3.969941E+0
9.045139E-1,3.970399E+0
9.048611E-1,3.970856E+0
9.052083E-1,3.971314E+0
9.055556E-1,3.971771E+0
9.059028E-1,3.972229E+0
9.062500E-1,3.972686E+0
9.065972E-1,3.973144E+0
9.069444E-1,3.973601E+0
9.072917E-1,3.974059E+0
9.076389E-1,3.974516E+0
9.079861E-1,3.974974E+0
9.083333E-1,3.975431E+0
9.086806E-1,3.975889E+0
9.090278E-1,3.976346E+0
9.093750E-1,3.976804E+0
9.097222E-1,3.977261E+0
9.100694E-1,3.977719E+0
9.104167E-1,3.978176E+0
9.107639E-1,3.978634E+0
9.111111E-1,3.979091E+0
9.114583E-1,3.979549E+0
9.118056E-1,3.980006E+0
9.121528E-1,3.980464E+0
9.125000E-1,3.980921E+0
9.128472E-1,3.981379E+0
9.131944E-1,3.981836E+0
9.135417E-1,3.982294E+0
9.138889E-1,3.982751E+0
9.142361E-1,3.983209E+0
9.145833E-1,3.983666E+0
9.149306E-1,3.984124E+0
9.152778E-1,3.984581E+0
9.156250E-1,3.985039E+0
9.159722E-1,3.985496E+0
9.163194E-1,3.985954E+0
9.166667E-1,3.986411E+0
9.170139E-1,3.986869E+0
9.173611E-1,3.987326E+0
9.177083E-1,3.987784E+0
9.180556E-1,3.988241E+0
9.184028E-1,3.988699E+0
9.187500E-1,3.989156E+0
9.190972E-1,3.989614E+0
9.194444E-1,3.990071E+0
9.197917E-1,3.990529E+0
9.201389E-1,3.990986E+0
9.204861E-1,3.991444E+0
9.208333E-1,3.991901E+0
9.211806E-1,3.992359E+0
9.215278E-1,3.992816E+0
9.218750E-1,3.993274E+0
9.222222E-1,3.993731E+0
9.225694E-1,3.994188E+0
9.229167E-1,3.994646E+0
9.232639E-1,3.995104E+0
9.236111E-1,3.995561E+0
9.239583E-1,3.996018E+0
9.243056E-1,3.996476E+0
9.246528E-1,3.996933E+0
9.250000E-1,3.997391E+0
9.253472E-1,3.997848E+0
9.256944E-1,3.998306E+0
9.260417E-1,3.998763E+0
9.263889E-1,3.999221E+0
9.267361E-1,3.999678E+0
9.270833E-1,4.000136E+0
9.274306E-1,4.000593E+0
9.277778E-1,4.001051E+0
9.281250E-1,4.001508E+0
9.284722E-1,4.001966E+0
9.288194E-1,4.002423E+0
9.291667E-1,4.002881E+0
9.295139E-1,4.003338E+0
9.298611E-1,4.003796E+0
9.302083E-1,4.004253E+0
9.305556E-1,4.004711E+0
9.309028E-1,4.005168E+0
9.312500E-1,4.005626E+0
9.315972E-1,4.006083E+0
9.319444E-1,4.006541E+0
9.322917E-1,4.006998E+0
9.326389E-1,4.007456E+0
9.329861E-1,4.007932E+0
9.333333E-1,4.008466E+0
9.336806E-1,4.009000E+0
9.340278E-1,4.009534E+0
9.343750E-1,4.010068E+0
9.347222E-1,4.010602E+0
9.350694E-1,4.011136E+0
9.354167E-1,4.011670E+0
9.357639E-1,4.012204E+0
9.361111E-1,4.012738E+0
9.364583E-1,4.013272E+0
9.368056E-1,4.013806E+0
9.371528E-1,4.014340E+0
9.375000E-1,4.014874E+0
9.378472E-1,4.015408E+0
9.381944E-1,4.015942E+0
9.385417E-1,4.016476E+0
9.388889E-1,4.017010E+0
9.392361E-1,4.017544E+0
9.395833E-1,4.018078E+0
9.399306E-1,4.018612E+0
9.402778E-1,4.019146E+0
9.406250E-1,4.019680E+0
9.409722E-1,4.020214E+0
9.413194E-1,4.020748E+0
9.416667E-1,4.021282E+0
9.420139E-1,4.021816E+0
9.423611E-1,4.022350E+0
9.427083E-1,4.022884E+0
9.430556E-1,4.023418E+0
9.434028E-1,4.023952E+0
9.437500E-1,4.024486E+0
9.440972E-1,4.025020E+0
9.444444E-1,4.025554E+0
9.447917E-1,4.026088E+0
9.451389E-1,4.026622E+0
9.454861E-1,4.027156E+0
9.458333E-1,4.027690E+0
9.461806E-1,4.028224E+0
9.465278E-1,4.028758E+0
9.468750E-1,4.029292E+0
9.472222E-1,4.029826E+0
9.475694E-1,4.030360E+0
9.479167E-1,4.030894E+0
9.482639E-1,4.031428E+0
9.486111E-1,4.031962E+0
9.489583E-1,4.032496E+0
9.493056E-1,4.033030E+0
9.496528E-1,4.033564E+0
9.500000E-1,4.034098E+0
9.503472E-1,4.034632E+0
9.506944E-1,4.035166E+0
9.510417E-1,4.035700E+0
9.513889E-1,4.036234E+0
9.517361E-1,4.036768E+0
9.520833E-1,4.037302E+0
9.524306E-1,4.037836E+0
9.527778E-1,4.038369E+0
9.531250E-1,4.038903E+0
9.534722E-1,4.039437E+0
9.538194E-1,4.039971E+0
9.541667E-1,4.040505E+0
9.545139E-1,4.041039E+0
9.548611E-1,4.041573E+0
9.552083E-1,4.042107E+0
9.555556E-1,4.042641E+0
9.559028E-1,4.043175E+0
9.562500E-1,4.043709E+0
9.565972E-1,4.044243E+0
9.569444E-1,4.044777E+0
9.572917E-1,4.045311E+0
9.576389E-1,4.045845E+0
9.579861E-1,4.046379E+0
9.583333E-1,4.046913E+0
9.586806E-1,4.047447E+0
9.590278E-1,4.047981E+0
9.593750E-1,4.048515E+0
9.597222E-1,4.049049E+0
9.600694E-1,4.049583E+0
9.604167E-1,4.050117E+0
9.607639E-1,4.050651E+0
9.611111E-1,4.051185E+0
9.614583E-1,4.051719E+0
9.618056E-1,4.052253E+0
9.621528E-1,4.052787E+0
9.625000E-1,4.053321E+0
9.628472E-1,4.053855E+0
9.631944E-1,4.054389E+0
9.635417E-1,4.054923E+0
9.638889E-1,4.055457E+0
9.642361E-1,4.055991E+0
9.645833E-1,4.056525E+0
9.649306E-1,4.057059E+0
9.652778E-1,4.057593E+0
9.656250E-1,4.058127E+0
9.659722E-1,4.058661E+0
9.663194E-1,4.059195E+0
9.666667E-1,4.059729E+0
9.670139E-1,4.060263E+0
9.673611E-1,4.060797E+0
9.677083E-1,4.061331E+0
9.680556E-1,4.061865E+0
9.684028E-1,4.062399E+0
9.687500E-1,4.062933E+0
9.690972E-1,4.063467E+0
9.694444E-1,4.064001E+0
9.697917E-1,4.064535E+0
9.701389E-1,4.065069E+0
9.704861E-1,4.065603E+0
9.708333E-1,4.066137E+0
9.711806E-1,4.066671E+0
9.715278E-1,4.067205E+0
9.718750E-1,4.067739E+0
9.722222E-1,4.068273E+0
9.725694E-1,4.068807E+0
9.729167E-1,4.069341E+0
9.732639E-1,4.069875E+0
9.736111E-1,4.070408E+0
9.739583E-1,4.070942E+0
9.743056E-1,4.071476E+0
9.746528E-1,4.072010E+0
9.750000E-1,4.072544E+0
9.753472E-1,4.073078E+0
9.756944E-1,4.073612E+0
9.760417E-1,4.074146E+0
9.763889E-1,4.074680E+0
9.767361E-1,4.075214E+0
9.770833E-1,4.075748E+0
9.774306E-1,4.076330E+0
9.777778E-1,4.076968E+0
9.781250E-1,4.077607E+0
9.784722E-1,4.078245E+0
9.788194E-1,4.078884E+0
9.791667E-1,4.079522E+0
9.795139E-1,4.080161E+0
9.798611E-1,4.080799E+0
9.802083E-1,4.081437E+0
9.805556E-1,4.082076E+0
9.809028E-1,4.082714E+0
9.812500E-1,4.083353E+0
9.815972E-1,4.083991E+0
9.819444E-1,4.084630E+0
9.822917E-1,4.085268E+0
9.826389E-1,4.085907E+0
9.829861E-1,4.086545E+0
9.833333E-1,4.087184E+0
9.836806E-1,4.087822E+0
9.840278E-1,4.088461E+0
9.843750E-1,4.089099E+0
9.847222E-1,4.089737E+0
9.850694E-1,4.090376E+0
9.854167E-1,4.091014E+0
9.857639E-1,4.091653E+0
9.861111E-1,4.092291E+0
9.864583E-1,4.092930E+0
9.868056E-1,4.093568E+0
9.871528E-1,4.094207E+0
9.875000E-1,4.094845E+0
9.878472E-1,4.095484E+0
9.881944E-1,4.096122E+0
9.885417E-1,4.096761E+0
9.888889E-1,4.097399E+0
9.892361E-1,4.098038E+0
9.895833E-1,4.098676E+0
9.899306E-1,4.099314E+0
9.902778E-1,4.099953E+0
9.906250E-1,4.100591E+0
9.909722E-1,4.101230E+0
9.913194E-1,4.101868E+0
9.916667E-1,4.102507E+0
9.920139E-1,4.103145E+0
9.923611E-1,4.103784E+0
9.927083E-1,4.104422E+0
9.930556E-1,4.105061E+0
9.934028E-1,4.105699E+0
9.937500E-1,4.106338E+0
9.940972E-1,4.106976E+0
9.944444E-1,4.107615E+0
9.947917E-1,4.108253E+0
9.951389E-1,4.108891E+0
9.954861E-1,4.109530E+0
9.958333E-1,4.110168E+0
9.961806E-1,4.110807E+0
9.965278E-1,4.111445E+0
9.968750E-1,4.112084E+0
9.972222E-1,4.112722E+0
9.975694E-1,4.113361E+0
9.979167E-1,4.113999E+0
9.982639E-1,4.114638E+0
9.986111E-1,4.115276E+0
9.989583E-1,4.115915E+0
9.993056E-1,4.116553E+0
9.996528E-1,4.117192E+0
