7.139351E-14,1.886603E-3
3.472222E-4,1.884048E-3
6.944444E-4,1.881493E-3
1.041667E-3,1.878938E-3
1.388889E-3,1.876383E-3
1.736111E-3,1.873828E-3
2.083333E-3,1.871274E-3
2.430556E-3,1.868719E-3
2.777778E-3,1.866164E-3
3.125000E-3,1.863609E-3
3.472222E-3,1.861054E-3
3.819444E-3,1.858499E-3
4.166667E-3,1.855944E-3
4.513889E-3,1.853389E-3
4.861111E-3,1.850835E-3
5.208333E-3,1.848280E-3
5.555556E-3,1.845725E-3
5.902778E-3,1.843170E-3
6.250000E-3,1.840615E-3
6.597222E-3,1.838060E-3
6.944444E-3,1.835505E-3
7.291667E-3,1.832950E-3
7.638889E-3,1.830395E-3
7.986111E-3,1.827841E-3
8.333333E-3,1.825286E-3
8.680556E-3,1.822731E-3
9.027778E-3,1.820176E-3
9.375000E-3,1.817621E-3
9.722222E-3,1.815066E-3
1.006944E-2,1.812511E-3
1.041667E-2,1.809956E-3
1.076389E-2,1.807401E-3
1.111111E-2,1.804847E-3
1.145833E-2,1.802292E-3
1.180556E-2,1.799737E-3
1.215278E-2,1.797182E-3
1.250000E-2,1.794627E-3
1.284722E-2,1.792072E-3
1.319444E-2,1.789517E-3
1.354167E-2,1.786962E-3
1.388889E-2,1.784408E-3
1.423611E-2,1.781853E-3
1.458333E-2,1.779298E-3
1.493056E-2,1.776743E-3
1.527778E-2,1.774188E-3
1.562500E-2,1.771633E-3
1.597222E-2,1.769078E-3
1.631944E-2,1.766523E-3
1.666667E-2,1.763968E-3
1.701389E-2,1.761414E-3
1.736111E-2,1.758859E-3
1.770833E-2,1.756304E-3
1.805556E-2,1.753749E-3
1.840278E-2,1.751194E-3
1.875000E-2,1.748639E-3
1.909722E-2,1.746084E-3
1.944444E-2,1.743529E-3
1.979167E-2,1.740974E-3
2.013889E-2,1.738420E-3
2.048611E-2,1.735865E-3
2.083333E-2,1.733310E-3
2.118056E-2,1.730755E-3
2.152778E-2,1.728200E-3
2.187500E-2,1.725645E-3
2.222222E-2,1.723090E-3
2.256944E-2,1.720535E-3
2.291667E-2,1.717981E-3
2.326389E-2,1.715426E-3
2.361111E-2,1.712871E-3
2.395833E-2,1.710316E-3
2.430556E-2,1.707761E-3
2.465278E-2,1.705206E-3
2.500000E-2,1.702651E-3
2.534722E-2,1.700096E-3
2.569444E-2,1.697541E-3
2.604167E-2,1.694987E-3
2.638889E-2,1.692432E-3
2.673611E-2,1.689877E-3
2.708333E-2,1.687322E-3
2.743056E-2,1.684767E-3
2.777778E-2,1.682212E-3
2.812500E-2,1.679657E-3
2.847222E-2,1.677102E-3
2.881944E-2,1.674547E-3
2.916667E-2,1.671993E-3
2.951389E-2,1.669438E-3
2.986111E-2,1.666883E-3
3.020833E-2,1.664328E-3
3.055556E-2,1.661773E-3
3.090278E-2,1.659218E-3
3.125000E-2,1.656663E-3
3.159722E-2,1.654108E-3
3.194444E-2,1.651553E-3
3.229167E-2,1.648999E-3
3.263889E-2,1.646444E-3
3.298611E-2,1.643889E-3
3.333333E-2,1.641334E-3
3.368056E-2,1.638779E-3
3.402778E-2,1.636224E-3
3.437500E-2,1.633669E-3
3.472222E-2,1.631114E-3
3.506944E-2,1.628560E-3
3.541667E-2,1.626005E-3
3.576389E-2,1.623450E-3
3.611111E-2,1.620895E-3
3.645833E-2,1.618340E-3
3.680556E-2,1.615785E-3
3.715278E-2,1.613230E-3
3.750000E-2,1.610675E-3
3.784722E-2,1.608120E-3
3.819444E-2,1.605566E-3
3.854167E-2,1.603011E-3
3.888889E-2,1.600456E-3
3.923611E-2,1.597901E-3
3.958333E-2,1.595346E-3
3.993056E-2,1.592791E-3
4.027778E-2,1.590236E-3
4.062500E-2,1.587681E-3
4.097222E-2,1.585126E-3
4.131944E-2,1.582572E-3
4.166667E-2,1.580017E-3
4.201389E-2,1.577462E-3
4.236111E-2,1.574907E-3
4.270833E-2,1.572352E-3
4.305556E-2,1.569797E-3
4.340278E-2,1.567242E-3
4.375000E-2,1.564687E-3
4.409722E-2,1.562133E-3
4.444444E-2,1.559578E-3
4.479167E-2,1.557023E-3
4.513889E-2,1.554468E-3
4.548611E-2,1.551913E-3
4.583333E-2,1.549358E-3
4.618056E-2,1.546803E-3
4.652778E-2,1.544248E-3
4.687500E-2,1.541693E-3
4.722222E-2,1.539139E-3
4.756944E-2,1.536584E-3
4.791667E-2,1.534029E-3
4.826389E-2,1.531474E-3
4.861111E-2,1.528919E-3
4.895833E-2,1.526364E-3
4.930556E-2,1.523809E-3
4.965278E-2,1.521254E-3
5.000000E-2,1.518699E-3
5.034722E-2,1.516145E-3
5.069444E-2,1.513590E-3
5.104167E-2,1.511035E-3
5.138889E-2,1.508480E-3
5.173611E-2,1.505925E-3
5.208333E-2,1.503370E-3
5.243056E-2,1.500815E-3
5.277778E-2,1.498260E-3
5.312500E-2,1.495705E-3
5.347222E-2,1.493151E-3
5.381944E-2,1.490596E-3
5.416667E-2,1.488041E-3
5.451389E-2,1.485486E-3
5.486111E-2,1.482931E-3
5.520833E-2,1.480376E-3
5.555556E-2,1.477821E-3
5.590278E-2,1.475266E-3
5.625000E-2,1.472712E-3
5.659722E-2,1.470157E-3
5.694444E-2,1.467602E-3
5.729167E-2,1.465047E-3
5.763889E-2,1.462492E-3
5.798611E-2,1.459937E-3
5.833333E-2,1.457382E-3
5.868056E-2,1.454827E-3
5.902778E-2,1.452272E-3
5.937500E-2,1.449718E-3
5.972222E-2,1.447163E-3
6.006944E-2,1.444608E-3
6.041667E-2,1.442053E-3
6.076389E-2,1.439498E-3
6.111111E-2,1.436943E-3
6.145833E-2,1.434388E-3
6.180556E-2,1.431833E-3
6.215278E-2,1.429278E-3
6.250000E-2,1.426724E-3
6.284722E-2,1.424169E-3
6.319444E-2,1.421614E-3
6.354167E-2,1.419059E-3
6.388889E-2,1.416504E-3
6.423611E-2,1.413949E-3
6.458333E-2,1.411394E-3
6.493056E-2,1.408839E-3
6.527778E-2,1.406285E-3
6.562500E-2,1.403730E-3
6.597222E-2,1.401175E-3
6.631944E-2,1.398620E-3
6.666667E-2,1.396065E-3
6.701389E-2,1.393510E-3
6.736111E-2,1.390955E-3
6.770833E-2,1.388400E-3
6.805556E-2,1.385845E-3
6.840278E-2,1.383291E-3
6.875000E-2,1.380736E-3
6.909722E-2,1.378927E-3
6.944444E-2,1.378337E-3
6.979167E-2,1.377748E-3
7.013889E-2,1.377159E-3
7.048611E-2,1.376570E-3
7.083333E-2,1.375981E-3
7.118056E-2,1.375392E-3
7.152778E-2,1.374803E-3
7.187500E-2,1.374213E-3
7.222222E-2,1.373624E-3
7.256944E-2,1.373035E-3
7.291667E-2,1.372446E-3
7.326389E-2,1.371857E-3
7.361111E-2,1.371268E-3
7.395833E-2,1.370679E-3
7.430556E-2,1.370090E-3
7.465278E-2,1.369500E-3
7.500000E-2,1.368911E-3
7.534722E-2,1.368322E-3
7.569444E-2,1.367733E-3
7.604167E-2,1.367144E-3
7.638889E-2,1.366555E-3
7.673611E-2,1.365966E-3
7.708333E-2,1.365376E-3
7.743056E-2,1.364787E-3
7.777778E-2,1.364198E-3
7.812500E-2,1.363609E-3
7.847222E-2,1.363020E-3
7.881944E-2,1.362431E-3
7.916667E-2,1.361842E-3
7.951389E-2,1.361253E-3
7.986111E-2,1.360663E-3
8.020833E-2,1.360074E-3
8.055556E-2,1.359485E-3
8.090278E-2,1.358896E-3
8.125000E-2,1.358307E-3
8.159722E-2,1.357718E-3
8.194444E-2,1.357129E-3
8.229167E-2,1.356539E-3
8.263889E-2,1.355950E-3
8.298611E-2,1.355361E-3
8.333333E-2,1.354772E-3
8.368056E-2,1.354183E-3
8.402778E-2,1.353594E-3
8.437500E-2,1.353005E-3
8.472222E-2,1.352416E-3
8.506944E-2,1.351826E-3
8.541667E-2,1.351237E-3
8.576389E-2,1.350648E-3
8.611111E-2,1.350059E-3
8.645833E-2,1.349470E-3
8.680556E-2,1.348881E-3
8.715278E-2,1.348292E-3
8.750000E-2,1.347702E-3
8.784722E-2,1.347113E-3
8.819444E-2,1.346524E-3
8.854167E-2,1.345935E-3
8.888889E-2,1.345346E-3
8.923611E-2,1.344757E-3
8.958333E-2,1.344168E-3
8.993056E-2,1.343579E-3
9.027778E-2,1.342989E-3
9.062500E-2,1.342400E-3
9.097222E-2,1.341811E-3
9.131944E-2,1.341222E-3
9.166667E-2,1.340633E-3
9.201389E-2,1.340044E-3
9.236111E-2,1.339455E-3
9.270833E-2,1.338865E-3
9.305556E-2,1.338276E-3
9.340278E-2,1.337687E-3
9.375000E-2,1.337098E-3
9.409722E-2,1.336509E-3
9.444444E-2,1.335920E-3
9.479167E-2,1.335331E-3
9.513889E-2,1.334742E-3
9.548611E-2,1.334152E-3
9.583333E-2,1.333563E-3
9.618056E-2,1.332974E-3
9.652778E-2,1.332385E-3
9.687500E-2,1.331796E-3
9.722222E-2,1.331207E-3
9.756944E-2,1.330618E-3
9.791667E-2,1.330028E-3
9.826389E-2,1.329439E-3
9.861111E-2,1.328850E-3
9.895833E-2,1.328261E-3
9.930556E-2,1.327672E-3
9.965278E-2,1.327083E-3
1.000000E-1,1.326494E-3
1.003472E-1,1.325905E-3
1.006944E-1,1.325315E-3
1.010417E-1,1.324726E-3
1.013889E-1,1.324137E-3
1.017361E-1,1.323548E-3
1.020833E-1,1.322959E-3
1.024306E-1,1.322370E-3
1.027778E-1,1.321781E-3
1.031250E-1,1.321191E-3
1.034722E-1,1.320602E-3
1.038194E-1,1.320013E-3
1.041667E-1,1.319424E-3
1.045139E-1,1.318835E-3
1.048611E-1,1.318246E-3
1.052083E-1,1.317657E-3
1.055556E-1,1.317068E-3
1.059028E-1,1.316478E-3
1.062500E-1,1.315889E-3
1.065972E-1,1.315300E-3
1.069444E-1,1.314711E-3
1.072917E-1,1.314122E-3
1.076389E-1,1.313533E-3
1.079861E-1,1.312944E-3
1.083333E-1,1.312354E-3
1.086806E-1,1.311765E-3
1.090278E-1,1.311176E-3
1.093750E-1,1.310587E-3
1.097222E-1,1.309998E-3
1.100694E-1,1.309409E-3
1.104167E-1,1.308820E-3
1.107639E-1,1.308231E-3
1.111111E-1,1.307641E-3
1.114583E-1,1.306630E-3
1.118056E-1,1.304898E-3
1.121528E-1,1.303165E-3
1.125000E-1,1.301433E-3
1.128472E-1,1.299701E-3
1.131944E-1,1.297969E-3
1.135417E-1,1.296237E-3
1.138889E-1,1.294505E-3
1.142361E-1,1.292773E-3
1.145833E-1,1.291040E-3
1.149306E-1,1.289308E-3
1.152778E-1,1.287576E-3
1.156250E-1,1.285844E-3
1.159722E-1,1.284112E-3
1.163194E-1,1.282380E-3
1.166667E-1,1.280647E-3
1.170139E-1,1.278915E-3
1.173611E-1,1.277183E-3
1.177083E-1,1.275451E-3
1.180556E-1,1.273719E-3
1.184028E-1,1.271987E-3
1.187500E-1,1.270255E-3
1.190972E-1,1.268522E-3
1.194444E-1,1.266790E-3
1.197917E-1,1.265058E-3
1.201389E-1,1.263326E-3
1.204861E-1,1.261594E-3
1.208333E-1,1.259862E-3
1.211806E-1,1.258129E-3
1.215278E-1,1.256397E-3
1.218750E-1,1.254665E-3
1.222222E-1,1.252933E-3
1.225694E-1,1.251201E-3
1.229167E-1,1.249469E-3
1.232639E-1,1.247736E-3
1.236111E-1,1.246004E-3
1.239583E-1,1.244272E-3
1.243056E-1,1.242540E-3
1.246528E-1,1.240808E-3
1.250000E-1,1.239076E-3
1.253472E-1,1.237344E-3
1.256944E-1,1.235611E-3
1.260417E-1,1.233879E-3
1.263889E-1,1.232147E-3
1.267361E-1,1.230415E-3
1.270833E-1,1.228683E-3
1.274306E-1,1.226951E-3
1.277778E-1,1.225218E-3
1.281250E-1,1.223486E-3
1.284722E-1,1.221754E-3
1.288194E-1,1.220022E-3
1.291667E-1,1.218290E-3
1.295139E-1,1.216558E-3
1.298611E-1,1.214826E-3
1.302083E-1,1.213093E-3
1.305556E-1,1.211361E-3
1.309028E-1,1.209629E-3
1.312500E-1,1.207897E-3
1.315972E-1,1.206165E-3
1.319444E-1,1.204433E-3
1.322917E-1,1.202700E-3
1.326389E-1,1.200968E-3
1.329861E-1,1.199236E-3
1.333333E-1,1.197504E-3
1.336806E-1,1.195772E-3
1.340278E-1,1.194040E-3
1.343750E-1,1.192307E-3
1.347222E-1,1.190575E-3
1.350694E-1,1.188843E-3
1.354167E-1,1.187111E-3
1.357639E-1,1.185379E-3
1.361111E-1,1.183647E-3
1.364583E-1,1.181915E-3
1.368056E-1,1.180182E-3
1.371528E-1,1.178450E-3
1.375000E-1,1.176718E-3
1.378472E-1,1.174986E-3
1.381944E-1,1.173254E-3
1.385417E-1,1.171522E-3
1.388889E-1,1.169789E-3
1.392361E-1,1.168057E-3
1.395833E-1,1.166325E-3
1.399306E-1,1.164593E-3
1.402778E-1,1.162861E-3
1.406250E-1,1.161129E-3
1.409722E-1,1.159397E-3
1.413194E-1,1.157664E-3
1.416667E-1,1.155932E-3
1.420139E-1,1.154200E-3
1.423611E-1,1.152468E-3
1.427083E-1,1.150736E-3
1.430556E-1,1.149004E-3
1.434028E-1,1.147271E-3
1.437500E-1,1.145539E-3
1.440972E-1,1.143807E-3
1.444444E-1,1.142075E-3
1.447917E-1,1.140343E-3
1.451389E-1,1.138611E-3
1.454861E-1,1.136879E-3
1.458333E-1,1.135146E-3
1.461806E-1,1.133414E-3
1.465278E-1,1.131682E-3
1.468750E-1,1.129950E-3
1.472222E-1,1.128218E-3
1.475694E-1,1.126486E-3
1.479167E-1,1.124753E-3
1.482639E-1,1.123021E-3
1.486111E-1,1.121289E-3
1.489583E-1,1.119557E-3
1.493056E-1,1.117825E-3
1.496528E-1,1.116093E-3
1.500000E-1,1.114360E-3
1.503472E-1,1.112628E-3
1.506944E-1,1.110896E-3
1.510417E-1,1.109164E-3
1.513889E-1,1.107432E-3
1.517361E-1,1.105700E-3
1.520833E-1,1.103968E-3
1.524306E-1,1.102235E-3
1.527778E-1,1.100503E-3
1.531250E-1,1.098771E-3
1.534722E-1,1.097039E-3
1.538194E-1,1.095307E-3
1.541667E-1,1.093575E-3
1.545139E-1,1.091842E-3
1.548611E-1,1.090110E-3
1.552083E-1,1.088378E-3
1.555556E-1,1.086646E-3
1.559028E-1,1.085685E-3
1.562500E-1,1.085079E-3
1.565972E-1,1.084472E-3
1.569444E-1,1.083866E-3
1.572917E-1,1.083260E-3
1.576389E-1,1.082654E-3
1.579861E-1,1.082047E-3
1.583333E-1,1.081441E-3
1.586806E-1,1.080835E-3
1.590278E-1,1.080229E-3
1.593750E-1,1.079622E-3
1.597222E-1,1.079016E-3
1.600694E-1,1.078410E-3
1.604167E-1,1.077803E-3
1.607639E-1,1.077197E-3
1.611111E-1,1.076591E-3
1.614583E-1,1.075985E-3
1.618056E-1,1.075378E-3
1.621528E-1,1.074772E-3
1.625000E-1,1.074166E-3
1.628472E-1,1.073560E-3
1.631944E-1,1.072953E-3
1.635417E-1,1.072347E-3
1.638889E-1,1.071741E-3
1.642361E-1,1.071135E-3
1.645833E-1,1.070528E-3
1.649306E-1,1.069922E-3
1.652778E-1,1.069316E-3
1.656250E-1,1.068710E-3
1.659722E-1,1.068103E-3
1.663194E-1,1.067497E-3
1.666667E-1,1.066891E-3
1.670139E-1,1.066285E-3
1.673611E-1,1.065678E-3
1.677083E-1,1.065072E-3
1.680556E-1,1.064466E-3
1.684028E-1,1.063860E-3
1.687500E-1,1.063253E-3
1.690972E-1,1.062647E-3
1.694444E-1,1.062041E-3
1.697917E-1,1.061434E-3
1.701389E-1,1.060828E-3
1.704861E-1,1.060222E-3
1.708333E-1,1.059616E-3
1.711806E-1,1.059009E-3
1.715278E-1,1.058403E-3
1.718750E-1,1.057797E-3
1.722222E-1,1.057191E-3
1.725694E-1,1.056584E-3
1.729167E-1,1.055978E-3
1.732639E-1,1.055372E-3
1.736111E-1,1.054766E-3
1.739583E-1,1.054159E-3
1.743056E-1,1.053553E-3
1.746528E-1,1.052947E-3
1.750000E-1,1.052341E-3
1.753472E-1,1.051734E-3
1.756944E-1,1.051128E-3
1.760417E-1,1.050522E-3
1.763889E-1,1.049916E-3
1.767361E-1,1.049309E-3
1.770833E-1,1.048703E-3
1.774306E-1,1.048097E-3
1.777778E-1,1.047491E-3
1.781250E-1,1.046884E-3
1.784722E-1,1.046278E-3
1.788194E-1,1.045672E-3
1.791667E-1,1.045066E-3
1.795139E-1,1.044459E-3
1.798611E-1,1.043853E-3
1.802083E-1,1.043247E-3
1.805556E-1,1.042640E-3
1.809028E-1,1.042034E-3
1.812500E-1,1.041428E-3
1.815972E-1,1.040822E-3
1.819444E-1,1.040215E-3
1.822917E-1,1.039609E-3
1.826389E-1,1.039003E-3
1.829861E-1,1.038397E-3
1.833333E-1,1.037790E-3
1.836806E-1,1.037184E-3
1.840278E-1,1.036578E-3
1.843750E-1,1.035972E-3
1.847222E-1,1.035365E-3
1.850694E-1,1.034759E-3
1.854167E-1,1.034153E-3
1.857639E-1,1.033547E-3
1.861111E-1,1.032940E-3
1.864583E-1,1.032334E-3
1.868056E-1,1.031728E-3
1.871528E-1,1.031122E-3
1.875000E-1,1.030515E-3
1.878472E-1,1.029909E-3
1.881944E-1,1.029303E-3
1.885417E-1,1.028697E-3
1.888889E-1,1.028090E-3
1.892361E-1,1.027484E-3
1.895833E-1,1.026878E-3
1.899306E-1,1.026271E-3
1.902778E-1,1.025665E-3
1.906250E-1,1.025059E-3
1.909722E-1,1.024453E-3
1.913194E-1,1.023846E-3
1.916667E-1,1.023240E-3
1.920139E-1,1.022634E-3
1.923611E-1,1.022028E-3
1.927083E-1,1.021421E-3
1.930556E-1,1.020815E-3
1.934028E-1,1.020209E-3
1.937500E-1,1.019603E-3
1.940972E-1,1.018996E-3
1.944444E-1,1.018390E-3
1.947917E-1,1.017784E-3
1.951389E-1,1.017178E-3
1.954861E-1,1.016571E-3
1.958333E-1,1.015965E-3
1.961806E-1,1.015359E-3
1.965278E-1,1.014753E-3
1.968750E-1,1.014146E-3
1.972222E-1,1.013540E-3
1.975694E-1,1.012934E-3
1.979167E-1,1.012328E-3
1.982639E-1,1.011721E-3
1.986111E-1,1.011115E-3
1.989583E-1,1.010509E-3
1.993056E-1,1.009903E-3
1.996528E-1,1.009296E-3
2.000000E-1,1.008690E-3
2.003472E-1,1.008469E-3
2.006944E-1,1.008247E-3
2.010417E-1,1.008026E-3
2.013889E-1,1.007804E-3
2.017361E-1,1.007583E-3
2.020833E-1,1.007361E-3
2.024306E-1,1.007140E-3
2.027778E-1,1.006918E-3
2.031250E-1,1.006697E-3
2.034722E-1,1.006476E-3
2.038194E-1,1.006254E-3
2.041667E-1,1.006033E-3
2.045139E-1,1.005811E-3
2.048611E-1,1.005590E-3
2.052083E-1,1.005368E-3
2.055556E-1,1.005147E-3
2.059028E-1,1.004925E-3
2.062500E-1,1.004704E-3
2.065972E-1,1.004482E-3
2.069444E-1,1.004261E-3
2.072917E-1,1.004040E-3
2.076389E-1,1.003818E-3
2.079861E-1,1.003597E-3
2.083333E-1,1.003375E-3
2.086806E-1,1.003154E-3
2.090278E-1,1.002932E-3
2.093750E-1,1.002711E-3
2.097222E-1,1.002489E-3
2.100694E-1,1.002268E-3
2.104167E-1,1.002047E-3
2.107639E-1,1.001825E-3
2.111111E-1,1.001604E-3
2.114583E-1,1.001382E-3
2.118056E-1,1.001161E-3
2.121528E-1,1.000939E-3
2.125000E-1,1.000718E-3
2.128472E-1,1.000496E-3
2.131944E-1,1.000275E-3
2.135417E-1,1.000054E-3
2.138889E-1,9.998321E-4
2.142361E-1,9.996106E-4
2.145833E-1,9.993892E-4
2.149306E-1,9.991677E-4
2.152778E-1,9.989463E-4
2.156250E-1,9.987249E-4
2.159722E-1,9.985034E-4
2.163194E-1,9.982820E-4
2.166667E-1,9.980605E-4
2.170139E-1,9.978391E-4
2.173611E-1,9.976176E-4
2.177083E-1,9.973962E-4
2.180556E-1,9.971747E-4
2.184028E-1,9.969533E-4
2.187500E-1,9.967318E-4
2.190972E-1,9.965104E-4
2.194444E-1,9.962889E-4
2.197917E-1,9.960675E-4
2.201389E-1,9.958460E-4
2.204861E-1,9.956246E-4
2.208333E-1,9.954031E-4
2.211806E-1,9.951817E-4
2.215278E-1,9.949602E-4
2.218750E-1,9.947388E-4
2.222222E-1,9.945173E-4
2.225694E-1,9.942959E-4
2.229167E-1,9.940745E-4
2.232639E-1,9.938530E-4
2.236111E-1,9.936316E-4
2.239583E-1,9.934101E-4
2.243056E-1,9.931887E-4
2.246528E-1,9.929672E-4
2.250000E-1,9.927458E-4
2.253472E-1,9.925243E-4
2.256944E-1,9.923029E-4
2.260417E-1,9.920814E-4
2.263889E-1,9.918600E-4
2.267361E-1,9.916385E-4
2.270833E-1,9.914171E-4
2.274306E-1,9.911956E-4
2.277778E-1,9.909742E-4
2.281250E-1,9.907527E-4
2.284722E-1,9.905313E-4
2.288194E-1,9.903098E-4
2.291667E-1,9.900884E-4
2.295139E-1,9.898669E-4
2.298611E-1,9.896455E-4
2.302083E-1,9.894241E-4
2.305556E-1,9.892026E-4
2.309028E-1,9.889812E-4
2.312500E-1,9.887597E-4
2.315972E-1,9.885383E-4
2.319444E-1,9.883168E-4
2.322917E-1,9.880954E-4
2.326389E-1,9.878739E-4
2.329861E-1,9.876525E-4
2.333333E-1,9.874310E-4
2.336806E-1,9.872096E-4
2.340278E-1,9.869881E-4
2.343750E-1,9.867667E-4
2.347222E-1,9.865452E-4
2.350694E-1,9.863238E-4
2.354167E-1,9.861023E-4
2.357639E-1,9.858809E-4
2.361111E-1,9.856594E-4
2.364583E-1,9.854380E-4
2.368056E-1,9.852165E-4
2.371528E-1,9.849951E-4
2.375000E-1,9.847737E-4
2.378472E-1,9.845522E-4
2.381944E-1,9.843308E-4
2.385417E-1,9.841093E-4
2.388889E-1,9.838879E-4
2.392361E-1,9.836664E-4
2.395833E-1,9.834450E-4
2.399306E-1,9.832235E-4
2.402778E-1,9.830021E-4
2.406250E-1,9.827806E-4
2.409722E-1,9.825592E-4
2.413194E-1,9.823377E-4
2.416667E-1,9.821163E-4
2.420139E-1,9.818948E-4
2.423611E-1,9.816734E-4
2.427083E-1,9.814519E-4
2.430556E-1,9.812305E-4
2.434028E-1,9.809531E-4
2.437500E-1,9.803640E-4
2.440972E-1,9.797749E-4
2.444444E-1,9.791857E-4
2.447917E-1,9.785966E-4
2.451389E-1,9.780074E-4
2.454861E-1,9.774183E-4
2.458333E-1,9.768292E-4
2.461806E-1,9.762400E-4
2.465278E-1,9.756509E-4
2.468750E-1,9.750617E-4
2.472222E-1,9.744726E-4
2.475694E-1,9.738835E-4
2.479167E-1,9.732943E-4
2.482639E-1,9.727052E-4
2.486111E-1,9.721161E-4
2.489583E-1,9.715269E-4
2.493056E-1,9.709378E-4
2.496528E-1,9.703486E-4
2.500000E-1,9.697595E-4
2.503472E-1,9.691704E-4
2.506944E-1,9.685812E-4
2.510417E-1,9.679921E-4
2.513889E-1,9.674029E-4
2.517361E-1,9.668138E-4
2.520833E-1,9.662247E-4
2.524306E-1,9.656355E-4
2.527778E-1,9.650464E-4
2.531250E-1,9.644572E-4
2.534722E-1,9.638681E-4
2.538194E-1,9.632790E-4
2.541667E-1,9.626898E-4
2.545139E-1,9.621007E-4
2.548611E-1,9.615115E-4
2.552083E-1,9.609224E-4
2.555556E-1,9.603332E-4
2.559028E-1,9.597441E-4
2.562500E-1,9.591550E-4
2.565972E-1,9.585658E-4
2.569444E-1,9.579767E-4
2.572917E-1,9.573875E-4
2.576389E-1,9.567984E-4
2.579861E-1,9.562093E-4
2.583333E-1,9.556201E-4
2.586806E-1,9.550310E-4
2.590278E-1,9.544418E-4
2.593750E-1,9.538527E-4
2.597222E-1,9.532636E-4
2.600694E-1,9.526744E-4
2.604167E-1,9.520853E-4
2.607639E-1,9.514961E-4
2.611111E-1,9.509070E-4
2.614583E-1,9.503179E-4
2.618056E-1,9.497287E-4
2.621528E-1,9.491396E-4
2.625000E-1,9.485504E-4
2.628472E-1,9.479613E-4
2.631944E-1,9.473722E-4
2.635417E-1,9.467830E-4
2.638889E-1,9.461939E-4
2.642361E-1,9.456047E-4
2.645833E-1,9.450156E-4
2.649306E-1,9.444265E-4
2.652778E-1,9.438373E-4
2.656250E-1,9.432482E-4
2.659722E-1,9.426590E-4
2.663194E-1,9.420699E-4
2.666667E-1,9.414808E-4
2.670139E-1,9.408916E-4
2.673611E-1,9.403025E-4
2.677083E-1,9.397133E-4
2.680556E-1,9.391242E-4
2.684028E-1,9.385351E-4
2.687500E-1,9.379459E-4
2.690972E-1,9.373568E-4
2.694444E-1,9.367676E-4
2.697917E-1,9.361785E-4
2.701389E-1,9.355894E-4
2.704861E-1,9.350002E-4
2.708333E-1,9.344111E-4
2.711806E-1,9.338219E-4
2.715278E-1,9.332328E-4
2.718750E-1,9.326437E-4
2.722222E-1,9.320545E-4
2.725694E-1,9.314654E-4
2.729167E-1,9.308762E-4
2.732639E-1,9.302871E-4
2.736111E-1,9.296980E-4
2.739583E-1,9.291088E-4
2.743056E-1,9.285197E-4
2.746528E-1,9.279305E-4
2.750000E-1,9.273414E-4
2.753472E-1,9.267523E-4
2.756944E-1,9.261631E-4
2.760417E-1,9.255740E-4
2.763889E-1,9.249848E-4
2.767361E-1,9.243957E-4
2.770833E-1,9.238066E-4
2.774306E-1,9.232174E-4
2.777778E-1,9.226283E-4
2.781250E-1,9.220391E-4
2.784722E-1,9.214500E-4
2.788194E-1,9.208609E-4
2.791667E-1,9.202717E-4
2.795139E-1,9.196826E-4
2.798611E-1,9.190934E-4
2.802083E-1,9.185043E-4
2.805556E-1,9.179151E-4
2.809028E-1,9.173260E-4
2.812500E-1,9.167369E-4
2.815972E-1,9.161477E-4
2.819444E-1,9.155586E-4
2.822917E-1,9.149694E-4
2.826389E-1,9.143803E-4
2.829861E-1,9.137912E-4
2.833333E-1,9.132020E-4
2.836806E-1,9.126129E-4
2.840278E-1,9.120237E-4
2.843750E-1,9.114346E-4
2.847222E-1,9.108455E-4
2.850694E-1,9.102563E-4
2.854167E-1,9.096672E-4
2.857639E-1,9.091688E-4
2.861111E-1,9.092111E-4
2.864583E-1,9.092535E-4
2.868056E-1,9.092959E-4
2.871528E-1,9.093382E-4
2.875000E-1,9.093806E-4
2.878472E-1,9.094230E-4
2.881944E-1,9.094653E-4
2.885417E-1,9.095077E-4
2.888889E-1,9.095500E-4
2.892361E-1,9.095924E-4
2.895833E-1,9.096348E-4
2.899306E-1,9.096771E-4
2.902778E-1,9.097195E-4
2.906250E-1,9.097619E-4
2.909722E-1,9.098042E-4
2.913194E-1,9.098466E-4
2.916667E-1,9.098889E-4
2.920139E-1,9.099313E-4
2.923611E-1,9.099737E-4
2.927083E-1,9.100160E-4
2.930556E-1,9.100584E-4
2.934028E-1,9.101008E-4
2.937500E-1,9.101431E-4
2.940972E-1,9.101855E-4
2.944444E-1,9.102278E-4
2.947917E-1,9.102702E-4
2.951389E-1,9.103126E-4
2.954861E-1,9.103549E-4
2.958333E-1,9.103973E-4
2.961806E-1,9.104397E-4
2.965278E-1,9.104820E-4
2.968750E-1,9.105244E-4
2.972222E-1,9.105667E-4
2.975694E-1,9.106091E-4
2.979167E-1,9.106515E-4
2.982639E-1,9.106938E-4
2.986111E-1,9.107362E-4
2.989583E-1,9.107786E-4
2.993056E-1,9.108209E-4
2.996528E-1,9.108633E-4
3.000000E-1,9.109056E-4
3.003472E-1,9.109480E-4
3.006944E-1,9.109904E-4
3.010417E-1,9.110327E-4
3.013889E-1,9.110751E-4
3.017361E-1,9.111175E-4
3.020833E-1,9.111598E-4
3.024306E-1,9.112022E-4
3.027778E-1,9.112445E-4
3.031250E-1,9.112869E-4
3.034722E-1,9.113293E-4
3.038194E-1,9.113716E-4
3.041667E-1,9.114140E-4
3.045139E-1,9.114564E-4
3.048611E-1,9.114987E-4
3.052083E-1,9.115411E-4
3.055556E-1,9.115834E-4
3.059028E-1,9.116258E-4
3.062500E-1,9.116682E-4
3.065972E-1,9.117105E-4
3.069444E-1,9.117529E-4
3.072917E-1,9.117953E-4
3.076389E-1,9.118376E-4
3.079861E-1,9.118800E-4
3.083333E-1,9.119223E-4
3.086806E-1,9.119647E-4
3.090278E-1,9.120071E-4
3.093750E-1,9.120494E-4
3.097222E-1,9.120918E-4
3.100694E-1,9.121341E-4
3.104167E-1,9.121765E-4
3.107639E-1,9.122189E-4
3.111111E-1,9.122612E-4
3.114583E-1,9.123036E-4
3.118056E-1,9.123460E-4
3.121528E-1,9.123883E-4
3.125000E-1,9.124307E-4
3.128472E-1,9.124730E-4
3.131944E-1,9.125154E-4
3.135417E-1,9.125578E-4
3.138889E-1,9.126001E-4
3.142361E-1,9.126425E-4
3.145833E-1,9.126849E-4
3.149306E-1,9.127272E-4
3.152778E-1,9.127696E-4
3.156250E-1,9.128119E-4
3.159722E-1,9.128543E-4
3.163194E-1,9.128967E-4
3.166667E-1,9.129390E-4
3.170139E-1,9.129814E-4
3.173611E-1,9.130238E-4
3.177083E-1,9.130661E-4
3.180556E-1,9.131085E-4
3.184028E-1,9.131508E-4
3.187500E-1,9.131932E-4
3.190972E-1,9.132356E-4
3.194444E-1,9.132779E-4
3.197917E-1,9.133203E-4
3.201389E-1,9.133627E-4
3.204861E-1,9.134050E-4
3.208333E-1,9.134474E-4
3.211806E-1,9.134897E-4
3.215278E-1,9.135321E-4
3.218750E-1,9.135745E-4
3.222222E-1,9.136168E-4
3.225694E-1,9.136592E-4
3.229167E-1,9.137016E-4
3.232639E-1,9.137439E-4
3.236111E-1,9.137863E-4
3.239583E-1,9.138286E-4
3.243056E-1,9.138710E-4
3.246528E-1,9.139134E-4
3.250000E-1,9.139557E-4
3.253472E-1,9.139981E-4
3.256944E-1,9.140405E-4
3.260417E-1,9.140828E-4
3.263889E-1,9.141252E-4
3.267361E-1,9.141675E-4
3.270833E-1,9.142099E-4
3.274306E-1,9.142523E-4
3.277778E-1,9.142946E-4
3.281250E-1,9.143370E-4
3.284722E-1,9.143794E-4
3.288194E-1,9.144217E-4
3.291667E-1,9.144641E-4
3.295139E-1,9.145064E-4
3.298611E-1,9.145488E-4
3.302083E-1,9.145912E-4
3.305556E-1,9.146335E-4
3.309028E-1,9.146759E-4
3.312500E-1,9.143062E-4
3.315972E-1,9.136862E-4
3.319444E-1,9.130661E-4
3.322917E-1,9.124461E-4
3.326389E-1,9.118261E-4
3.329861E-1,9.112061E-4
3.333333E-1,9.105860E-4
3.336806E-1,9.099660E-4
3.340278E-1,9.093460E-4
3.343750E-1,9.087260E-4
3.347222E-1,9.081059E-4
3.350694E-1,9.074859E-4
3.354167E-1,9.068659E-4
3.357639E-1,9.062458E-4
3.361111E-1,9.056258E-4
3.364583E-1,9.050058E-4
3.368056E-1,9.043858E-4
3.371528E-1,9.037657E-4
3.375000E-1,9.031457E-4
3.378472E-1,9.025257E-4
3.381944E-1,9.019057E-4
3.385417E-1,9.012856E-4
3.388889E-1,9.006656E-4
3.392361E-1,9.000456E-4
3.395833E-1,8.994256E-4
3.399306E-1,8.988055E-4
3.402778E-1,8.981855E-4
3.406250E-1,8.975655E-4
3.409722E-1,8.969454E-4
3.413194E-1,8.963254E-4
3.416667E-1,8.957054E-4
3.420139E-1,8.950854E-4
3.423611E-1,8.944653E-4
3.427083E-1,8.938453E-4
3.430556E-1,8.932253E-4
3.434028E-1,8.926053E-4
3.437500E-1,8.919852E-4
3.440972E-1,8.913652E-4
3.444444E-1,8.907452E-4
3.447917E-1,8.901251E-4
3.451389E-1,8.895051E-4
3.454861E-1,8.888851E-4
3.458333E-1,8.882651E-4
3.461806E-1,8.876450E-4
3.465278E-1,8.870250E-4
3.468750E-1,8.864050E-4
3.472222E-1,8.857850E-4
3.475694E-1,8.851649E-4
3.479167E-1,8.845449E-4
3.482639E-1,8.839249E-4
3.486111E-1,8.833049E-4
3.489583E-1,8.826848E-4
3.493056E-1,8.820648E-4
3.496528E-1,8.814448E-4
3.500000E-1,8.808247E-4
3.503472E-1,8.802047E-4
3.506944E-1,8.795847E-4
3.510417E-1,8.789647E-4
3.513889E-1,8.783446E-4
3.517361E-1,8.777246E-4
3.520833E-1,8.771046E-4
3.524306E-1,8.764846E-4
3.527778E-1,8.758645E-4
3.531250E-1,8.752445E-4
3.534722E-1,8.746245E-4
3.538194E-1,8.740045E-4
3.541667E-1,8.733844E-4
3.545139E-1,8.727644E-4
3.548611E-1,8.721444E-4
3.552083E-1,8.715244E-4
3.555556E-1,8.709043E-4
3.559028E-1,8.702843E-4
3.562500E-1,8.696643E-4
3.565972E-1,8.690442E-4
3.569444E-1,8.684242E-4
3.572917E-1,8.678042E-4
3.576389E-1,8.671842E-4
3.579861E-1,8.665641E-4
3.583333E-1,8.659441E-4
3.586806E-1,8.653241E-4
3.590278E-1,8.647040E-4
3.593750E-1,8.640840E-4
3.597222E-1,8.634640E-4
3.600694E-1,8.628440E-4
3.604167E-1,8.622239E-4
3.607639E-1,8.616039E-4
3.611111E-1,8.609839E-4
3.614583E-1,8.603639E-4
3.618056E-1,8.597438E-4
3.621528E-1,8.591238E-4
3.625000E-1,8.585038E-4
3.628472E-1,8.578838E-4
3.631944E-1,8.572637E-4
3.635417E-1,8.566437E-4
3.638889E-1,8.560237E-4
3.642361E-1,8.554037E-4
3.645833E-1,8.547836E-4
3.649306E-1,8.541636E-4
3.652778E-1,8.535436E-4
3.656250E-1,8.529235E-4
3.659722E-1,8.523035E-4
3.663194E-1,8.516835E-4
3.666667E-1,8.510635E-4
3.670139E-1,8.504434E-4
3.673611E-1,8.498234E-4
3.677083E-1,8.492034E-4
3.680556E-1,8.485834E-4
3.684028E-1,8.479633E-4
3.687500E-1,8.473433E-4
3.690972E-1,8.467233E-4
3.694444E-1,8.461033E-4
3.697917E-1,8.454832E-4
3.701389E-1,8.448632E-4
3.704861E-1,8.442432E-4
3.708333E-1,8.436231E-4
3.711806E-1,8.430031E-4
3.715278E-1,8.423831E-4
3.718750E-1,8.417631E-4
3.722222E-1,8.411430E-4
3.725694E-1,8.405230E-4
3.729167E-1,8.399030E-4
3.732639E-1,8.392830E-4
3.736111E-1,8.386629E-4
3.739583E-1,8.380429E-4
3.743056E-1,8.374229E-4
3.746528E-1,8.384141E-4
3.750000E-1,8.398756E-4
3.753472E-1,8.413371E-4
3.756944E-1,8.427987E-4
3.760417E-1,8.442602E-4
3.763889E-1,8.457217E-4
3.767361E-1,8.471832E-4
3.770833E-1,8.486447E-4
3.774306E-1,8.501063E-4
3.777778E-1,8.515678E-4
3.781250E-1,8.530293E-4
3.784722E-1,8.544908E-4
3.788194E-1,8.559523E-4
3.791667E-1,8.574138E-4
3.795139E-1,8.588753E-4
3.798611E-1,8.603368E-4
3.802083E-1,8.617984E-4
3.805556E-1,8.632599E-4
3.809028E-1,8.647214E-4
3.812500E-1,8.661829E-4
3.815972E-1,8.676444E-4
3.819444E-1,8.691059E-4
3.822917E-1,8.705675E-4
3.826389E-1,8.720290E-4
3.829861E-1,8.734905E-4
3.833333E-1,8.749520E-4
3.836806E-1,8.764135E-4
3.840278E-1,8.778750E-4
3.843750E-1,8.793365E-4
3.847222E-1,8.807980E-4
3.850694E-1,8.822596E-4
3.854167E-1,8.837211E-4
3.857639E-1,8.851826E-4
3.861111E-1,8.866441E-4
3.864583E-1,8.881056E-4
3.868056E-1,8.895672E-4
3.871528E-1,8.910287E-4
3.875000E-1,8.924902E-4
3.878472E-1,8.939517E-4
3.881944E-1,8.954132E-4
3.885417E-1,8.968747E-4
3.888889E-1,8.983362E-4
3.892361E-1,8.997977E-4
3.895833E-1,9.012593E-4
3.899306E-1,9.027208E-4
3.902778E-1,9.041823E-4
3.906250E-1,9.056438E-4
3.909722E-1,9.071053E-4
3.913194E-1,9.085668E-4
3.916667E-1,9.100284E-4
3.920139E-1,9.114899E-4
3.923611E-1,9.129514E-4
3.927083E-1,9.144129E-4
3.930556E-1,9.158744E-4
3.934028E-1,9.173359E-4
3.937500E-1,9.187974E-4
3.940972E-1,9.202589E-4
3.944444E-1,9.217205E-4
3.947917E-1,9.231820E-4
3.951389E-1,9.246435E-4
3.954861E-1,9.261050E-4
3.958333E-1,9.275665E-4
3.961806E-1,9.290281E-4
3.965278E-1,9.304896E-4
3.968750E-1,9.319511E-4
3.972222E-1,9.334126E-4
3.975694E-1,9.348741E-4
3.979167E-1,9.363356E-4
3.982639E-1,9.377971E-4
3.986111E-1,9.392586E-4
3.989583E-1,9.407202E-4
3.993056E-1,9.421817E-4
3.996528E-1,9.436432E-4
4.000000E-1,9.451047E-4
4.003472E-1,9.465662E-4
4.006944E-1,9.480277E-4
4.010417E-1,9.494893E-4
4.013889E-1,9.509508E-4
4.017361E-1,9.524123E-4
4.020833E-1,9.538738E-4
4.024306E-1,9.553353E-4
4.027778E-1,9.567968E-4
4.031250E-1,9.582583E-4
4.034722E-1,9.597198E-4
4.038194E-1,9.611814E-4
4.041667E-1,9.626429E-4
4.045139E-1,9.641044E-4
4.048611E-1,9.655659E-4
4.052083E-1,9.670274E-4
4.055556E-1,9.684890E-4
4.059028E-1,9.699505E-4
4.062500E-1,9.714120E-4
4.065972E-1,9.728735E-4
4.069444E-1,9.743350E-4
4.072917E-1,9.757965E-4
4.076389E-1,9.772580E-4
4.079861E-1,9.787195E-4
4.083333E-1,9.801811E-4
4.086806E-1,9.816426E-4
4.090278E-1,9.831041E-4
4.093750E-1,9.845656E-4
4.097222E-1,9.860271E-4
4.100694E-1,9.874886E-4
4.104167E-1,9.889502E-4
4.107639E-1,9.904117E-4
4.111111E-1,9.918732E-4
4.114583E-1,9.933347E-4
4.118056E-1,9.947962E-4
4.121528E-1,9.962577E-4
4.125000E-1,9.977192E-4
4.128472E-1,9.991807E-4
4.131944E-1,1.000642E-3
4.135417E-1,1.002104E-3
4.138889E-1,1.003565E-3
4.142361E-1,1.005027E-3
4.145833E-1,1.006488E-3
4.149306E-1,1.007950E-3
4.152778E-1,1.009411E-3
4.156250E-1,1.010873E-3
4.159722E-1,1.012334E-3
4.163194E-1,1.013796E-3
4.166667E-1,1.015257E-3
4.170139E-1,1.016719E-3
4.173611E-1,1.018180E-3
4.177083E-1,1.019642E-3
4.180556E-1,1.021434E-3
4.184028E-1,1.023253E-3
4.187500E-1,1.025072E-3
4.190972E-1,1.026890E-3
4.194444E-1,1.028709E-3
4.197917E-1,1.030528E-3
4.201389E-1,1.032346E-3
4.204861E-1,1.034165E-3
4.208333E-1,1.035984E-3
4.211806E-1,1.037803E-3
4.215278E-1,1.039621E-3
4.218750E-1,1.041440E-3
4.222222E-1,1.043259E-3
4.225694E-1,1.045077E-3
4.229167E-1,1.046896E-3
4.232639E-1,1.048715E-3
4.236111E-1,1.050533E-3
4.239583E-1,1.052352E-3
4.243056E-1,1.054171E-3
4.246528E-1,1.055990E-3
4.250000E-1,1.057808E-3
4.253472E-1,1.059627E-3
4.256944E-1,1.061446E-3
4.260417E-1,1.063264E-3
4.263889E-1,1.065083E-3
4.267361E-1,1.066902E-3
4.270833E-1,1.068720E-3
4.274306E-1,1.070539E-3
4.277778E-1,1.072358E-3
4.281250E-1,1.074176E-3
4.284722E-1,1.075995E-3
4.288194E-1,1.077814E-3
4.291667E-1,1.079633E-3
4.295139E-1,1.081451E-3
4.298611E-1,1.083270E-3
4.302083E-1,1.085089E-3
4.305556E-1,1.086907E-3
4.309028E-1,1.088726E-3
4.312500E-1,1.090545E-3
4.315972E-1,1.092363E-3
4.319444E-1,1.094182E-3
4.322917E-1,1.096001E-3
4.326389E-1,1.097820E-3
4.329861E-1,1.099638E-3
4.333333E-1,1.101457E-3
4.336806E-1,1.103276E-3
4.340278E-1,1.105094E-3
4.343750E-1,1.106913E-3
4.347222E-1,1.108732E-3
4.350694E-1,1.110550E-3
4.354167E-1,1.112369E-3
4.357639E-1,1.114188E-3
4.361111E-1,1.116007E-3
4.364583E-1,1.117825E-3
4.368056E-1,1.119644E-3
4.371528E-1,1.121463E-3
4.375000E-1,1.123281E-3
4.378472E-1,1.125100E-3
4.381944E-1,1.126919E-3
4.385417E-1,1.128737E-3
4.388889E-1,1.130556E-3
4.392361E-1,1.132375E-3
4.395833E-1,1.134193E-3
4.399306E-1,1.136012E-3
4.402778E-1,1.137831E-3
4.406250E-1,1.139650E-3
4.409722E-1,1.141468E-3
4.413194E-1,1.143287E-3
4.416667E-1,1.145106E-3
4.420139E-1,1.146924E-3
4.423611E-1,1.148743E-3
4.427083E-1,1.150562E-3
4.430556E-1,1.152380E-3
4.434028E-1,1.154199E-3
4.437500E-1,1.156018E-3
4.440972E-1,1.157837E-3
4.444444E-1,1.159655E-3
4.447917E-1,1.161474E-3
4.451389E-1,1.163293E-3
4.454861E-1,1.165111E-3
4.458333E-1,1.166930E-3
4.461806E-1,1.168749E-3
4.465278E-1,1.170567E-3
4.468750E-1,1.172386E-3
4.472222E-1,1.174205E-3
4.475694E-1,1.176024E-3
4.479167E-1,1.177842E-3
4.482639E-1,1.179661E-3
4.486111E-1,1.181480E-3
4.489583E-1,1.183298E-3
4.493056E-1,1.185117E-3
4.496528E-1,1.186936E-3
4.500000E-1,1.188754E-3
4.503472E-1,1.190573E-3
4.506944E-1,1.192392E-3
4.510417E-1,1.194211E-3
4.513889E-1,1.196029E-3
4.517361E-1,1.197848E-3
4.520833E-1,1.199667E-3
4.524306E-1,1.201485E-3
4.527778E-1,1.203304E-3
4.531250E-1,1.205123E-3
4.534722E-1,1.206941E-3
4.538194E-1,1.208760E-3
4.541667E-1,1.210579E-3
4.545139E-1,1.212397E-3
4.548611E-1,1.214216E-3
4.552083E-1,1.216035E-3
4.555556E-1,1.217854E-3
4.559028E-1,1.219672E-3
4.562500E-1,1.221491E-3
4.565972E-1,1.223310E-3
4.569444E-1,1.225128E-3
4.572917E-1,1.226947E-3
4.576389E-1,1.228766E-3
4.579861E-1,1.230584E-3
4.583333E-1,1.232403E-3
4.586806E-1,1.234222E-3
4.590278E-1,1.236041E-3
4.593750E-1,1.237859E-3
4.597222E-1,1.239678E-3
4.600694E-1,1.241497E-3
4.604167E-1,1.243315E-3
4.607639E-1,1.245134E-3
4.611111E-1,1.246953E-3
4.614583E-1,1.248771E-3
4.618056E-1,1.250590E-3
4.621528E-1,1.252604E-3
4.625000E-1,1.255233E-3
4.628472E-1,1.257861E-3
4.631944E-1,1.260490E-3
4.635417E-1,1.263118E-3
4.638889E-1,1.265747E-3
4.642361E-1,1.268375E-3
4.645833E-1,1.271004E-3
4.649306E-1,1.273632E-3
4.652778E-1,1.276261E-3
4.656250E-1,1.278889E-3
4.659722E-1,1.281518E-3
4.663194E-1,1.284146E-3
4.666667E-1,1.286775E-3
4.670139E-1,1.289403E-3
4.673611E-1,1.292032E-3
4.677083E-1,1.294660E-3
4.680556E-1,1.297289E-3
4.684028E-1,1.299917E-3
4.687500E-1,1.302546E-3
4.690972E-1,1.305174E-3
4.694444E-1,1.307803E-3
4.697917E-1,1.310431E-3
4.701389E-1,1.313060E-3
4.704861E-1,1.315688E-3
4.708333E-1,1.318317E-3
4.711806E-1,1.320945E-3
4.715278E-1,1.323574E-3
4.718750E-1,1.326202E-3
4.722222E-1,1.328831E-3
4.725694E-1,1.331459E-3
4.729167E-1,1.334088E-3
4.732639E-1,1.336717E-3
4.736111E-1,1.339345E-3
4.739583E-1,1.341973E-3
4.743056E-1,1.344602E-3
4.746528E-1,1.347231E-3
4.750000E-1,1.349859E-3
4.753472E-1,1.352488E-3
4.756944E-1,1.355116E-3
4.760417E-1,1.357745E-3
4.763889E-1,1.360373E-3
4.767361E-1,1.363002E-3
4.770833E-1,1.365630E-3
4.774306E-1,1.368259E-3
4.777778E-1,1.370887E-3
4.781250E-1,1.373516E-3
4.784722E-1,1.376144E-3
4.788194E-1,1.378773E-3
4.791667E-1,1.381401E-3
4.795139E-1,1.384030E-3
4.798611E-1,1.386658E-3
4.802083E-1,1.389287E-3
4.805556E-1,1.391915E-3
4.809028E-1,1.394544E-3
4.812500E-1,1.397172E-3
4.815972E-1,1.399801E-3
4.819444E-1,1.402429E-3
4.822917E-1,1.405058E-3
4.826389E-1,1.407686E-3
4.829861E-1,1.410315E-3
4.833333E-1,1.412943E-3
4.836806E-1,1.415572E-3
4.840278E-1,1.418200E-3
4.843750E-1,1.420829E-3
4.847222E-1,1.423457E-3
4.850694E-1,1.426086E-3
4.854167E-1,1.428714E-3
4.857639E-1,1.431343E-3
4.861111E-1,1.433971E-3
4.864583E-1,1.436600E-3
4.868056E-1,1.439228E-3
4.871528E-1,1.441857E-3
4.875000E-1,1.444485E-3
4.878472E-1,1.447114E-3
4.881944E-1,1.449742E-3
4.885417E-1,1.452371E-3
4.888889E-1,1.454999E-3
4.892361E-1,1.457628E-3
4.895833E-1,1.460256E-3
4.899306E-1,1.462885E-3
4.902778E-1,1.465513E-3
4.906250E-1,1.468142E-3
4.909722E-1,1.470770E-3
4.913194E-1,1.473399E-3
4.916667E-1,1.476028E-3
4.920139E-1,1.478656E-3
4.923611E-1,1.481285E-3
4.927083E-1,1.483913E-3
4.930556E-1,1.486542E-3
4.934028E-1,1.489170E-3
4.937500E-1,1.491799E-3
4.940972E-1,1.494427E-3
4.944444E-1,1.497056E-3
4.947917E-1,1.499684E-3
4.951389E-1,1.502313E-3
4.954861E-1,1.504941E-3
4.958333E-1,1.507570E-3
4.961806E-1,1.510198E-3
4.965278E-1,1.512827E-3
4.968750E-1,1.515455E-3
4.972222E-1,1.518084E-3
4.975694E-1,1.520712E-3
4.979167E-1,1.523341E-3
4.982639E-1,1.525969E-3
4.986111E-1,1.528598E-3
4.989583E-1,1.531226E-3
4.993056E-1,1.533855E-3
4.996528E-1,1.536483E-3
5.000000E-1,1.539112E-3
5.003472E-1,1.541740E-3
5.006944E-1,1.544369E-3
5.010417E-1,1.546997E-3
5.013889E-1,1.549626E-3
5.017361E-1,1.552254E-3
5.020833E-1,1.554883E-3
5.024306E-1,1.557511E-3
5.027778E-1,1.560140E-3
5.031250E-1,1.562768E-3
5.034722E-1,1.565397E-3
5.038194E-1,1.568025E-3
5.041667E-1,1.570654E-3
5.045139E-1,1.573153E-3
5.048611E-1,1.575226E-3
5.052083E-1,1.577299E-3
5.055556E-1,1.579372E-3
5.059028E-1,1.581445E-3
5.062500E-1,1.583518E-3
5.065972E-1,1.585591E-3
5.069444E-1,1.587664E-3
5.072917E-1,1.589737E-3
5.076389E-1,1.591810E-3
5.079861E-1,1.593883E-3
5.083333E-1,1.595956E-3
5.086806E-1,1.598029E-3
5.090278E-1,1.600102E-3
5.093750E-1,1.602175E-3
5.097222E-1,1.604248E-3
5.100694E-1,1.606321E-3
5.104167E-1,1.608394E-3
5.107639E-1,1.610467E-3
5.111111E-1,1.612540E-3
5.114583E-1,1.614613E-3
5.118056E-1,1.616686E-3
5.121528E-1,1.618759E-3
5.125000E-1,1.620832E-3
5.128472E-1,1.622905E-3
5.131944E-1,1.624978E-3
5.135417E-1,1.627051E-3
5.138889E-1,1.629124E-3
5.142361E-1,1.631197E-3
5.145833E-1,1.633270E-3
5.149306E-1,1.635343E-3
5.152778E-1,1.637416E-3
5.156250E-1,1.639489E-3
5.159722E-1,1.641562E-3
5.163194E-1,1.643635E-3
5.166667E-1,1.645708E-3
5.170139E-1,1.647781E-3
5.173611E-1,1.649854E-3
5.177083E-1,1.651927E-3
5.180556E-1,1.654001E-3
5.184028E-1,1.656074E-3
5.187500E-1,1.658147E-3
5.190972E-1,1.660220E-3
5.194444E-1,1.662293E-3
5.197917E-1,1.664366E-3
5.201389E-1,1.666439E-3
5.204861E-1,1.668512E-3
5.208333E-1,1.670585E-3
5.211806E-1,1.672658E-3
5.215278E-1,1.674731E-3
5.218750E-1,1.676804E-3
5.222222E-1,1.678877E-3
5.225694E-1,1.680950E-3
5.229167E-1,1.683023E-3
5.232639E-1,1.685096E-3
5.236111E-1,1.687169E-3
5.239583E-1,1.689242E-3
5.243056E-1,1.691315E-3
5.246528E-1,1.693388E-3
5.250000E-1,1.695461E-3
5.253472E-1,1.697534E-3
5.256944E-1,1.699607E-3
5.260417E-1,1.701680E-3
5.263889E-1,1.703753E-3
5.267361E-1,1.705826E-3
5.270833E-1,1.707899E-3
5.274306E-1,1.709972E-3
5.277778E-1,1.712045E-3
5.281250E-1,1.714118E-3
5.284722E-1,1.716191E-3
5.288194E-1,1.718264E-3
5.291667E-1,1.720337E-3
5.295139E-1,1.722410E-3
5.298611E-1,1.724483E-3
5.302083E-1,1.726556E-3
5.305556E-1,1.728629E-3
5.309028E-1,1.730702E-3
5.312500E-1,1.732775E-3
5.315972E-1,1.734848E-3
5.319444E-1,1.736921E-3
5.322917E-1,1.738994E-3
5.326389E-1,1.741067E-3
5.329861E-1,1.743140E-3
5.333333E-1,1.745213E-3
5.336806E-1,1.747286E-3
5.340278E-1,1.749359E-3
5.343750E-1,1.751432E-3
5.347222E-1,1.753505E-3
5.350694E-1,1.755578E-3
5.354167E-1,1.757651E-3
5.357639E-1,1.759724E-3
5.361111E-1,1.761797E-3
5.364583E-1,1.763870E-3
5.368056E-1,1.765943E-3
5.371528E-1,1.768016E-3
5.375000E-1,1.770089E-3
5.378472E-1,1.772162E-3
5.381944E-1,1.774235E-3
5.385417E-1,1.776308E-3
5.388889E-1,1.778381E-3
5.392361E-1,1.780454E-3
5.395833E-1,1.782527E-3
5.399306E-1,1.784601E-3
5.402778E-1,1.786674E-3
5.406250E-1,1.788747E-3
5.409722E-1,1.790820E-3
5.413194E-1,1.792893E-3
5.416667E-1,1.794966E-3
5.420139E-1,1.797039E-3
5.423611E-1,1.799112E-3
5.427083E-1,1.801185E-3
5.430556E-1,1.803258E-3
5.434028E-1,1.805331E-3
5.437500E-1,1.807404E-3
5.440972E-1,1.809477E-3
5.444444E-1,1.811550E-3
5.447917E-1,1.813623E-3
5.451389E-1,1.815696E-3
5.454861E-1,1.817769E-3
5.458333E-1,1.819842E-3
5.461806E-1,1.821915E-3
5.465278E-1,1.823988E-3
5.468750E-1,1.826061E-3
5.472222E-1,1.828134E-3
5.475694E-1,1.830207E-3
5.479167E-1,1.832280E-3
5.482639E-1,1.834353E-3
5.486111E-1,1.836426E-3
5.489583E-1,1.838499E-3
5.493056E-1,1.840572E-3
5.496528E-1,1.842645E-3
5.500000E-1,1.844718E-3
5.503472E-1,1.846791E-3
5.506944E-1,1.848864E-3
5.510417E-1,1.851948E-3
5.513889E-1,1.855181E-3
5.517361E-1,1.858414E-3
5.520833E-1,1.861647E-3
5.524306E-1,1.864880E-3
5.527778E-1,1.868113E-3
5.531250E-1,1.871346E-3
5.534722E-1,1.874579E-3
5.538194E-1,1.877812E-3
5.541667E-1,1.881045E-3
5.545139E-1,1.884278E-3
5.548611E-1,1.887511E-3
5.552083E-1,1.890744E-3
5.555556E-1,1.893977E-3
5.559028E-1,1.897210E-3
5.562500E-1,1.900443E-3
5.565972E-1,1.903676E-3
5.569444E-1,1.906909E-3
5.572917E-1,1.910142E-3
5.576389E-1,1.913375E-3
5.579861E-1,1.916608E-3
5.583333E-1,1.919840E-3
5.586806E-1,1.923074E-3
5.590278E-1,1.926306E-3
5.593750E-1,1.929539E-3
5.597222E-1,1.932772E-3
5.600694E-1,1.936005E-3
5.604167E-1,1.939238E-3
5.607639E-1,1.942471E-3
5.611111E-1,1.945704E-3
5.614583E-1,1.948937E-3
5.618056E-1,1.952170E-3
5.621528E-1,1.955403E-3
5.625000E-1,1.958636E-3
5.628472E-1,1.961869E-3
5.631944E-1,1.965102E-3
5.635417E-1,1.968335E-3
5.638889E-1,1.971568E-3
5.642361E-1,1.974801E-3
5.645833E-1,1.978034E-3
5.649306E-1,1.981267E-3
5.652778E-1,1.984500E-3
5.656250E-1,1.987733E-3
5.659722E-1,1.990966E-3
5.663194E-1,1.994199E-3
5.666667E-1,1.997432E-3
5.670139E-1,2.000665E-3
5.673611E-1,2.003898E-3
5.677083E-1,2.007131E-3
5.680556E-1,2.010364E-3
5.684028E-1,2.013597E-3
5.687500E-1,2.016830E-3
5.690972E-1,2.020063E-3
5.694444E-1,2.023296E-3
5.697917E-1,2.026529E-3
5.701389E-1,2.029762E-3
5.704861E-1,2.032994E-3
5.708333E-1,2.036227E-3
5.711806E-1,2.039460E-3
5.715278E-1,2.042693E-3
5.718750E-1,2.045926E-3
5.722222E-1,2.049159E-3
5.725694E-1,2.052392E-3
5.729167E-1,2.055625E-3
5.732639E-1,2.058858E-3
5.736111E-1,2.062091E-3
5.739583E-1,2.065324E-3
5.743056E-1,2.068557E-3
5.746528E-1,2.071790E-3
5.750000E-1,2.075023E-3
5.753472E-1,2.078256E-3
5.756944E-1,2.081489E-3
5.760417E-1,2.084722E-3
5.763889E-1,2.087955E-3
5.767361E-1,2.091188E-3
5.770833E-1,2.094421E-3
5.774306E-1,2.097654E-3
5.777778E-1,2.100887E-3
5.781250E-1,2.104120E-3
5.784722E-1,2.107353E-3
5.788194E-1,2.110586E-3
5.791667E-1,2.113819E-3
5.795139E-1,2.117052E-3
5.798611E-1,2.120285E-3
5.802083E-1,2.123518E-3
5.805556E-1,2.126751E-3
5.809028E-1,2.129984E-3
5.812500E-1,2.133217E-3
5.815972E-1,2.136450E-3
5.819444E-1,2.139683E-3
5.822917E-1,2.142916E-3
5.826389E-1,2.146149E-3
5.829861E-1,2.149381E-3
5.833333E-1,2.152614E-3
5.836806E-1,2.155847E-3
5.840278E-1,2.159080E-3
5.843750E-1,2.162313E-3
5.847222E-1,2.165546E-3
5.850694E-1,2.168779E-3
5.854167E-1,2.172012E-3
5.857639E-1,2.175245E-3
5.861111E-1,2.178478E-3
5.864583E-1,2.181711E-3
5.868056E-1,2.184944E-3
5.871528E-1,2.188177E-3
5.875000E-1,2.191410E-3
5.878472E-1,2.194643E-3
5.881944E-1,2.197876E-3
5.885417E-1,2.201109E-3
5.888889E-1,2.204342E-3
5.892361E-1,2.207575E-3
5.895833E-1,2.210808E-3
5.899306E-1,2.214041E-3
5.902778E-1,2.217274E-3
5.906250E-1,2.220507E-3
5.909722E-1,2.223740E-3
5.913194E-1,2.226973E-3
5.916667E-1,2.230206E-3
5.920139E-1,2.233439E-3
5.923611E-1,2.236672E-3
5.927083E-1,2.239905E-3
5.930556E-1,2.243138E-3
5.934028E-1,2.246371E-3
5.937500E-1,2.249604E-3
5.940972E-1,2.252831E-3
5.944444E-1,2.255843E-3
5.947917E-1,2.258855E-3
5.951389E-1,2.261866E-3
5.954861E-1,2.264878E-3
5.958333E-1,2.267890E-3
5.961806E-1,2.270901E-3
5.965278E-1,2.273913E-3
5.968750E-1,2.276925E-3
5.972222E-1,2.279936E-3
5.975694E-1,2.282948E-3
5.979167E-1,2.285960E-3
5.982639E-1,2.288971E-3
5.986111E-1,2.291983E-3
5.989583E-1,2.294994E-3
5.993056E-1,2.298006E-3
5.996528E-1,2.301018E-3
6.000000E-1,2.304029E-3
6.003472E-1,2.307041E-3
6.006944E-1,2.310053E-3
6.010417E-1,2.313064E-3
6.013889E-1,2.316076E-3
6.017361E-1,2.319088E-3
6.020833E-1,2.322099E-3
6.024306E-1,2.325111E-3
6.027778E-1,2.328123E-3
6.031250E-1,2.331134E-3
6.034722E-1,2.334146E-3
6.038194E-1,2.337158E-3
6.041667E-1,2.340169E-3
6.045139E-1,2.343181E-3
6.048611E-1,2.346193E-3
6.052083E-1,2.349204E-3
6.055556E-1,2.352216E-3
6.059028E-1,2.355227E-3
6.062500E-1,2.358239E-3
6.065972E-1,2.361251E-3
6.069444E-1,2.364262E-3
6.072917E-1,2.367274E-3
6.076389E-1,2.370286E-3
6.079861E-1,2.373297E-3
6.083333E-1,2.376309E-3
6.086806E-1,2.379321E-3
6.090278E-1,2.382332E-3
6.093750E-1,2.385344E-3
6.097222E-1,2.388356E-3
6.100694E-1,2.391367E-3
6.104167E-1,2.394379E-3
6.107639E-1,2.397391E-3
6.111111E-1,2.400402E-3
6.114583E-1,2.403414E-3
6.118056E-1,2.406426E-3
6.121528E-1,2.409437E-3
6.125000E-1,2.412449E-3
6.128472E-1,2.415460E-3
6.131944E-1,2.418472E-3
6.135417E-1,2.421484E-3
6.138889E-1,2.424495E-3
6.142361E-1,2.427507E-3
6.145833E-1,2.430519E-3
6.149306E-1,2.433530E-3
6.152778E-1,2.436542E-3
6.156250E-1,2.439554E-3
6.159722E-1,2.442565E-3
6.163194E-1,2.445577E-3
6.166667E-1,2.448589E-3
6.170139E-1,2.451600E-3
6.173611E-1,2.454612E-3
6.177083E-1,2.457624E-3
6.180556E-1,2.460635E-3
6.184028E-1,2.463647E-3
6.187500E-1,2.466659E-3
6.190972E-1,2.469670E-3
6.194444E-1,2.472682E-3
6.197917E-1,2.475694E-3
6.201389E-1,2.478705E-3
6.204861E-1,2.481717E-3
6.208333E-1,2.484728E-3
6.211806E-1,2.487740E-3
6.215278E-1,2.490752E-3
6.218750E-1,2.493763E-3
6.222222E-1,2.496775E-3
6.225694E-1,2.499787E-3
6.229167E-1,2.502798E-3
6.232639E-1,2.505810E-3
6.236111E-1,2.508822E-3
6.239583E-1,2.511833E-3
6.243056E-1,2.514845E-3
6.246528E-1,2.517857E-3
6.250000E-1,2.520868E-3
6.253472E-1,2.523880E-3
6.256944E-1,2.526892E-3
6.260417E-1,2.529903E-3
6.263889E-1,2.532915E-3
6.267361E-1,2.535927E-3
6.270833E-1,2.538938E-3
6.274306E-1,2.541950E-3
6.277778E-1,2.544962E-3
6.281250E-1,2.547973E-3
6.284722E-1,2.550985E-3
6.288194E-1,2.553996E-3
6.291667E-1,2.557008E-3
6.295139E-1,2.560020E-3
6.298611E-1,2.563031E-3
6.302083E-1,2.566043E-3
6.305556E-1,2.569055E-3
6.309028E-1,2.572066E-3
6.312500E-1,2.575078E-3
6.315972E-1,2.578090E-3
6.319444E-1,2.581101E-3
6.322917E-1,2.584113E-3
6.326389E-1,2.587125E-3
6.329861E-1,2.590136E-3
6.333333E-1,2.593148E-3
6.336806E-1,2.596160E-3
6.340278E-1,2.599171E-3
6.343750E-1,2.602183E-3
6.347222E-1,2.605195E-3
6.350694E-1,2.608206E-3
6.354167E-1,2.611218E-3
6.357639E-1,2.614230E-3
6.361111E-1,2.617241E-3
6.364583E-1,2.620253E-3
6.368056E-1,2.623264E-3
6.371528E-1,2.626276E-3
6.375000E-1,2.629437E-3
6.378472E-1,2.633287E-3
6.381944E-1,2.637137E-3
6.385417E-1,2.640987E-3
6.388889E-1,2.644836E-3
6.392361E-1,2.648686E-3
6.395833E-1,2.652536E-3
6.399306E-1,2.656386E-3
6.402778E-1,2.660235E-3
6.406250E-1,2.664085E-3
6.409722E-1,2.667935E-3
6.413194E-1,2.671785E-3
6.416667E-1,2.675634E-3
6.420139E-1,2.679484E-3
6.423611E-1,2.683334E-3
6.427083E-1,2.687184E-3
6.430556E-1,2.691033E-3
6.434028E-1,2.694883E-3
6.437500E-1,2.698733E-3
6.440972E-1,2.702583E-3
6.444444E-1,2.706432E-3
6.447917E-1,2.710282E-3
6.451389E-1,2.714132E-3
6.454861E-1,2.717982E-3
6.458333E-1,2.721831E-3
6.461806E-1,2.725681E-3
6.465278E-1,2.729531E-3
6.468750E-1,2.733381E-3
6.472222E-1,2.737230E-3
6.475694E-1,2.741080E-3
6.479167E-1,2.744930E-3
6.482639E-1,2.748779E-3
6.486111E-1,2.752629E-3
6.489583E-1,2.756479E-3
6.493056E-1,2.760329E-3
6.496528E-1,2.764178E-3
6.500000E-1,2.768028E-3
6.503472E-1,2.771878E-3
6.506944E-1,2.775728E-3
6.510417E-1,2.779577E-3
6.513889E-1,2.783427E-3
6.517361E-1,2.787277E-3
6.520833E-1,2.791127E-3
6.524306E-1,2.794976E-3
6.527778E-1,2.798826E-3
6.531250E-1,2.802676E-3
6.534722E-1,2.806526E-3
6.538194E-1,2.810375E-3
6.541667E-1,2.814225E-3
6.545139E-1,2.818075E-3
6.548611E-1,2.821925E-3
6.552083E-1,2.825774E-3
6.555556E-1,2.829624E-3
6.559028E-1,2.833474E-3
6.562500E-1,2.837324E-3
6.565972E-1,2.841173E-3
6.569444E-1,2.845023E-3
6.572917E-1,2.848873E-3
6.576389E-1,2.852723E-3
6.579861E-1,2.856572E-3
6.583333E-1,2.860422E-3
6.586806E-1,2.864272E-3
6.590278E-1,2.868122E-3
6.593750E-1,2.871971E-3
6.597222E-1,2.875821E-3
6.600694E-1,2.879671E-3
6.604167E-1,2.883521E-3
6.607639E-1,2.887370E-3
6.611111E-1,2.891220E-3
6.614583E-1,2.895070E-3
6.618056E-1,2.898920E-3
6.621528E-1,2.902769E-3
6.625000E-1,2.906619E-3
6.628472E-1,2.910469E-3
6.631944E-1,2.914318E-3
6.635417E-1,2.918168E-3
6.638889E-1,2.922018E-3
6.642361E-1,2.925868E-3
6.645833E-1,2.929717E-3
6.649306E-1,2.933567E-3
6.652778E-1,2.937417E-3
6.656250E-1,2.941267E-3
6.659722E-1,2.945116E-3
6.663194E-1,2.948966E-3
6.666667E-1,2.952816E-3
6.670139E-1,2.956666E-3
6.673611E-1,2.960515E-3
6.677083E-1,2.964365E-3
6.680556E-1,2.968215E-3
6.684028E-1,2.972065E-3
6.687500E-1,2.975914E-3
6.690972E-1,2.979764E-3
6.694444E-1,2.983614E-3
6.697917E-1,2.987464E-3
6.701389E-1,2.991313E-3
6.704861E-1,2.995163E-3
6.708333E-1,2.999013E-3
6.711806E-1,3.002863E-3
6.715278E-1,3.006712E-3
6.718750E-1,3.010562E-3
6.722222E-1,3.014412E-3
6.725694E-1,3.018262E-3
6.729167E-1,3.022111E-3
6.732639E-1,3.025961E-3
6.736111E-1,3.029811E-3
6.739583E-1,3.033661E-3
6.743056E-1,3.037510E-3
6.746528E-1,3.041360E-3
6.750000E-1,3.045210E-3
6.753472E-1,3.049060E-3
6.756944E-1,3.052909E-3
6.760417E-1,3.056759E-3
6.763889E-1,3.060609E-3
6.767361E-1,3.064458E-3
6.770833E-1,3.068308E-3
6.774306E-1,3.072158E-3
6.777778E-1,3.076008E-3
6.781250E-1,3.079826E-3
6.784722E-1,3.083639E-3
6.788194E-1,3.087451E-3
6.791667E-1,3.091264E-3
6.795139E-1,3.095077E-3
6.798611E-1,3.098889E-3
6.802083E-1,3.102702E-3
6.805556E-1,3.106515E-3
6.809028E-1,3.110327E-3
6.812500E-1,3.114140E-3
6.815972E-1,3.117952E-3
6.819444E-1,3.121765E-3
6.822917E-1,3.125578E-3
6.826389E-1,3.129390E-3
6.829861E-1,3.133203E-3
6.833333E-1,3.137016E-3
6.836806E-1,3.140828E-3
6.840278E-1,3.144641E-3
6.843750E-1,3.148454E-3
6.847222E-1,3.152266E-3
6.850694E-1,3.156079E-3
6.854167E-1,3.159891E-3
6.857639E-1,3.163704E-3
6.861111E-1,3.167517E-3
6.864583E-1,3.171329E-3
6.868056E-1,3.175142E-3
6.871528E-1,3.178955E-3
6.875000E-1,3.182767E-3
6.878472E-1,3.186580E-3
6.881944E-1,3.190392E-3
6.885417E-1,3.194205E-3
6.888889E-1,3.198018E-3
6.892361E-1,3.201830E-3
6.895833E-1,3.205643E-3
6.899306E-1,3.209456E-3
6.902778E-1,3.213268E-3
6.906250E-1,3.217081E-3
6.909722E-1,3.220893E-3
6.913194E-1,3.224706E-3
6.916667E-1,3.228519E-3
6.920139E-1,3.232331E-3
6.923611E-1,3.236144E-3
6.927083E-1,3.239957E-3
6.930556E-1,3.243769E-3
6.934028E-1,3.247582E-3
6.937500E-1,3.251394E-3
6.940972E-1,3.255207E-3
6.944444E-1,3.259020E-3
6.947917E-1,3.262832E-3
6.951389E-1,3.266645E-3
6.954861E-1,3.270458E-3
6.958333E-1,3.274270E-3
6.961806E-1,3.278083E-3
6.965278E-1,3.281895E-3
6.968750E-1,3.285708E-3
6.972222E-1,3.289521E-3
6.975694E-1,3.293333E-3
6.979167E-1,3.297146E-3
6.982639E-1,3.300959E-3
6.986111E-1,3.304771E-3
6.989583E-1,3.308584E-3
6.993056E-1,3.312396E-3
6.996528E-1,3.316209E-3
7.000000E-1,3.320022E-3
7.003472E-1,3.323834E-3
7.006944E-1,3.327647E-3
7.010417E-1,3.331460E-3
7.013889E-1,3.335272E-3
7.017361E-1,3.339085E-3
7.020833E-1,3.342897E-3
7.024306E-1,3.346710E-3
7.027778E-1,3.350523E-3
7.031250E-1,3.354335E-3
7.034722E-1,3.358148E-3
7.038194E-1,3.361961E-3
7.041667E-1,3.365773E-3
7.045139E-1,3.369586E-3
7.048611E-1,3.373398E-3
7.052083E-1,3.377211E-3
7.055556E-1,3.381024E-3
7.059028E-1,3.384836E-3
7.062500E-1,3.388649E-3
7.065972E-1,3.392462E-3
7.069444E-1,3.396274E-3
7.072917E-1,3.400087E-3
7.076389E-1,3.403899E-3
7.079861E-1,3.407712E-3
7.083333E-1,3.411525E-3
7.086806E-1,3.415337E-3
7.090278E-1,3.419150E-3
7.093750E-1,3.422963E-3
7.097222E-1,3.426775E-3
7.100694E-1,3.430588E-3
7.104167E-1,3.434400E-3
7.107639E-1,3.438213E-3
7.111111E-1,3.442026E-3
7.114583E-1,3.445838E-3
7.118056E-1,3.449651E-3
7.121528E-1,3.453464E-3
7.125000E-1,3.457276E-3
7.128472E-1,3.461089E-3
7.131944E-1,3.464901E-3
7.135417E-1,3.468714E-3
7.138889E-1,3.472527E-3
7.142361E-1,3.476339E-3
7.145833E-1,3.480152E-3
7.149306E-1,3.483965E-3
7.152778E-1,3.487777E-3
7.156250E-1,3.491590E-3
7.159722E-1,3.495402E-3
7.163194E-1,3.499215E-3
7.166667E-1,3.503028E-3
7.170139E-1,3.506840E-3
7.173611E-1,3.510653E-3
7.177083E-1,3.514466E-3
7.180556E-1,3.518278E-3
7.184028E-1,3.522091E-3
7.187500E-1,3.525903E-3
7.190972E-1,3.529716E-3
7.194444E-1,3.533529E-3
7.197917E-1,3.537341E-3
7.201389E-1,3.541154E-3
7.204861E-1,3.544967E-3
7.208333E-1,3.548779E-3
7.211806E-1,3.552592E-3
7.215278E-1,3.556404E-3
7.218750E-1,3.560217E-3
7.222222E-1,3.564030E-3
7.225694E-1,3.567842E-3
7.229167E-1,3.571655E-3
7.232639E-1,3.574858E-3
7.236111E-1,3.576761E-3
7.239583E-1,3.578665E-3
7.243056E-1,3.580568E-3
7.246528E-1,3.582471E-3
7.250000E-1,3.584375E-3
7.253472E-1,3.586278E-3
7.256944E-1,3.588182E-3
7.260417E-1,3.590085E-3
7.263889E-1,3.591988E-3
7.267361E-1,3.593892E-3
7.270833E-1,3.595795E-3
7.274306E-1,3.597699E-3
7.277778E-1,3.599602E-3
7.281250E-1,3.601505E-3
7.284722E-1,3.603409E-3
7.288194E-1,3.605312E-3
7.291667E-1,3.607216E-3
7.295139E-1,3.609119E-3
7.298611E-1,3.611022E-3
7.302083E-1,3.612926E-3
7.305556E-1,3.614829E-3
7.309028E-1,3.616733E-3
7.312500E-1,3.618636E-3
7.315972E-1,3.620539E-3
7.319444E-1,3.622443E-3
7.322917E-1,3.624346E-3
7.326389E-1,3.626250E-3
7.329861E-1,3.628153E-3
7.333333E-1,3.630056E-3
7.336806E-1,3.631960E-3
7.340278E-1,3.633863E-3
7.343750E-1,3.635767E-3
7.347222E-1,3.637670E-3
7.350694E-1,3.639573E-3
7.354167E-1,3.641477E-3
7.357639E-1,3.643380E-3
7.361111E-1,3.645283E-3
7.364583E-1,3.647187E-3
7.368056E-1,3.649090E-3
7.371528E-1,3.650994E-3
7.375000E-1,3.652897E-3
7.378472E-1,3.654800E-3
7.381944E-1,3.656704E-3
7.385417E-1,3.658607E-3
7.388889E-1,3.660511E-3
7.392361E-1,3.662414E-3
7.395833E-1,3.664317E-3
7.399306E-1,3.666221E-3
7.402778E-1,3.668124E-3
7.406250E-1,3.670028E-3
7.409722E-1,3.671931E-3
7.413194E-1,3.673834E-3
7.416667E-1,3.675738E-3
7.420139E-1,3.677641E-3
7.423611E-1,3.679545E-3
7.427083E-1,3.681448E-3
7.430556E-1,3.683351E-3
7.434028E-1,3.685255E-3
7.437500E-1,3.687158E-3
7.440972E-1,3.689062E-3
7.444444E-1,3.690965E-3
7.447917E-1,3.692868E-3
7.451389E-1,3.694772E-3
7.454861E-1,3.696675E-3
7.458333E-1,3.698579E-3
7.461806E-1,3.700482E-3
7.465278E-1,3.702385E-3
7.468750E-1,3.704289E-3
7.472222E-1,3.706192E-3
7.475694E-1,3.708095E-3
7.479167E-1,3.709999E-3
7.482639E-1,3.711902E-3
7.486111E-1,3.713806E-3
7.489583E-1,3.715709E-3
7.493056E-1,3.717613E-3
7.496528E-1,3.719516E-3
7.500000E-1,3.721419E-3
7.503472E-1,3.723323E-3
7.506944E-1,3.725226E-3
7.510417E-1,3.727129E-3
7.513889E-1,3.729033E-3
7.517361E-1,3.730936E-3
7.520833E-1,3.732840E-3
7.524306E-1,3.734743E-3
7.527778E-1,3.736646E-3
7.531250E-1,3.738550E-3
7.534722E-1,3.740453E-3
7.538194E-1,3.742357E-3
7.541667E-1,3.744260E-3
7.545139E-1,3.746163E-3
7.548611E-1,3.748067E-3
7.552083E-1,3.749970E-3
7.555556E-1,3.751874E-3
7.559028E-1,3.753777E-3
7.562500E-1,3.755680E-3
7.565972E-1,3.757584E-3
7.569444E-1,3.759487E-3
7.572917E-1,3.761391E-3
7.576389E-1,3.763294E-3
7.579861E-1,3.765197E-3
7.583333E-1,3.767101E-3
7.586806E-1,3.769004E-3
7.590278E-1,3.770908E-3
7.593750E-1,3.772811E-3
7.597222E-1,3.774714E-3
7.600694E-1,3.776618E-3
7.604167E-1,3.778521E-3
7.607639E-1,3.780425E-3
7.611111E-1,3.782328E-3
7.614583E-1,3.784231E-3
7.618056E-1,3.786135E-3
7.621528E-1,3.788038E-3
7.625000E-1,3.789941E-3
7.628472E-1,3.791845E-3
7.631944E-1,3.793748E-3
7.635417E-1,3.795652E-3
7.638889E-1,3.797555E-3
7.642361E-1,3.799458E-3
7.645833E-1,3.801362E-3
7.649306E-1,3.803265E-3
7.652778E-1,3.805169E-3
7.656250E-1,3.807072E-3
7.659722E-1,3.808975E-3
7.663194E-1,3.810879E-3
7.666667E-1,3.812782E-3
7.670139E-1,3.814686E-3
7.673611E-1,3.816589E-3
7.677083E-1,3.818492E-3
7.680556E-1,3.820396E-3
7.684028E-1,3.822299E-3
7.687500E-1,3.824203E-3
7.690972E-1,3.826106E-3
7.694444E-1,3.828009E-3
7.697917E-1,3.829913E-3
7.701389E-1,3.831816E-3
7.704861E-1,3.833720E-3
7.708333E-1,3.835623E-3
7.711806E-1,3.837526E-3
7.715278E-1,3.839430E-3
7.718750E-1,3.841333E-3
7.722222E-1,3.843237E-3
7.725694E-1,3.845140E-3
7.729167E-1,3.847043E-3
7.732639E-1,3.848947E-3
7.736111E-1,3.850850E-3
7.739583E-1,3.852753E-3
7.743056E-1,3.854657E-3
7.746528E-1,3.856560E-3
7.750000E-1,3.858464E-3
7.753472E-1,3.860367E-3
7.756944E-1,3.862270E-3
7.760417E-1,3.864174E-3
7.763889E-1,3.866077E-3
7.767361E-1,3.867981E-3
7.770833E-1,3.869884E-3
7.774306E-1,3.871787E-3
7.777778E-1,3.873691E-3
7.781250E-1,3.875594E-3
7.784722E-1,3.877498E-3
7.788194E-1,3.879401E-3
7.791667E-1,3.881304E-3
7.795139E-1,3.883208E-3
7.798611E-1,3.885111E-3
7.802083E-1,3.887015E-3
7.805556E-1,3.888918E-3
7.809028E-1,3.890821E-3
7.812500E-1,3.892725E-3
7.815972E-1,3.894628E-3
7.819444E-1,3.896532E-3
7.822917E-1,3.898435E-3
7.826389E-1,3.900338E-3
7.829861E-1,3.902242E-3
7.833333E-1,3.904145E-3
7.836806E-1,3.906049E-3
7.840278E-1,3.907952E-3
7.843750E-1,3.909855E-3
7.847222E-1,3.911759E-3
7.850694E-1,3.913662E-3
7.854167E-1,3.915566E-3
7.857639E-1,3.917469E-3
7.861111E-1,3.919372E-3
7.864583E-1,3.921276E-3
7.868056E-1,3.923179E-3
7.871528E-1,3.925083E-3
7.875000E-1,3.926986E-3
7.878472E-1,3.928889E-3
7.881944E-1,3.930793E-3
7.885417E-1,3.932696E-3
7.888889E-1,3.934599E-3
7.892361E-1,3.936503E-3
7.895833E-1,3.938406E-3
7.899306E-1,3.940310E-3
7.902778E-1,3.942213E-3
7.906250E-1,3.944116E-3
7.909722E-1,3.946020E-3
7.913194E-1,3.947923E-3
7.916667E-1,3.949827E-3
7.920139E-1,3.951730E-3
7.923611E-1,3.953633E-3
7.927083E-1,3.955537E-3
7.930556E-1,3.957440E-3
7.934028E-1,3.959344E-3
7.937500E-1,3.961247E-3
7.940972E-1,3.963150E-3
7.944444E-1,3.965054E-3
7.947917E-1,3.966957E-3
7.951389E-1,3.968861E-3
7.954861E-1,3.970764E-3
7.958333E-1,3.972667E-3
7.961806E-1,3.974571E-3
7.965278E-1,3.976474E-3
7.968750E-1,3.978378E-3
7.972222E-1,3.980281E-3
7.975694E-1,3.982184E-3
7.979167E-1,3.984088E-3
7.982639E-1,3.985991E-3
7.986111E-1,3.987895E-3
7.989583E-1,3.989798E-3
7.993056E-1,3.991701E-3
7.996528E-1,3.993605E-3
8.000000E-1,3.995508E-3
8.003472E-1,3.997411E-3
8.006944E-1,3.999315E-3
8.010417E-1,4.001218E-3
8.013889E-1,4.003122E-3
8.017361E-1,4.005025E-3
8.020833E-1,4.006928E-3
8.024306E-1,4.008832E-3
8.027778E-1,4.010735E-3
8.031250E-1,4.012639E-3
8.034722E-1,4.014542E-3
8.038194E-1,4.016445E-3
8.041667E-1,4.018349E-3
8.045139E-1,4.020252E-3
8.048611E-1,4.022156E-3
8.052083E-1,4.024059E-3
8.055556E-1,4.025962E-3
8.059028E-1,4.027866E-3
8.062500E-1,4.029769E-3
8.065972E-1,4.031673E-3
8.069444E-1,4.033576E-3
8.072917E-1,4.035479E-3
8.076389E-1,4.037383E-3
8.079861E-1,4.039286E-3
8.083333E-1,4.041190E-3
8.086806E-1,4.043093E-3
8.090278E-1,4.044996E-3
8.093750E-1,4.046900E-3
8.097222E-1,4.048803E-3
8.100694E-1,4.050707E-3
8.104167E-1,4.052610E-3
8.107639E-1,4.054513E-3
8.111111E-1,4.056417E-3
8.114583E-1,4.058320E-3
8.118056E-1,4.060224E-3
8.121528E-1,4.062127E-3
8.125000E-1,4.064030E-3
8.128472E-1,4.065934E-3
8.131944E-1,4.067837E-3
8.135417E-1,4.069741E-3
8.138889E-1,4.071644E-3
8.142361E-1,4.073547E-3
8.145833E-1,4.075451E-3
8.149306E-1,4.077354E-3
8.152778E-1,4.079257E-3
8.156250E-1,4.081161E-3
8.159722E-1,4.083064E-3
8.163194E-1,4.084968E-3
8.166667E-1,4.086871E-3
8.170139E-1,4.088774E-3
8.173611E-1,4.090678E-3
8.177083E-1,4.092581E-3
8.180556E-1,4.094485E-3
8.184028E-1,4.096388E-3
8.187500E-1,4.098291E-3
8.190972E-1,4.100195E-3
8.194444E-1,4.102098E-3
8.197917E-1,4.104002E-3
8.201389E-1,4.105905E-3
8.204861E-1,4.107808E-3
8.208333E-1,4.109712E-3
8.211806E-1,4.111615E-3
8.215278E-1,4.113519E-3
8.218750E-1,4.115422E-3
8.222222E-1,4.117325E-3
8.225694E-1,4.119229E-3
8.229167E-1,4.121132E-3
8.232639E-1,4.123036E-3
8.236111E-1,4.124939E-3
8.239583E-1,4.126842E-3
8.243056E-1,4.128746E-3
8.246528E-1,4.130649E-3
8.250000E-1,4.132553E-3
8.253472E-1,4.134456E-3
8.256944E-1,4.136359E-3
8.260417E-1,4.138263E-3
8.263889E-1,4.140166E-3
8.267361E-1,4.142070E-3
8.270833E-1,4.143973E-3
8.274306E-1,4.145876E-3
8.277778E-1,4.147780E-3
8.281250E-1,4.149683E-3
8.284722E-1,4.151586E-3
8.288194E-1,4.153490E-3
8.291667E-1,4.155393E-3
8.295139E-1,4.157297E-3
8.298611E-1,4.159200E-3
8.302083E-1,4.161103E-3
8.305556E-1,4.163007E-3
8.309028E-1,4.164910E-3
8.312500E-1,4.166814E-3
8.315972E-1,4.168717E-3
8.319444E-1,4.170620E-3
8.322917E-1,4.172524E-3
8.326389E-1,4.174427E-3
8.329861E-1,4.176331E-3
8.333333E-1,4.178234E-3
8.336806E-1,4.180137E-3
8.340278E-1,4.182041E-3
8.343750E-1,4.183944E-3
8.347222E-1,4.185848E-3
8.350694E-1,4.187751E-3
8.354167E-1,4.189654E-3
8.357639E-1,4.191558E-3
8.361111E-1,4.193461E-3
8.364583E-1,4.195365E-3
8.368056E-1,4.197268E-3
8.371528E-1,4.199171E-3
8.375000E-1,4.201075E-3
8.378472E-1,4.202978E-3
8.381944E-1,4.204882E-3
8.385417E-1,4.206785E-3
8.388889E-1,4.208688E-3
8.392361E-1,4.210592E-3
8.395833E-1,4.212495E-3
8.399306E-1,4.214399E-3
8.402778E-1,4.216302E-3
8.406250E-1,4.218205E-3
8.409722E-1,4.220109E-3
8.413194E-1,4.222012E-3
8.416667E-1,4.223916E-3
8.420139E-1,4.225819E-3
8.423611E-1,4.227722E-3
8.427083E-1,4.229626E-3
8.430556E-1,4.231529E-3
8.434028E-1,4.233432E-3
8.437500E-1,4.235336E-3
8.440972E-1,4.237239E-3
8.444444E-1,4.239143E-3
8.447917E-1,4.241046E-3
8.451389E-1,4.242949E-3
8.454861E-1,4.244853E-3
8.458333E-1,4.246756E-3
8.461806E-1,4.248660E-3
8.465278E-1,4.250563E-3
8.468750E-1,4.252466E-3
8.472222E-1,4.254370E-3
8.475694E-1,4.256273E-3
8.479167E-1,4.258177E-3
8.482639E-1,4.260080E-3
8.486111E-1,4.261983E-3
8.489583E-1,4.263887E-3
8.493056E-1,4.265790E-3
8.496528E-1,4.267694E-3
8.500000E-1,4.269597E-3
8.503472E-1,4.271500E-3
8.506944E-1,4.273404E-3
8.510417E-1,4.275307E-3
8.513889E-1,4.277211E-3
8.517361E-1,4.279114E-3
8.520833E-1,4.281017E-3
8.524306E-1,4.282921E-3
8.527778E-1,4.284824E-3
8.531250E-1,4.286728E-3
8.534722E-1,4.288631E-3
8.538194E-1,4.290534E-3
8.541667E-1,4.292438E-3
8.545139E-1,4.294341E-3
8.548611E-1,4.296244E-3
8.552083E-1,4.298148E-3
8.555556E-1,4.300051E-3
8.559028E-1,4.301955E-3
8.562500E-1,4.303858E-3
8.565972E-1,4.305761E-3
8.569444E-1,4.307665E-3
8.572917E-1,4.309568E-3
8.576389E-1,4.311472E-3
8.579861E-1,4.313375E-3
8.583333E-1,4.315278E-3
8.586806E-1,4.317182E-3
8.590278E-1,4.319085E-3
8.593750E-1,4.320989E-3
8.597222E-1,4.322892E-3
8.600694E-1,4.324795E-3
8.604167E-1,4.326699E-3
8.607639E-1,4.328602E-3
8.611111E-1,4.330506E-3
8.614583E-1,4.332409E-3
8.618056E-1,4.334312E-3
8.621528E-1,4.336216E-3
8.625000E-1,4.338119E-3
8.628472E-1,4.340023E-3
8.631944E-1,4.341926E-3
8.635417E-1,4.343829E-3
8.638889E-1,4.345733E-3
8.642361E-1,4.347636E-3
8.645833E-1,4.349540E-3
8.649306E-1,4.351443E-3
8.652778E-1,4.353346E-3
8.656250E-1,4.355250E-3
8.659722E-1,4.357153E-3
8.663194E-1,4.359056E-3
8.666667E-1,4.360960E-3
8.670139E-1,4.362863E-3
8.673611E-1,4.364767E-3
8.677083E-1,4.366670E-3
8.680556E-1,4.368574E-3
8.684028E-1,4.370477E-3
8.687500E-1,4.372380E-3
8.690972E-1,4.374284E-3
8.694444E-1,4.376187E-3
8.697917E-1,4.378090E-3
8.701389E-1,4.379994E-3
8.704861E-1,4.381897E-3
8.708333E-1,4.383801E-3
8.711806E-1,4.385704E-3
8.715278E-1,4.387607E-3
8.718750E-1,4.389511E-3
8.722222E-1,4.391414E-3
8.725694E-1,4.393318E-3
8.729167E-1,4.395221E-3
8.732639E-1,4.397124E-3
8.736111E-1,4.399028E-3
8.739583E-1,4.400931E-3
8.743056E-1,4.402835E-3
8.746528E-1,4.404738E-3
8.750000E-1,4.406641E-3
8.753472E-1,4.408545E-3
8.756944E-1,4.410448E-3
8.760417E-1,4.412352E-3
8.763889E-1,4.414255E-3
8.767361E-1,4.416158E-3
8.770833E-1,4.418062E-3
8.774306E-1,4.419965E-3
8.777778E-1,4.421869E-3
8.781250E-1,4.423772E-3
8.784722E-1,4.425675E-3
8.788194E-1,4.427579E-3
8.791667E-1,4.429482E-3
8.795139E-1,4.431386E-3
8.798611E-1,4.433289E-3
8.802083E-1,4.435192E-3
8.805556E-1,4.437096E-3
8.809028E-1,4.438999E-3
8.812500E-1,4.440902E-3
8.815972E-1,4.442806E-3
8.819444E-1,4.444709E-3
8.822917E-1,4.446613E-3
8.826389E-1,4.448516E-3
8.829861E-1,4.450419E-3
8.833333E-1,4.452323E-3
8.836806E-1,4.454226E-3
8.840278E-1,4.456130E-3
8.843750E-1,4.458033E-3
8.847222E-1,4.459936E-3
8.850694E-1,4.461840E-3
8.854167E-1,4.463743E-3
8.857639E-1,4.465647E-3
8.861111E-1,4.467550E-3
8.864583E-1,4.469453E-3
8.868056E-1,4.471357E-3
8.871528E-1,4.473260E-3
8.875000E-1,4.475164E-3
8.878472E-1,4.477067E-3
8.881944E-1,4.478970E-3
8.885417E-1,4.480874E-3
8.888889E-1,4.482777E-3
8.892361E-1,4.484681E-3
8.895833E-1,4.486584E-3
8.899306E-1,4.488487E-3
8.902778E-1,4.490391E-3
8.906250E-1,4.492294E-3
8.909722E-1,4.494198E-3
8.913194E-1,4.496101E-3
8.916667E-1,4.498004E-3
8.920139E-1,4.499908E-3
8.923611E-1,4.501811E-3
8.927083E-1,4.503715E-3
8.930556E-1,4.505618E-3
8.934028E-1,4.507521E-3
8.937500E-1,4.509425E-3
8.940972E-1,4.511328E-3
8.944444E-1,4.513231E-3
8.947917E-1,4.515135E-3
8.951389E-1,4.517038E-3
8.954861E-1,4.518942E-3
8.958333E-1,4.520845E-3
8.961806E-1,4.522748E-3
8.965278E-1,4.524652E-3
8.968750E-1,4.526555E-3
8.972222E-1,4.528459E-3
8.975694E-1,4.530362E-3
8.979167E-1,4.532265E-3
8.982639E-1,4.534169E-3
8.986111E-1,4.536072E-3
8.989583E-1,4.537976E-3
8.993056E-1,4.539879E-3
8.996528E-1,4.541782E-3
9.000000E-1,4.543686E-3
9.003472E-1,4.545589E-3
9.006944E-1,4.547493E-3
9.010417E-1,4.549396E-3
9.013889E-1,4.551299E-3
9.017361E-1,4.553203E-3
9.020833E-1,4.555106E-3
9.024306E-1,4.557010E-3
9.027778E-1,4.558913E-3
9.031250E-1,4.560816E-3
9.034722E-1,4.562720E-3
9.038194E-1,4.564623E-3
9.041667E-1,4.566527E-3
9.045139E-1,4.568430E-3
9.048611E-1,4.570333E-3
9.052083E-1,4.572237E-3
9.055556E-1,4.574140E-3
9.059028E-1,4.576044E-3
9.062500E-1,4.577947E-3
9.065972E-1,4.579850E-3
9.069444E-1,4.581754E-3
9.072917E-1,4.583657E-3
9.076389E-1,4.585561E-3
9.079861E-1,4.587464E-3
9.083333E-1,4.589367E-3
9.086806E-1,4.591271E-3
9.090278E-1,4.593174E-3
9.093750E-1,4.595077E-3
9.097222E-1,4.596981E-3
9.100694E-1,4.598884E-3
9.104167E-1,4.600788E-3
9.107639E-1,4.602691E-3
9.111111E-1,4.604594E-3
9.114583E-1,4.606498E-3
9.118056E-1,4.608401E-3
9.121528E-1,4.610305E-3
9.125000E-1,4.612208E-3
9.128472E-1,4.614111E-3
9.131944E-1,4.616015E-3
9.135417E-1,4.617918E-3
9.138889E-1,4.619822E-3
9.142361E-1,4.621725E-3
9.145833E-1,4.623628E-3
9.149306E-1,4.625532E-3
9.152778E-1,4.627435E-3
9.156250E-1,4.629339E-3
9.159722E-1,4.631242E-3
9.163194E-1,4.633145E-3
9.166667E-1,4.635049E-3
9.170139E-1,4.636952E-3
9.173611E-1,4.638856E-3
9.177083E-1,4.640759E-3
9.180556E-1,4.642662E-3
9.184028E-1,4.644566E-3
9.187500E-1,4.646469E-3
9.190972E-1,4.648373E-3
9.194444E-1,4.650276E-3
9.197917E-1,4.652179E-3
9.201389E-1,4.654083E-3
9.204861E-1,4.655986E-3
9.208333E-1,4.657889E-3
9.211806E-1,4.659793E-3
9.215278E-1,4.661696E-3
9.218750E-1,4.663600E-3
9.222222E-1,4.665503E-3
9.225694E-1,4.667406E-3
9.229167E-1,4.669310E-3
9.232639E-1,4.671213E-3
9.236111E-1,4.673117E-3
9.239583E-1,4.675020E-3
9.243056E-1,4.676923E-3
9.246528E-1,4.678827E-3
9.250000E-1,4.680730E-3
9.253472E-1,4.682634E-3
9.256944E-1,4.684537E-3
9.260417E-1,4.686440E-3
9.263889E-1,4.688344E-3
9.267361E-1,4.690247E-3
9.270833E-1,4.692151E-3
9.274306E-1,4.694054E-3
9.277778E-1,4.695957E-3
9.281250E-1,4.697861E-3
9.284722E-1,4.699764E-3
9.288194E-1,4.701668E-3
9.291667E-1,4.703571E-3
9.295139E-1,4.705474E-3
9.298611E-1,4.707378E-3
9.302083E-1,4.709281E-3
9.305556E-1,4.711185E-3
9.309028E-1,4.713088E-3
9.312500E-1,4.714991E-3
9.315972E-1,4.716895E-3
9.319444E-1,4.718798E-3
9.322917E-1,4.720702E-3
9.326389E-1,4.722605E-3
9.329861E-1,4.724508E-3
9.333333E-1,4.726412E-3
9.336806E-1,4.728315E-3
9.340278E-1,4.730219E-3
9.343750E-1,4.732122E-3
9.347222E-1,4.734025E-3
9.350694E-1,4.735929E-3
9.354167E-1,4.737832E-3
9.357639E-1,4.739735E-3
9.361111E-1,4.741639E-3
9.364583E-1,4.743542E-3
9.368056E-1,4.745446E-3
9.371528E-1,4.747349E-3
9.375000E-1,4.749252E-3
9.378472E-1,4.751156E-3
9.381944E-1,4.753059E-3
9.385417E-1,4.754963E-3
9.388889E-1,4.756866E-3
9.392361E-1,4.758769E-3
9.395833E-1,4.760673E-3
9.399306E-1,4.762576E-3
9.402778E-1,4.764480E-3
9.406250E-1,4.766383E-3
9.409722E-1,4.768286E-3
9.413194E-1,4.770190E-3
9.416667E-1,4.772093E-3
9.420139E-1,4.773997E-3
9.423611E-1,4.775900E-3
9.427083E-1,4.777803E-3
9.430556E-1,4.779707E-3
9.434028E-1,4.781610E-3
9.437500E-1,4.783514E-3
9.440972E-1,4.785417E-3
9.444444E-1,4.787320E-3
9.447917E-1,4.789224E-3
9.451389E-1,4.791127E-3
9.454861E-1,4.793031E-3
9.458333E-1,4.794934E-3
9.461806E-1,4.796837E-3
9.465278E-1,4.798741E-3
9.468750E-1,4.800644E-3
9.472222E-1,4.802547E-3
9.475694E-1,4.804451E-3
9.479167E-1,4.806354E-3
9.482639E-1,4.808258E-3
9.486111E-1,4.810161E-3
9.489583E-1,4.812064E-3
9.493056E-1,4.813968E-3
9.496528E-1,4.815871E-3
9.500000E-1,4.817775E-3
9.503472E-1,4.819678E-3
9.506944E-1,4.821581E-3
9.510417E-1,4.823485E-3
9.513889E-1,4.825388E-3
9.517361E-1,4.827292E-3
9.520833E-1,4.829195E-3
9.524306E-1,4.831098E-3
9.527778E-1,4.833002E-3
9.531250E-1,4.834905E-3
9.534722E-1,4.836809E-3
9.538194E-1,4.838712E-3
9.541667E-1,4.840615E-3
9.545139E-1,4.842519E-3
9.548611E-1,4.844422E-3
9.552083E-1,4.846326E-3
9.555556E-1,4.848229E-3
9.559028E-1,4.850132E-3
9.562500E-1,4.852036E-3
9.565972E-1,4.853939E-3
9.569444E-1,4.855843E-3
9.572917E-1,4.857746E-3
9.576389E-1,4.859649E-3
9.579861E-1,4.861553E-3
9.583333E-1,4.863456E-3
9.586806E-1,4.865360E-3
9.590278E-1,4.867263E-3
9.593750E-1,4.869166E-3
9.597222E-1,4.871070E-3
9.600694E-1,4.872973E-3
9.604167E-1,4.874877E-3
9.607639E-1,4.876780E-3
9.611111E-1,4.878683E-3
9.614583E-1,4.880587E-3
9.618056E-1,4.882490E-3
9.621528E-1,4.884393E-3
9.625000E-1,4.886297E-3
9.628472E-1,4.888200E-3
9.631944E-1,4.890104E-3
9.635417E-1,4.892007E-3
9.638889E-1,4.893910E-3
9.642361E-1,4.895814E-3
9.645833E-1,4.897717E-3
9.649306E-1,4.899621E-3
9.652778E-1,4.901524E-3
9.656250E-1,4.903427E-3
9.659722E-1,4.905331E-3
9.663194E-1,4.907234E-3
9.666667E-1,4.909138E-3
9.670139E-1,4.911041E-3
9.673611E-1,4.912944E-3
9.677083E-1,4.914848E-3
9.680556E-1,4.916751E-3
9.684028E-1,4.918655E-3
9.687500E-1,4.920558E-3
9.690972E-1,4.922461E-3
9.694444E-1,4.924365E-3
9.697917E-1,4.926268E-3
9.701389E-1,4.928172E-3
9.704861E-1,4.930075E-3
9.708333E-1,4.931978E-3
9.711806E-1,4.933882E-3
9.715278E-1,4.935785E-3
9.718750E-1,4.937689E-3
9.722222E-1,4.939592E-3
9.725694E-1,4.941495E-3
9.729167E-1,4.943399E-3
9.732639E-1,4.945302E-3
9.736111E-1,4.947206E-3
9.739583E-1,4.949109E-3
9.743056E-1,4.951012E-3
9.746528E-1,4.952916E-3
9.750000E-1,4.954819E-3
9.753472E-1,4.956722E-3
9.756944E-1,4.958626E-3
9.760417E-1,4.960529E-3
9.763889E-1,4.962433E-3
9.767361E-1,4.964336E-3
9.770833E-1,4.966239E-3
9.774306E-1,4.968143E-3
9.777778E-1,4.970046E-3
9.781250E-1,4.971950E-3
9.784722E-1,4.973853E-3
9.788194E-1,4.975756E-3
9.791667E-1,4.977660E-3
9.795139E-1,4.979563E-3
9.798611E-1,4.981467E-3
9.802083E-1,4.983370E-3
9.805556E-1,4.985273E-3
9.809028E-1,4.987177E-3
9.812500E-1,4.989080E-3
9.815972E-1,4.990984E-3
9.819444E-1,4.992887E-3
9.822917E-1,4.994790E-3
9.826389E-1,4.996694E-3
9.829861E-1,4.998597E-3
9.833333E-1,5.000501E-3
9.836806E-1,5.002404E-3
9.840278E-1,5.004307E-3
9.843750E-1,5.006211E-3
9.847222E-1,5.008114E-3
9.850694E-1,5.010018E-3
9.854167E-1,5.011921E-3
9.857639E-1,5.013824E-3
9.861111E-1,5.015728E-3
9.864583E-1,5.017631E-3
9.868056E-1,5.019535E-3
9.871528E-1,5.021438E-3
9.875000E-1,5.023341E-3
9.878472E-1,5.025245E-3
9.881944E-1,5.027148E-3
9.885417E-1,5.029052E-3
9.888889E-1,5.030955E-3
9.892361E-1,5.032858E-3
9.895833E-1,5.034762E-3
9.899306E-1,5.036665E-3
9.902778E-1,5.038568E-3
9.906250E-1,5.040472E-3
9.909722E-1,5.042375E-3
9.913194E-1,5.044279E-3
9.916667E-1,5.046182E-3
9.920139E-1,5.048085E-3
9.923611E-1,5.049989E-3
9.927083E-1,5.051892E-3
9.930556E-1,5.053796E-3
9.934028E-1,5.055699E-3
9.937500E-1,5.057602E-3
9.940972E-1,5.059506E-3
9.944444E-1,5.061409E-3
9.947917E-1,5.063313E-3
9.951389E-1,5.065216E-3
9.954861E-1,5.067119E-3
9.958333E-1,5.069023E-3
9.961806E-1,5.070926E-3
9.965278E-1,5.072830E-3
9.968750E-1,5.074733E-3
9.972222E-1,5.076636E-3
9.975694E-1,5.078540E-3
9.979167E-1,5.080443E-3
9.982639E-1,5.082347E-3
9.986111E-1,5.084250E-3
9.989583E-1,5.086153E-3
9.993056E-1,5.088057E-3
9.996528E-1,5.089960E-3
