7.139351E-14,8.603100E-3
3.472222E-4,8.594574E-3
6.944444E-4,8.586047E-3
1.041667E-3,8.577521E-3
1.388889E-3,8.568995E-3
1.736111E-3,8.560469E-3
2.083333E-3,8.551943E-3
2.430556E-3,8.543417E-3
2.777778E-3,8.534890E-3
3.125000E-3,8.526364E-3
3.472222E-3,8.517838E-3
3.819444E-3,8.509312E-3
4.166667E-3,8.500786E-3
4.513889E-3,8.492259E-3
4.861111E-3,8.483733E-3
5.208333E-3,8.475207E-3
5.555556E-3,8.466681E-3
5.902778E-3,8.458155E-3
6.250000E-3,8.449629E-3
6.597222E-3,8.441102E-3
6.944444E-3,8.432576E-3
7.291667E-3,8.424050E-3
7.638889E-3,8.415524E-3
7.986111E-3,8.406998E-3
8.333333E-3,8.398472E-3
8.680556E-3,8.389945E-3
9.027778E-3,8.381419E-3
9.375000E-3,8.372893E-3
9.722222E-3,8.364367E-3
1.006944E-2,8.355841E-3
1.041667E-2,8.347315E-3
1.076389E-2,8.338788E-3
1.111111E-2,8.330262E-3
1.145833E-2,8.321736E-3
1.180556E-2,8.313210E-3
1.215278E-2,8.304684E-3
1.250000E-2,8.296157E-3
1.284722E-2,8.287631E-3
1.319444E-2,8.279105E-3
1.354167E-2,8.270579E-3
1.388889E-2,8.262053E-3
1.423611E-2,8.253527E-3
1.458333E-2,8.245000E-3
1.493056E-2,8.236474E-3
1.527778E-2,8.227948E-3
1.562500E-2,8.219422E-3
1.597222E-2,8.210896E-3
1.631944E-2,8.202370E-3
1.666667E-2,8.193843E-3
1.701389E-2,8.185317E-3
1.736111E-2,8.176791E-3
1.770833E-2,8.168265E-3
1.805556E-2,8.159739E-3
1.840278E-2,8.151212E-3
1.875000E-2,8.142686E-3
1.909722E-2,8.134160E-3
1.944444E-2,8.125634E-3
1.979167E-2,8.117108E-3
2.013889E-2,8.108582E-3
2.048611E-2,8.100055E-3
2.083333E-2,8.091529E-3
2.118056E-2,8.083003E-3
2.152778E-2,8.074477E-3
2.187500E-2,8.065951E-3
2.222222E-2,8.057425E-3
2.256944E-2,8.048898E-3
2.291667E-2,8.040372E-3
2.326389E-2,8.031846E-3
2.361111E-2,8.023320E-3
2.395833E-2,8.014794E-3
2.430556E-2,8.006268E-3
2.465278E-2,7.997741E-3
2.500000E-2,7.989215E-3
2.534722E-2,7.980689E-3
2.569444E-2,7.972163E-3
2.604167E-2,7.963637E-3
2.638889E-2,7.955110E-3
2.673611E-2,7.946584E-3
2.708333E-2,7.938058E-3
2.743056E-2,7.929532E-3
2.777778E-2,7.921006E-3
2.812500E-2,7.912480E-3
2.847222E-2,7.903953E-3
2.881944E-2,7.895427E-3
2.916667E-2,7.886901E-3
2.951389E-2,7.878375E-3
2.986111E-2,7.869849E-3
3.020833E-2,7.861323E-3
3.055556E-2,7.852796E-3
3.090278E-2,7.844270E-3
3.125000E-2,7.835744E-3
3.159722E-2,7.827218E-3
3.194444E-2,7.818692E-3
3.229167E-2,7.810166E-3
3.263889E-2,7.801639E-3
3.298611E-2,7.793113E-3
3.333333E-2,7.784587E-3
3.368056E-2,7.776061E-3
3.402778E-2,7.767535E-3
3.437500E-2,7.759008E-3
3.472222E-2,7.750482E-3
3.506944E-2,7.741956E-3
3.541667E-2,7.733430E-3
3.576389E-2,7.724904E-3
3.611111E-2,7.716378E-3
3.645833E-2,7.707851E-3
3.680556E-2,7.699325E-3
3.715278E-2,7.690799E-3
3.750000E-2,7.682273E-3
3.784722E-2,7.673747E-3
3.819444E-2,7.665221E-3
3.854167E-2,7.656694E-3
3.888889E-2,7.648168E-3
3.923611E-2,7.639642E-3
3.958333E-2,7.631116E-3
3.993056E-2,7.622590E-3
4.027778E-2,7.614063E-3
4.062500E-2,7.605537E-3
4.097222E-2,7.597011E-3
4.131944E-2,7.588485E-3
4.166667E-2,7.579959E-3
4.201389E-2,7.571433E-3
4.236111E-2,7.562906E-3
4.270833E-2,7.554380E-3
4.305556E-2,7.545854E-3
4.340278E-2,7.537328E-3
4.375000E-2,7.528802E-3
4.409722E-2,7.520276E-3
4.444444E-2,7.511749E-3
4.479167E-2,7.503223E-3
4.513889E-2,7.494697E-3
4.548611E-2,7.486171E-3
4.583333E-2,7.477645E-3
4.618056E-2,7.469119E-3
4.652778E-2,7.460592E-3
4.687500E-2,7.452066E-3
4.722222E-2,7.443540E-3
4.756944E-2,7.435014E-3
4.791667E-2,7.426488E-3
4.826389E-2,7.417961E-3
4.861111E-2,7.409435E-3
4.895833E-2,7.400909E-3
4.930556E-2,7.392383E-3
4.965278E-2,7.383857E-3
5.000000E-2,7.375331E-3
5.034722E-2,7.366804E-3
5.069444E-2,7.358278E-3
5.104167E-2,7.349752E-3
5.138889E-2,7.341226E-3
5.173611E-2,7.332700E-3
5.208333E-2,7.324174E-3
5.243056E-2,7.315647E-3
5.277778E-2,7.307121E-3
5.312500E-2,7.298595E-3
5.347222E-2,7.290069E-3
5.381944E-2,7.281543E-3
5.416667E-2,7.273017E-3
5.451389E-2,7.264490E-3
5.486111E-2,7.255964E-3
5.520833E-2,7.247438E-3
5.555556E-2,7.238912E-3
5.590278E-2,7.230386E-3
5.625000E-2,7.221859E-3
5.659722E-2,7.213333E-3
5.694444E-2,7.204807E-3
5.729167E-2,7.196281E-3
5.763889E-2,7.187755E-3
5.798611E-2,7.179229E-3
5.833333E-2,7.170702E-3
5.868056E-2,7.162176E-3
5.902778E-2,7.153650E-3
5.937500E-2,7.145124E-3
5.972222E-2,7.136598E-3
6.006944E-2,7.128072E-3
6.041667E-2,7.119545E-3
6.076389E-2,7.111019E-3
6.111111E-2,7.102493E-3
6.145833E-2,7.093967E-3
6.180556E-2,7.085441E-3
6.215278E-2,7.076915E-3
6.250000E-2,7.068388E-3
6.284722E-2,7.059862E-3
6.319444E-2,7.051336E-3
6.354167E-2,7.042810E-3
6.388889E-2,7.034284E-3
6.423611E-2,7.025757E-3
6.458333E-2,7.017231E-3
6.493056E-2,7.008705E-3
6.527778E-2,7.000179E-3
6.562500E-2,6.991653E-3
6.597222E-2,6.983127E-3
6.631944E-2,6.974600E-3
6.666667E-2,6.966074E-3
6.701389E-2,6.957548E-3
6.736111E-2,6.949022E-3
6.770833E-2,6.940496E-3
6.805556E-2,6.931970E-3
6.840278E-2,6.923443E-3
6.875000E-2,6.914917E-3
6.909722E-2,6.906391E-3
6.944444E-2,6.897865E-3
6.979167E-2,6.889339E-3
7.013889E-2,6.880812E-3
7.048611E-2,6.872286E-3
7.083333E-2,6.863760E-3
7.118056E-2,6.855234E-3
7.152778E-2,6.846708E-3
7.187500E-2,6.838182E-3
7.222222E-2,6.829655E-3
7.256944E-2,6.821129E-3
7.291667E-2,6.812603E-3
7.326389E-2,6.804077E-3
7.361111E-2,6.795551E-3
7.395833E-2,6.787025E-3
7.430556E-2,6.778498E-3
7.465278E-2,6.769972E-3
7.500000E-2,6.761446E-3
7.534722E-2,6.752920E-3
7.569444E-2,6.744394E-3
7.604167E-2,6.735868E-3
7.638889E-2,6.727341E-3
7.673611E-2,6.718815E-3
7.708333E-2,6.710289E-3
7.743056E-2,6.701763E-3
7.777778E-2,6.693237E-3
7.812500E-2,6.684710E-3
7.847222E-2,6.676184E-3
7.881944E-2,6.667658E-3
7.916667E-2,6.659132E-3
7.951389E-2,6.650606E-3
7.986111E-2,6.642080E-3
8.020833E-2,6.633553E-3
8.055556E-2,6.625027E-3
8.090278E-2,6.616501E-3
8.125000E-2,6.607975E-3
8.159722E-2,6.599449E-3
8.194444E-2,6.590923E-3
8.229167E-2,6.582396E-3
8.263889E-2,6.573870E-3
8.298611E-2,6.565344E-3
8.333333E-2,6.556818E-3
8.368056E-2,6.548292E-3
8.402778E-2,6.539766E-3
8.437500E-2,6.531239E-3
8.472222E-2,6.522713E-3
8.506944E-2,6.514187E-3
8.541667E-2,6.505661E-3
8.576389E-2,6.497135E-3
8.611111E-2,6.488608E-3
8.645833E-2,6.480082E-3
8.680556E-2,6.471556E-3
8.715278E-2,6.463030E-3
8.750000E-2,6.454504E-3
8.784722E-2,6.445978E-3
8.819444E-2,6.437451E-3
8.854167E-2,6.428925E-3
8.888889E-2,6.420399E-3
8.923611E-2,6.411873E-3
8.958333E-2,6.403347E-3
8.993056E-2,6.394821E-3
9.027778E-2,6.386294E-3
9.062500E-2,6.377768E-3
9.097222E-2,6.369242E-3
9.131944E-2,6.360716E-3
9.166667E-2,6.352190E-3
9.201389E-2,6.343663E-3
9.236111E-2,6.335137E-3
9.270833E-2,6.326611E-3
9.305556E-2,6.318085E-3
9.340278E-2,6.309559E-3
9.375000E-2,6.301033E-3
9.409722E-2,6.292506E-3
9.444444E-2,6.283980E-3
9.479167E-2,6.275454E-3
9.513889E-2,6.266928E-3
9.548611E-2,6.258402E-3
9.583333E-2,6.249876E-3
9.618056E-2,6.241349E-3
9.652778E-2,6.232823E-3
9.687500E-2,6.224297E-3
9.722222E-2,6.215771E-3
9.756944E-2,6.207245E-3
9.791667E-2,6.198719E-3
9.826389E-2,6.190192E-3
9.861111E-2,6.181666E-3
9.895833E-2,6.173140E-3
9.930556E-2,6.164614E-3
9.965278E-2,6.156088E-3
1.000000E-1,6.147561E-3
1.003472E-1,6.139035E-3
1.006944E-1,6.130509E-3
1.010417E-1,6.121983E-3
1.013889E-1,6.113457E-3
1.017361E-1,6.104931E-3
1.020833E-1,6.096405E-3
1.024306E-1,6.087878E-3
1.027778E-1,6.079352E-3
1.031250E-1,6.070826E-3
1.034722E-1,6.062300E-3
1.038194E-1,6.053774E-3
1.041667E-1,6.045247E-3
1.045139E-1,6.036721E-3
1.048611E-1,6.028195E-3
1.052083E-1,6.019669E-3
1.055556E-1,6.011143E-3
1.059028E-1,6.002616E-3
1.062500E-1,5.994090E-3
1.065972E-1,5.985564E-3
1.069444E-1,5.977038E-3
1.072917E-1,5.968512E-3
1.076389E-1,5.959986E-3
1.079861E-1,5.951459E-3
1.083333E-1,5.942933E-3
1.086806E-1,5.934407E-3
1.090278E-1,5.925881E-3
1.093750E-1,5.917355E-3
1.097222E-1,5.908829E-3
1.100694E-1,5.900303E-3
1.104167E-1,5.891776E-3
1.107639E-1,5.883250E-3
1.111111E-1,5.874724E-3
1.114583E-1,5.866198E-3
1.118056E-1,5.857671E-3
1.121528E-1,5.849145E-3
1.125000E-1,5.840619E-3
1.128472E-1,5.832093E-3
1.131944E-1,5.823567E-3
1.135417E-1,5.815041E-3
1.138889E-1,5.806514E-3
1.142361E-1,5.797988E-3
1.145833E-1,5.789462E-3
1.149306E-1,5.780936E-3
1.152778E-1,5.772410E-3
1.156250E-1,5.763884E-3
1.159722E-1,5.755358E-3
1.163194E-1,5.746831E-3
1.166667E-1,5.738305E-3
1.170139E-1,5.729779E-3
1.173611E-1,5.721253E-3
1.177083E-1,5.712727E-3
1.180556E-1,5.704200E-3
1.184028E-1,5.695674E-3
1.187500E-1,5.687148E-3
1.190972E-1,5.678622E-3
1.194444E-1,5.670096E-3
1.197917E-1,5.661569E-3
1.201389E-1,5.653043E-3
1.204861E-1,5.644517E-3
1.208333E-1,5.635991E-3
1.211806E-1,5.627465E-3
1.215278E-1,5.618939E-3
1.218750E-1,5.610412E-3
1.222222E-1,5.601886E-3
1.225694E-1,5.593360E-3
1.229167E-1,5.584834E-3
1.232639E-1,5.576308E-3
1.236111E-1,5.567782E-3
1.239583E-1,5.559256E-3
1.243056E-1,5.550729E-3
1.246528E-1,5.542203E-3
1.250000E-1,5.533677E-3
1.253472E-1,5.525151E-3
1.256944E-1,5.516625E-3
1.260417E-1,5.508098E-3
1.263889E-1,5.499572E-3
1.267361E-1,5.491046E-3
1.270833E-1,5.482520E-3
1.274306E-1,5.473994E-3
1.277778E-1,5.465467E-3
1.281250E-1,5.456941E-3
1.284722E-1,5.448415E-3
1.288194E-1,5.439889E-3
1.291667E-1,5.431363E-3
1.295139E-1,5.422837E-3
1.298611E-1,5.414311E-3
1.302083E-1,5.405784E-3
1.305556E-1,5.397258E-3
1.309028E-1,5.388732E-3
1.312500E-1,5.380206E-3
1.315972E-1,5.371680E-3
1.319444E-1,5.363154E-3
1.322917E-1,5.354627E-3
1.326389E-1,5.346101E-3
1.329861E-1,5.337575E-3
1.333333E-1,5.329049E-3
1.336806E-1,5.320522E-3
1.340278E-1,5.311996E-3
1.343750E-1,5.303470E-3
1.347222E-1,5.294944E-3
1.350694E-1,5.286418E-3
1.354167E-1,5.277892E-3
1.357639E-1,5.269365E-3
1.361111E-1,5.260839E-3
1.364583E-1,5.252313E-3
1.368056E-1,5.243787E-3
1.371528E-1,5.235261E-3
1.375000E-1,5.226735E-3
1.378472E-1,5.218209E-3
1.381944E-1,5.209682E-3
1.385417E-1,5.201156E-3
1.388889E-1,5.192630E-3
1.392361E-1,5.184104E-3
1.395833E-1,5.175578E-3
1.399306E-1,5.167051E-3
1.402778E-1,5.158525E-3
1.406250E-1,5.149999E-3
1.409722E-1,5.141473E-3
1.413194E-1,5.132947E-3
1.416667E-1,5.124420E-3
1.420139E-1,5.115894E-3
1.423611E-1,5.107368E-3
1.427083E-1,5.098842E-3
1.430556E-1,5.090316E-3
1.434028E-1,5.081790E-3
1.437500E-1,5.073263E-3
1.440972E-1,5.064737E-3
1.444444E-1,5.056211E-3
1.447917E-1,5.047685E-3
1.451389E-1,5.039159E-3
1.454861E-1,5.030633E-3
1.458333E-1,5.022107E-3
1.461806E-1,5.013580E-3
1.465278E-1,5.005054E-3
1.468750E-1,4.996528E-3
1.472222E-1,4.988002E-3
1.475694E-1,4.979476E-3
1.479167E-1,4.970949E-3
1.482639E-1,4.962423E-3
1.486111E-1,4.953897E-3
1.489583E-1,4.945371E-3
1.493056E-1,4.936845E-3
1.496528E-1,4.928318E-3
1.500000E-1,4.919792E-3
1.503472E-1,4.911266E-3
1.506944E-1,4.902740E-3
1.510417E-1,4.894214E-3
1.513889E-1,4.885688E-3
1.517361E-1,4.877162E-3
1.520833E-1,4.868635E-3
1.524306E-1,4.860109E-3
1.527778E-1,4.851583E-3
1.531250E-1,4.843057E-3
1.534722E-1,4.834531E-3
1.538194E-1,4.826005E-3
1.541667E-1,4.817478E-3
1.545139E-1,4.808952E-3
1.548611E-1,4.800426E-3
1.552083E-1,4.791900E-3
1.555556E-1,4.783373E-3
1.559028E-1,4.774847E-3
1.562500E-1,4.766321E-3
1.565972E-1,4.757795E-3
1.569444E-1,4.749269E-3
1.572917E-1,4.740743E-3
1.576389E-1,4.732216E-3
1.579861E-1,4.723690E-3
1.583333E-1,4.715164E-3
1.586806E-1,4.706638E-3
1.590278E-1,4.698112E-3
1.593750E-1,4.689586E-3
1.597222E-1,4.681060E-3
1.600694E-1,4.672533E-3
1.604167E-1,4.664007E-3
1.607639E-1,4.655481E-3
1.611111E-1,4.646955E-3
1.614583E-1,4.638429E-3
1.618056E-1,4.629902E-3
1.621528E-1,4.621376E-3
1.625000E-1,4.612850E-3
1.628472E-1,4.604324E-3
1.631944E-1,4.595798E-3
1.635417E-1,4.587271E-3
1.638889E-1,4.578745E-3
1.642361E-1,4.570219E-3
1.645833E-1,4.561693E-3
1.649306E-1,4.553167E-3
1.652778E-1,4.544641E-3
1.656250E-1,4.536115E-3
1.659722E-1,4.527588E-3
1.663194E-1,4.519062E-3
1.666667E-1,4.510536E-3
1.670139E-1,4.502010E-3
1.673611E-1,4.493484E-3
1.677083E-1,4.484958E-3
1.680556E-1,4.476431E-3
1.684028E-1,4.467905E-3
1.687500E-1,4.459379E-3
1.690972E-1,4.450853E-3
1.694444E-1,4.442327E-3
1.697917E-1,4.433800E-3
1.701389E-1,4.425274E-3
1.704861E-1,4.416748E-3
1.708333E-1,4.408222E-3
1.711806E-1,4.399696E-3
1.715278E-1,4.391169E-3
1.718750E-1,4.382643E-3
1.722222E-1,4.374117E-3
1.725694E-1,4.365591E-3
1.729167E-1,4.357065E-3
1.732639E-1,4.348539E-3
1.736111E-1,4.340013E-3
1.739583E-1,4.331486E-3
1.743056E-1,4.322960E-3
1.746528E-1,4.314434E-3
1.750000E-1,4.305908E-3
1.753472E-1,4.297382E-3
1.756944E-1,4.288856E-3
1.760417E-1,4.280329E-3
1.763889E-1,4.271803E-3
1.767361E-1,4.263277E-3
1.770833E-1,4.254751E-3
1.774306E-1,4.246224E-3
1.777778E-1,4.237698E-3
1.781250E-1,4.229172E-3
1.784722E-1,4.220646E-3
1.788194E-1,4.212120E-3
1.791667E-1,4.203594E-3
1.795139E-1,4.195067E-3
1.798611E-1,4.186541E-3
1.802083E-1,4.178015E-3
1.805556E-1,4.169489E-3
1.809028E-1,4.160963E-3
1.812500E-1,4.152437E-3
1.815972E-1,4.143911E-3
1.819444E-1,4.135384E-3
1.822917E-1,4.126858E-3
1.826389E-1,4.118332E-3
1.829861E-1,4.109806E-3
1.833333E-1,4.101280E-3
1.836806E-1,4.092753E-3
1.840278E-1,4.084227E-3
1.843750E-1,4.075701E-3
1.847222E-1,4.067175E-3
1.850694E-1,4.058649E-3
1.854167E-1,4.050122E-3
1.857639E-1,4.041596E-3
1.861111E-1,4.033070E-3
1.864583E-1,4.024544E-3
1.868056E-1,4.016018E-3
1.871528E-1,4.007492E-3
1.875000E-1,3.998966E-3
1.878472E-1,3.990439E-3
1.881944E-1,3.981913E-3
1.885417E-1,3.973387E-3
1.888889E-1,3.964861E-3
1.892361E-1,3.956335E-3
1.895833E-1,3.947809E-3
1.899306E-1,3.939282E-3
1.902778E-1,3.930756E-3
1.906250E-1,3.922230E-3
1.909722E-1,3.913704E-3
1.913194E-1,3.905178E-3
1.916667E-1,3.896651E-3
1.920139E-1,3.888125E-3
1.923611E-1,3.879599E-3
1.927083E-1,3.871073E-3
1.930556E-1,3.862547E-3
1.934028E-1,3.854020E-3
1.937500E-1,3.845494E-3
1.940972E-1,3.836968E-3
1.944444E-1,3.828442E-3
1.947917E-1,3.819916E-3
1.951389E-1,3.811390E-3
1.954861E-1,3.802864E-3
1.958333E-1,3.794337E-3
1.961806E-1,3.785811E-3
1.965278E-1,3.777285E-3
1.968750E-1,3.768759E-3
1.972222E-1,3.760233E-3
1.975694E-1,3.751707E-3
1.979167E-1,3.743180E-3
1.982639E-1,3.734654E-3
1.986111E-1,3.726128E-3
1.989583E-1,3.717602E-3
1.993056E-1,3.709075E-3
1.996528E-1,3.700549E-3
2.000000E-1,3.692023E-3
2.003472E-1,3.683497E-3
2.006944E-1,3.674971E-3
2.010417E-1,3.666445E-3
2.013889E-1,3.657919E-3
2.017361E-1,3.649392E-3
2.020833E-1,3.640866E-3
2.024306E-1,3.632340E-3
2.027778E-1,3.623814E-3
2.031250E-1,3.615288E-3
2.034722E-1,3.606762E-3
2.038194E-1,3.598235E-3
2.041667E-1,3.589709E-3
2.045139E-1,3.581183E-3
2.048611E-1,3.572657E-3
2.052083E-1,3.564131E-3
2.055556E-1,3.555604E-3
2.059028E-1,3.547078E-3
2.062500E-1,3.538552E-3
2.065972E-1,3.530026E-3
2.069444E-1,3.521500E-3
2.072917E-1,3.512973E-3
2.076389E-1,3.504447E-3
2.079861E-1,3.495921E-3
2.083333E-1,3.487395E-3
2.086806E-1,3.478869E-3
2.090278E-1,3.470343E-3
2.093750E-1,3.461817E-3
2.097222E-1,3.453290E-3
2.100694E-1,3.444764E-3
2.104167E-1,3.436238E-3
2.107639E-1,3.427712E-3
2.111111E-1,3.419186E-3
2.114583E-1,3.410660E-3
2.118056E-1,3.402133E-3
2.121528E-1,3.393607E-3
2.125000E-1,3.385081E-3
2.128472E-1,3.376555E-3
2.131944E-1,3.368029E-3
2.135417E-1,3.359502E-3
2.138889E-1,3.350976E-3
2.142361E-1,3.342450E-3
2.145833E-1,3.333924E-3
2.149306E-1,3.325398E-3
2.152778E-1,3.316871E-3
2.156250E-1,3.308345E-3
2.159722E-1,3.299819E-3
2.163194E-1,3.291293E-3
2.166667E-1,3.282767E-3
2.170139E-1,3.274241E-3
2.173611E-1,3.265715E-3
2.177083E-1,3.257188E-3
2.180556E-1,3.248662E-3
2.184028E-1,3.240136E-3
2.187500E-1,3.231610E-3
2.190972E-1,3.223084E-3
2.194444E-1,3.214558E-3
2.197917E-1,3.206031E-3
2.201389E-1,3.197505E-3
2.204861E-1,3.188979E-3
2.208333E-1,3.180453E-3
2.211806E-1,3.171926E-3
2.215278E-1,3.163400E-3
2.218750E-1,3.154874E-3
2.222222E-1,3.146348E-3
2.225694E-1,3.137822E-3
2.229167E-1,3.129296E-3
2.232639E-1,3.120770E-3
2.236111E-1,3.112243E-3
2.239583E-1,3.103717E-3
2.243056E-1,3.095191E-3
2.246528E-1,3.086665E-3
2.250000E-1,3.078139E-3
2.253472E-1,3.069613E-3
2.256944E-1,3.061086E-3
2.260417E-1,3.052560E-3
2.263889E-1,3.044034E-3
2.267361E-1,3.035508E-3
2.270833E-1,3.026982E-3
2.274306E-1,3.018455E-3
2.277778E-1,3.009929E-3
2.281250E-1,3.001403E-3
2.284722E-1,2.992877E-3
2.288194E-1,2.984351E-3
2.291667E-1,2.975824E-3
2.295139E-1,2.967298E-3
2.298611E-1,2.958772E-3
2.302083E-1,2.950246E-3
2.305556E-1,2.941720E-3
2.309028E-1,2.933194E-3
2.312500E-1,2.924668E-3
2.315972E-1,2.916141E-3
2.319444E-1,2.907615E-3
2.322917E-1,2.899089E-3
2.326389E-1,2.890563E-3
2.329861E-1,2.882037E-3
2.333333E-1,2.873511E-3
2.336806E-1,2.864984E-3
2.340278E-1,2.856458E-3
2.343750E-1,2.847932E-3
2.347222E-1,2.839406E-3
2.350694E-1,2.830880E-3
2.354167E-1,2.822353E-3
2.357639E-1,2.813827E-3
2.361111E-1,2.805301E-3
2.364583E-1,2.796775E-3
2.368056E-1,2.788249E-3
2.371528E-1,2.779723E-3
2.375000E-1,2.771196E-3
2.378472E-1,2.762670E-3
2.381944E-1,2.754144E-3
2.385417E-1,2.745618E-3
2.388889E-1,2.737092E-3
2.392361E-1,2.728566E-3
2.395833E-1,2.720039E-3
2.399306E-1,2.711513E-3
2.402778E-1,2.702987E-3
2.406250E-1,2.694461E-3
2.409722E-1,2.685935E-3
2.413194E-1,2.677409E-3
2.416667E-1,2.668882E-3
2.420139E-1,2.660356E-3
2.423611E-1,2.651830E-3
2.427083E-1,2.643304E-3
2.430556E-1,2.634777E-3
2.434028E-1,2.626251E-3
2.437500E-1,2.617725E-3
2.440972E-1,2.609199E-3
2.444444E-1,2.600673E-3
2.447917E-1,2.592147E-3
2.451389E-1,2.583621E-3
2.454861E-1,2.575094E-3
2.458333E-1,2.566568E-3
2.461806E-1,2.558042E-3
2.465278E-1,2.549516E-3
2.468750E-1,2.540990E-3
2.472222E-1,2.532464E-3
2.475694E-1,2.523937E-3
2.479167E-1,2.515411E-3
2.482639E-1,2.506885E-3
2.486111E-1,2.498359E-3
2.489583E-1,2.489833E-3
2.493056E-1,2.481306E-3
2.496528E-1,2.472780E-3
2.500000E-1,2.464254E-3
2.503472E-1,2.455728E-3
2.506944E-1,2.447202E-3
2.510417E-1,2.438675E-3
2.513889E-1,2.430149E-3
2.517361E-1,2.421623E-3
2.520833E-1,2.413097E-3
2.524306E-1,2.404571E-3
2.527778E-1,2.396045E-3
2.531250E-1,2.387519E-3
2.534722E-1,2.378992E-3
2.538194E-1,2.370466E-3
2.541667E-1,2.361940E-3
2.545139E-1,2.353414E-3
2.548611E-1,2.344888E-3
2.552083E-1,2.336362E-3
2.555556E-1,2.327835E-3
2.559028E-1,2.319309E-3
2.562500E-1,2.310783E-3
2.565972E-1,2.302257E-3
2.569444E-1,2.293731E-3
2.572917E-1,2.285204E-3
2.576389E-1,2.276678E-3
2.579861E-1,2.268152E-3
2.583333E-1,2.259626E-3
2.586806E-1,2.251100E-3
2.590278E-1,2.242574E-3
2.593750E-1,2.234047E-3
2.597222E-1,2.225521E-3
2.600694E-1,2.216995E-3
2.604167E-1,2.208469E-3
2.607639E-1,2.199943E-3
2.611111E-1,2.191417E-3
2.614583E-1,2.182890E-3
2.618056E-1,2.174364E-3
2.621528E-1,2.165838E-3
2.625000E-1,2.157312E-3
2.628472E-1,2.148786E-3
2.631944E-1,2.140260E-3
2.635417E-1,2.131733E-3
2.638889E-1,2.123207E-3
2.642361E-1,2.114681E-3
2.645833E-1,2.106155E-3
2.649306E-1,2.097628E-3
2.652778E-1,2.089102E-3
2.656250E-1,2.080576E-3
2.659722E-1,2.072050E-3
2.663194E-1,2.063524E-3
2.666667E-1,2.054998E-3
2.670139E-1,2.046472E-3
2.673611E-1,2.037945E-3
2.677083E-1,2.029419E-3
2.680556E-1,2.020893E-3
2.684028E-1,2.012367E-3
2.687500E-1,2.003841E-3
2.690972E-1,1.995315E-3
2.694444E-1,1.986788E-3
2.697917E-1,1.978262E-3
2.701389E-1,1.969736E-3
2.704861E-1,1.961210E-3
2.708333E-1,1.952684E-3
2.711806E-1,1.944157E-3
2.715278E-1,1.935631E-3
2.718750E-1,1.927105E-3
2.722222E-1,1.918579E-3
2.725694E-1,1.910053E-3
2.729167E-1,1.901526E-3
2.732639E-1,1.893000E-3
2.736111E-1,1.884474E-3
2.739583E-1,1.875948E-3
2.743056E-1,1.867422E-3
2.746528E-1,1.858896E-3
2.750000E-1,1.850370E-3
2.753472E-1,1.841843E-3
2.756944E-1,1.833317E-3
2.760417E-1,1.824791E-3
2.763889E-1,1.816265E-3
2.767361E-1,1.807739E-3
2.770833E-1,1.799213E-3
2.774306E-1,1.790686E-3
2.777778E-1,1.782160E-3
2.781250E-1,1.773634E-3
2.784722E-1,1.767201E-3
2.788194E-1,1.764214E-3
2.791667E-1,1.761226E-3
2.795139E-1,1.758239E-3
2.798611E-1,1.755251E-3
2.802083E-1,1.752264E-3
2.805556E-1,1.749276E-3
2.809028E-1,1.746289E-3
2.812500E-1,1.743301E-3
2.815972E-1,1.740314E-3
2.819444E-1,1.737326E-3
2.822917E-1,1.734339E-3
2.826389E-1,1.731351E-3
2.829861E-1,1.728364E-3
2.833333E-1,1.725377E-3
2.836806E-1,1.722389E-3
2.840278E-1,1.719402E-3
2.843750E-1,1.716414E-3
2.847222E-1,1.713427E-3
2.850694E-1,1.710439E-3
2.854167E-1,1.707452E-3
2.857639E-1,1.704464E-3
2.861111E-1,1.701477E-3
2.864583E-1,1.698489E-3
2.868056E-1,1.695502E-3
2.871528E-1,1.692514E-3
2.875000E-1,1.689527E-3
2.878472E-1,1.686540E-3
2.881944E-1,1.683552E-3
2.885417E-1,1.680565E-3
2.888889E-1,1.677577E-3
2.892361E-1,1.674590E-3
2.895833E-1,1.671602E-3
2.899306E-1,1.668615E-3
2.902778E-1,1.665627E-3
2.906250E-1,1.662640E-3
2.909722E-1,1.659652E-3
2.913194E-1,1.656665E-3
2.916667E-1,1.653677E-3
2.920139E-1,1.650690E-3
2.923611E-1,1.647703E-3
2.927083E-1,1.644715E-3
2.930556E-1,1.641728E-3
2.934028E-1,1.638740E-3
2.937500E-1,1.635753E-3
2.940972E-1,1.632765E-3
2.944444E-1,1.629778E-3
2.947917E-1,1.626790E-3
2.951389E-1,1.623803E-3
2.954861E-1,1.620815E-3
2.958333E-1,1.617828E-3
2.961806E-1,1.614840E-3
2.965278E-1,1.611853E-3
2.968750E-1,1.608866E-3
2.972222E-1,1.605878E-3
2.975694E-1,1.602891E-3
2.979167E-1,1.599903E-3
2.982639E-1,1.596916E-3
2.986111E-1,1.593928E-3
2.989583E-1,1.590941E-3
2.993056E-1,1.587953E-3
2.996528E-1,1.584966E-3
3.000000E-1,1.581978E-3
3.003472E-1,1.578991E-3
3.006944E-1,1.576004E-3
3.010417E-1,1.573016E-3
3.013889E-1,1.570029E-3
3.017361E-1,1.567041E-3
3.020833E-1,1.564054E-3
3.024306E-1,1.561066E-3
3.027778E-1,1.558079E-3
3.031250E-1,1.555091E-3
3.034722E-1,1.552104E-3
3.038194E-1,1.549116E-3
3.041667E-1,1.546129E-3
3.045139E-1,1.543141E-3
3.048611E-1,1.540154E-3
3.052083E-1,1.537167E-3
3.055556E-1,1.534179E-3
3.059028E-1,1.531192E-3
3.062500E-1,1.528204E-3
3.065972E-1,1.525217E-3
3.069444E-1,1.522229E-3
3.072917E-1,1.519242E-3
3.076389E-1,1.516254E-3
3.079861E-1,1.513267E-3
3.083333E-1,1.510279E-3
3.086806E-1,1.507292E-3
3.090278E-1,1.504305E-3
3.093750E-1,1.501317E-3
3.097222E-1,1.498330E-3
3.100694E-1,1.495342E-3
3.104167E-1,1.492355E-3
3.107639E-1,1.489367E-3
3.111111E-1,1.486380E-3
3.114583E-1,1.483392E-3
3.118056E-1,1.480405E-3
3.121528E-1,1.477417E-3
3.125000E-1,1.474430E-3
3.128472E-1,1.471442E-3
3.131944E-1,1.468455E-3
3.135417E-1,1.465468E-3
3.138889E-1,1.462480E-3
3.142361E-1,1.459493E-3
3.145833E-1,1.456505E-3
3.149306E-1,1.453518E-3
3.152778E-1,1.450530E-3
3.156250E-1,1.447543E-3
3.159722E-1,1.444555E-3
3.163194E-1,1.441568E-3
3.166667E-1,1.438580E-3
3.170139E-1,1.435593E-3
3.173611E-1,1.432606E-3
3.177083E-1,1.429618E-3
3.180556E-1,1.426631E-3
3.184028E-1,1.423643E-3
3.187500E-1,1.420656E-3
3.190972E-1,1.417668E-3
3.194444E-1,1.414681E-3
3.197917E-1,1.411693E-3
3.201389E-1,1.408706E-3
3.204861E-1,1.405718E-3
3.208333E-1,1.402731E-3
3.211806E-1,1.399743E-3
3.215278E-1,1.396756E-3
3.218750E-1,1.393769E-3
3.222222E-1,1.390781E-3
3.225694E-1,1.387794E-3
3.229167E-1,1.384806E-3
3.232639E-1,1.381819E-3
3.236111E-1,1.379363E-3
3.239583E-1,1.378068E-3
3.243056E-1,1.376774E-3
3.246528E-1,1.375479E-3
3.250000E-1,1.374184E-3
3.253472E-1,1.372890E-3
3.256944E-1,1.371595E-3
3.260417E-1,1.370300E-3
3.263889E-1,1.369006E-3
3.267361E-1,1.367711E-3
3.270833E-1,1.366416E-3
3.274306E-1,1.365121E-3
3.277778E-1,1.363827E-3
3.281250E-1,1.362532E-3
3.284722E-1,1.361237E-3
3.288194E-1,1.359943E-3
3.291667E-1,1.358648E-3
3.295139E-1,1.357353E-3
3.298611E-1,1.356058E-3
3.302083E-1,1.354764E-3
3.305556E-1,1.353469E-3
3.309028E-1,1.352174E-3
3.312500E-1,1.350880E-3
3.315972E-1,1.349585E-3
3.319444E-1,1.348290E-3
3.322917E-1,1.346995E-3
3.326389E-1,1.345701E-3
3.329861E-1,1.344406E-3
3.333333E-1,1.343111E-3
3.336806E-1,1.341817E-3
3.340278E-1,1.340522E-3
3.343750E-1,1.339227E-3
3.347222E-1,1.337933E-3
3.350694E-1,1.336638E-3
3.354167E-1,1.335343E-3
3.357639E-1,1.334048E-3
3.361111E-1,1.332754E-3
3.364583E-1,1.331459E-3
3.368056E-1,1.330164E-3
3.371528E-1,1.328870E-3
3.375000E-1,1.327575E-3
3.378472E-1,1.326280E-3
3.381944E-1,1.324986E-3
3.385417E-1,1.323691E-3
3.388889E-1,1.322396E-3
3.392361E-1,1.321101E-3
3.395833E-1,1.319807E-3
3.399306E-1,1.318512E-3
3.402778E-1,1.317217E-3
3.406250E-1,1.315923E-3
3.409722E-1,1.314628E-3
3.413194E-1,1.313333E-3
3.416667E-1,1.312038E-3
3.420139E-1,1.310744E-3
3.423611E-1,1.309449E-3
3.427083E-1,1.308154E-3
3.430556E-1,1.306860E-3
3.434028E-1,1.305565E-3
3.437500E-1,1.304270E-3
3.440972E-1,1.302976E-3
3.444444E-1,1.301681E-3
3.447917E-1,1.300386E-3
3.451389E-1,1.299091E-3
3.454861E-1,1.297797E-3
3.458333E-1,1.296502E-3
3.461806E-1,1.295207E-3
3.465278E-1,1.293913E-3
3.468750E-1,1.292618E-3
3.472222E-1,1.291323E-3
3.475694E-1,1.290028E-3
3.479167E-1,1.288734E-3
3.482639E-1,1.287439E-3
3.486111E-1,1.286144E-3
3.489583E-1,1.284850E-3
3.493056E-1,1.283555E-3
3.496528E-1,1.282260E-3
3.500000E-1,1.280966E-3
3.503472E-1,1.279671E-3
3.506944E-1,1.278376E-3
3.510417E-1,1.277081E-3
3.513889E-1,1.275787E-3
3.517361E-1,1.274492E-3
3.520833E-1,1.273197E-3
3.524306E-1,1.271903E-3
3.527778E-1,1.270608E-3
3.531250E-1,1.269313E-3
3.534722E-1,1.268018E-3
3.538194E-1,1.266724E-3
3.541667E-1,1.265429E-3
3.545139E-1,1.264134E-3
3.548611E-1,1.262840E-3
3.552083E-1,1.261545E-3
3.555556E-1,1.260250E-3
3.559028E-1,1.258956E-3
3.562500E-1,1.257661E-3
3.565972E-1,1.256366E-3
3.569444E-1,1.255071E-3
3.572917E-1,1.253777E-3
3.576389E-1,1.252482E-3
3.579861E-1,1.251187E-3
3.583333E-1,1.249893E-3
3.586806E-1,1.248598E-3
3.590278E-1,1.247303E-3
3.593750E-1,1.246008E-3
3.597222E-1,1.244714E-3
3.600694E-1,1.243419E-3
3.604167E-1,1.242124E-3
3.607639E-1,1.240830E-3
3.611111E-1,1.239535E-3
3.614583E-1,1.238240E-3
3.618056E-1,1.236946E-3
3.621528E-1,1.235651E-3
3.625000E-1,1.234356E-3
3.628472E-1,1.233061E-3
3.631944E-1,1.231767E-3
3.635417E-1,1.230472E-3
3.638889E-1,1.229177E-3
3.642361E-1,1.227883E-3
3.645833E-1,1.226588E-3
3.649306E-1,1.225293E-3
3.652778E-1,1.223998E-3
3.656250E-1,1.222704E-3
3.659722E-1,1.221409E-3
3.663194E-1,1.220114E-3
3.666667E-1,1.218820E-3
3.670139E-1,1.217525E-3
3.673611E-1,1.216230E-3
3.677083E-1,1.214936E-3
3.680556E-1,1.215217E-3
3.684028E-1,1.215667E-3
3.687500E-1,1.216117E-3
3.690972E-1,1.216567E-3
3.694444E-1,1.217018E-3
3.697917E-1,1.217468E-3
3.701389E-1,1.217918E-3
3.704861E-1,1.218369E-3
3.708333E-1,1.218819E-3
3.711806E-1,1.219269E-3
3.715278E-1,1.219719E-3
3.718750E-1,1.220170E-3
3.722222E-1,1.220620E-3
3.725694E-1,1.221070E-3
3.729167E-1,1.221521E-3
3.732639E-1,1.221971E-3
3.736111E-1,1.222421E-3
3.739583E-1,1.222871E-3
3.743056E-1,1.223322E-3
3.746528E-1,1.223772E-3
3.750000E-1,1.224222E-3
3.753472E-1,1.224673E-3
3.756944E-1,1.225123E-3
3.760417E-1,1.225573E-3
3.763889E-1,1.226023E-3
3.767361E-1,1.226474E-3
3.770833E-1,1.226924E-3
3.774306E-1,1.227374E-3
3.777778E-1,1.227825E-3
3.781250E-1,1.228275E-3
3.784722E-1,1.228725E-3
3.788194E-1,1.229175E-3
3.791667E-1,1.229626E-3
3.795139E-1,1.230076E-3
3.798611E-1,1.230526E-3
3.802083E-1,1.230977E-3
3.805556E-1,1.231427E-3
3.809028E-1,1.231877E-3
3.812500E-1,1.232327E-3
3.815972E-1,1.232778E-3
3.819444E-1,1.233228E-3
3.822917E-1,1.233678E-3
3.826389E-1,1.234129E-3
3.829861E-1,1.234579E-3
3.833333E-1,1.235029E-3
3.836806E-1,1.235479E-3
3.840278E-1,1.235930E-3
3.843750E-1,1.236380E-3
3.847222E-1,1.236830E-3
3.850694E-1,1.237281E-3
3.854167E-1,1.237731E-3
3.857639E-1,1.238181E-3
3.861111E-1,1.238631E-3
3.864583E-1,1.239082E-3
3.868056E-1,1.239532E-3
3.871528E-1,1.239982E-3
3.875000E-1,1.240433E-3
3.878472E-1,1.240883E-3
3.881944E-1,1.241333E-3
3.885417E-1,1.241783E-3
3.888889E-1,1.242234E-3
3.892361E-1,1.242684E-3
3.895833E-1,1.243134E-3
3.899306E-1,1.243585E-3
3.902778E-1,1.244035E-3
3.906250E-1,1.244485E-3
3.909722E-1,1.244935E-3
3.913194E-1,1.245386E-3
3.916667E-1,1.245836E-3
3.920139E-1,1.246286E-3
3.923611E-1,1.246737E-3
3.927083E-1,1.247187E-3
3.930556E-1,1.247637E-3
3.934028E-1,1.248087E-3
3.937500E-1,1.248538E-3
3.940972E-1,1.248988E-3
3.944444E-1,1.249438E-3
3.947917E-1,1.249889E-3
3.951389E-1,1.250339E-3
3.954861E-1,1.250789E-3
3.958333E-1,1.251239E-3
3.961806E-1,1.251690E-3
3.965278E-1,1.252140E-3
3.968750E-1,1.252590E-3
3.972222E-1,1.253041E-3
3.975694E-1,1.253491E-3
3.979167E-1,1.253941E-3
3.982639E-1,1.254391E-3
3.986111E-1,1.254842E-3
3.989583E-1,1.255292E-3
3.993056E-1,1.255742E-3
3.996528E-1,1.256193E-3
4.000000E-1,1.256643E-3
4.003472E-1,1.257093E-3
4.006944E-1,1.257543E-3
4.010417E-1,1.257994E-3
4.013889E-1,1.258444E-3
4.017361E-1,1.258894E-3
4.020833E-1,1.259345E-3
4.024306E-1,1.259795E-3
4.027778E-1,1.260245E-3
4.031250E-1,1.260695E-3
4.034722E-1,1.261146E-3
4.038194E-1,1.261596E-3
4.041667E-1,1.262046E-3
4.045139E-1,1.262497E-3
4.048611E-1,1.262947E-3
4.052083E-1,1.263397E-3
4.055556E-1,1.263847E-3
4.059028E-1,1.264298E-3
4.062500E-1,1.264748E-3
4.065972E-1,1.265198E-3
4.069444E-1,1.265649E-3
4.072917E-1,1.266099E-3
4.076389E-1,1.266549E-3
4.079861E-1,1.266999E-3
4.083333E-1,1.267450E-3
4.086806E-1,1.267900E-3
4.090278E-1,1.268350E-3
4.093750E-1,1.268801E-3
4.097222E-1,1.269251E-3
4.100694E-1,1.269701E-3
4.104167E-1,1.269998E-3
4.107639E-1,1.270257E-3
4.111111E-1,1.270516E-3
4.114583E-1,1.270775E-3
4.118056E-1,1.271034E-3
4.121528E-1,1.271293E-3
4.125000E-1,1.271552E-3
4.128472E-1,1.271811E-3
4.131944E-1,1.272070E-3
4.135417E-1,1.272329E-3
4.138889E-1,1.272588E-3
4.142361E-1,1.272847E-3
4.145833E-1,1.273106E-3
4.149306E-1,1.273365E-3
4.152778E-1,1.273624E-3
4.156250E-1,1.273883E-3
4.159722E-1,1.274142E-3
4.163194E-1,1.274401E-3
4.166667E-1,1.274660E-3
4.170139E-1,1.274919E-3
4.173611E-1,1.275178E-3
4.177083E-1,1.275437E-3
4.180556E-1,1.275696E-3
4.184028E-1,1.275955E-3
4.187500E-1,1.276214E-3
4.190972E-1,1.276473E-3
4.194444E-1,1.276732E-3
4.197917E-1,1.276991E-3
4.201389E-1,1.277250E-3
4.204861E-1,1.277509E-3
4.208333E-1,1.277768E-3
4.211806E-1,1.278027E-3
4.215278E-1,1.278286E-3
4.218750E-1,1.278545E-3
4.222222E-1,1.278804E-3
4.225694E-1,1.279063E-3
4.229167E-1,1.279322E-3
4.232639E-1,1.279581E-3
4.236111E-1,1.279840E-3
4.239583E-1,1.280099E-3
4.243056E-1,1.280358E-3
4.246528E-1,1.280617E-3
4.250000E-1,1.280876E-3
4.253472E-1,1.281135E-3
4.256944E-1,1.281394E-3
4.260417E-1,1.281653E-3
4.263889E-1,1.281912E-3
4.267361E-1,1.282171E-3
4.270833E-1,1.282430E-3
4.274306E-1,1.282689E-3
4.277778E-1,1.282948E-3
4.281250E-1,1.283207E-3
4.284722E-1,1.283466E-3
4.288194E-1,1.283725E-3
4.291667E-1,1.283984E-3
4.295139E-1,1.284243E-3
4.298611E-1,1.284502E-3
4.302083E-1,1.284761E-3
4.305556E-1,1.285020E-3
4.309028E-1,1.285279E-3
4.312500E-1,1.285538E-3
4.315972E-1,1.285797E-3
4.319444E-1,1.286056E-3
4.322917E-1,1.286315E-3
4.326389E-1,1.286574E-3
4.329861E-1,1.286833E-3
4.333333E-1,1.287092E-3
4.336806E-1,1.287351E-3
4.340278E-1,1.287610E-3
4.343750E-1,1.287869E-3
4.347222E-1,1.288128E-3
4.350694E-1,1.288387E-3
4.354167E-1,1.288646E-3
4.357639E-1,1.288905E-3
4.361111E-1,1.289164E-3
4.364583E-1,1.289423E-3
4.368056E-1,1.289682E-3
4.371528E-1,1.289941E-3
4.375000E-1,1.290200E-3
4.378472E-1,1.290459E-3
4.381944E-1,1.290718E-3
4.385417E-1,1.290977E-3
4.388889E-1,1.291236E-3
4.392361E-1,1.291495E-3
4.395833E-1,1.291754E-3
4.399306E-1,1.292013E-3
4.402778E-1,1.292272E-3
4.406250E-1,1.292531E-3
4.409722E-1,1.292790E-3
4.413194E-1,1.293049E-3
4.416667E-1,1.293308E-3
4.420139E-1,1.293567E-3
4.423611E-1,1.293826E-3
4.427083E-1,1.294085E-3
4.430556E-1,1.294344E-3
4.434028E-1,1.294603E-3
4.437500E-1,1.294862E-3
4.440972E-1,1.295121E-3
4.444444E-1,1.295380E-3
4.447917E-1,1.295639E-3
4.451389E-1,1.295898E-3
4.454861E-1,1.296157E-3
4.458333E-1,1.296416E-3
4.461806E-1,1.296675E-3
4.465278E-1,1.296934E-3
4.468750E-1,1.297193E-3
4.472222E-1,1.297452E-3
4.475694E-1,1.297711E-3
4.479167E-1,1.297970E-3
4.482639E-1,1.298229E-3
4.486111E-1,1.298488E-3
4.489583E-1,1.298747E-3
4.493056E-1,1.299006E-3
4.496528E-1,1.299265E-3
4.500000E-1,1.299524E-3
4.503472E-1,1.299783E-3
4.506944E-1,1.300042E-3
4.510417E-1,1.300301E-3
4.513889E-1,1.300560E-3
4.517361E-1,1.300819E-3
4.520833E-1,1.301078E-3
4.524306E-1,1.301337E-3
4.527778E-1,1.301596E-3
4.531250E-1,1.301855E-3
4.534722E-1,1.302114E-3
4.538194E-1,1.302373E-3
4.541667E-1,1.302632E-3
4.545139E-1,1.302508E-3
4.548611E-1,1.301789E-3
4.552083E-1,1.301070E-3
4.555556E-1,1.300351E-3
4.559028E-1,1.299631E-3
4.562500E-1,1.298912E-3
4.565972E-1,1.298193E-3
4.569444E-1,1.297473E-3
4.572917E-1,1.296754E-3
4.576389E-1,1.296035E-3
4.579861E-1,1.295315E-3
4.583333E-1,1.294596E-3
4.586806E-1,1.293877E-3
4.590278E-1,1.293157E-3
4.593750E-1,1.292438E-3
4.597222E-1,1.291719E-3
4.600694E-1,1.290999E-3
4.604167E-1,1.290280E-3
4.607639E-1,1.289561E-3
4.611111E-1,1.288841E-3
4.614583E-1,1.288122E-3
4.618056E-1,1.287403E-3
4.621528E-1,1.286683E-3
4.625000E-1,1.285964E-3
4.628472E-1,1.285245E-3
4.631944E-1,1.284525E-3
4.635417E-1,1.283806E-3
4.638889E-1,1.283087E-3
4.642361E-1,1.282367E-3
4.645833E-1,1.281648E-3
4.649306E-1,1.280929E-3
4.652778E-1,1.280209E-3
4.656250E-1,1.279490E-3
4.659722E-1,1.278771E-3
4.663194E-1,1.278051E-3
4.666667E-1,1.277332E-3
4.670139E-1,1.276613E-3
4.673611E-1,1.275893E-3
4.677083E-1,1.275174E-3
4.680556E-1,1.274455E-3
4.684028E-1,1.273735E-3
4.687500E-1,1.273016E-3
4.690972E-1,1.272297E-3
4.694444E-1,1.271578E-3
4.697917E-1,1.270858E-3
4.701389E-1,1.270139E-3
4.704861E-1,1.269420E-3
4.708333E-1,1.268700E-3
4.711806E-1,1.267981E-3
4.715278E-1,1.267262E-3
4.718750E-1,1.266542E-3
4.722222E-1,1.265823E-3
4.725694E-1,1.265104E-3
4.729167E-1,1.264384E-3
4.732639E-1,1.263665E-3
4.736111E-1,1.262946E-3
4.739583E-1,1.262226E-3
4.743056E-1,1.261507E-3
4.746528E-1,1.260788E-3
4.750000E-1,1.260068E-3
4.753472E-1,1.259349E-3
4.756944E-1,1.258630E-3
4.760417E-1,1.257910E-3
4.763889E-1,1.257191E-3
4.767361E-1,1.256472E-3
4.770833E-1,1.255752E-3
4.774306E-1,1.255033E-3
4.777778E-1,1.254314E-3
4.781250E-1,1.253594E-3
4.784722E-1,1.252875E-3
4.788194E-1,1.252156E-3
4.791667E-1,1.251436E-3
4.795139E-1,1.250717E-3
4.798611E-1,1.249998E-3
4.802083E-1,1.249278E-3
4.805556E-1,1.248559E-3
4.809028E-1,1.247840E-3
4.812500E-1,1.247120E-3
4.815972E-1,1.246401E-3
4.819444E-1,1.245682E-3
4.822917E-1,1.244963E-3
4.826389E-1,1.244243E-3
4.829861E-1,1.243524E-3
4.833333E-1,1.242805E-3
4.836806E-1,1.242085E-3
4.840278E-1,1.241366E-3
4.843750E-1,1.240647E-3
4.847222E-1,1.239927E-3
4.850694E-1,1.239208E-3
4.854167E-1,1.238489E-3
4.857639E-1,1.237769E-3
4.861111E-1,1.237050E-3
4.864583E-1,1.236331E-3
4.868056E-1,1.235611E-3
4.871528E-1,1.234892E-3
4.875000E-1,1.234173E-3
4.878472E-1,1.233453E-3
4.881944E-1,1.232734E-3
4.885417E-1,1.232015E-3
4.888889E-1,1.231295E-3
4.892361E-1,1.230576E-3
4.895833E-1,1.229857E-3
4.899306E-1,1.229137E-3
4.902778E-1,1.228418E-3
4.906250E-1,1.227699E-3
4.909722E-1,1.226979E-3
4.913194E-1,1.226260E-3
4.916667E-1,1.225541E-3
4.920139E-1,1.224821E-3
4.923611E-1,1.224102E-3
4.927083E-1,1.223383E-3
4.930556E-1,1.222663E-3
4.934028E-1,1.221944E-3
4.937500E-1,1.221225E-3
4.940972E-1,1.220505E-3
4.944444E-1,1.219786E-3
4.947917E-1,1.219067E-3
4.951389E-1,1.218348E-3
4.954861E-1,1.217628E-3
4.958333E-1,1.216909E-3
4.961806E-1,1.216190E-3
4.965278E-1,1.215470E-3
4.968750E-1,1.214751E-3
4.972222E-1,1.214032E-3
4.975694E-1,1.213312E-3
4.979167E-1,1.212593E-3
4.982639E-1,1.211874E-3
4.986111E-1,1.211154E-3
4.989583E-1,1.211732E-3
4.993056E-1,1.212336E-3
4.996528E-1,1.212941E-3
5.000000E-1,1.213545E-3
5.003472E-1,1.214149E-3
5.006944E-1,1.214753E-3
5.010417E-1,1.215357E-3
5.013889E-1,1.215962E-3
5.017361E-1,1.216566E-3
5.020833E-1,1.217170E-3
5.024306E-1,1.217774E-3
5.027778E-1,1.218378E-3
5.031250E-1,1.218983E-3
5.034722E-1,1.219587E-3
5.038194E-1,1.220191E-3
5.041667E-1,1.220795E-3
5.045139E-1,1.221399E-3
5.048611E-1,1.222004E-3
5.052083E-1,1.222608E-3
5.055556E-1,1.223212E-3
5.059028E-1,1.223816E-3
5.062500E-1,1.224420E-3
5.065972E-1,1.225025E-3
5.069444E-1,1.225629E-3
5.072917E-1,1.226233E-3
5.076389E-1,1.226837E-3
5.079861E-1,1.227441E-3
5.083333E-1,1.228046E-3
5.086806E-1,1.228650E-3
5.090278E-1,1.229254E-3
5.093750E-1,1.229858E-3
5.097222E-1,1.230462E-3
5.100694E-1,1.231067E-3
5.104167E-1,1.231671E-3
5.107639E-1,1.232275E-3
5.111111E-1,1.232879E-3
5.114583E-1,1.233483E-3
5.118056E-1,1.234088E-3
5.121528E-1,1.234692E-3
5.125000E-1,1.235296E-3
5.128472E-1,1.235900E-3
5.131944E-1,1.236504E-3
5.135417E-1,1.237109E-3
5.138889E-1,1.237713E-3
5.142361E-1,1.238317E-3
5.145833E-1,1.238921E-3
5.149306E-1,1.239525E-3
5.152778E-1,1.240130E-3
5.156250E-1,1.240734E-3
5.159722E-1,1.241338E-3
5.163194E-1,1.241942E-3
5.166667E-1,1.242546E-3
5.170139E-1,1.243151E-3
5.173611E-1,1.243755E-3
5.177083E-1,1.244359E-3
5.180556E-1,1.244963E-3
5.184028E-1,1.245567E-3
5.187500E-1,1.246172E-3
5.190972E-1,1.246776E-3
5.194444E-1,1.247380E-3
5.197917E-1,1.247984E-3
5.201389E-1,1.248588E-3
5.204861E-1,1.249193E-3
5.208333E-1,1.249797E-3
5.211806E-1,1.250401E-3
5.215278E-1,1.251005E-3
5.218750E-1,1.251609E-3
5.222222E-1,1.252214E-3
5.225694E-1,1.252818E-3
5.229167E-1,1.253422E-3
5.232639E-1,1.254026E-3
5.236111E-1,1.254630E-3
5.239583E-1,1.255235E-3
5.243056E-1,1.255839E-3
5.246528E-1,1.256443E-3
5.250000E-1,1.257047E-3
5.253472E-1,1.257651E-3
5.256944E-1,1.258256E-3
5.260417E-1,1.258860E-3
5.263889E-1,1.259464E-3
5.267361E-1,1.260068E-3
5.270833E-1,1.260672E-3
5.274306E-1,1.261277E-3
5.277778E-1,1.261881E-3
5.281250E-1,1.262485E-3
5.284722E-1,1.263089E-3
5.288194E-1,1.263693E-3
5.291667E-1,1.264298E-3
5.295139E-1,1.264902E-3
5.298611E-1,1.265506E-3
5.302083E-1,1.266110E-3
5.305556E-1,1.266714E-3
5.309028E-1,1.267319E-3
5.312500E-1,1.267923E-3
5.315972E-1,1.268527E-3
5.319444E-1,1.269131E-3
5.322917E-1,1.269735E-3
5.326389E-1,1.270340E-3
5.329861E-1,1.270944E-3
5.333333E-1,1.271548E-3
5.336806E-1,1.272152E-3
5.340278E-1,1.272756E-3
5.343750E-1,1.273361E-3
5.347222E-1,1.273965E-3
5.350694E-1,1.274569E-3
5.354167E-1,1.275173E-3
5.357639E-1,1.275777E-3
5.361111E-1,1.276382E-3
5.364583E-1,1.276986E-3
5.368056E-1,1.277590E-3
5.371528E-1,1.278194E-3
5.375000E-1,1.278798E-3
5.378472E-1,1.279403E-3
5.381944E-1,1.280007E-3
5.385417E-1,1.280611E-3
5.388889E-1,1.281215E-3
5.392361E-1,1.281819E-3
5.395833E-1,1.282424E-3
5.399306E-1,1.283028E-3
5.402778E-1,1.283632E-3
5.406250E-1,1.284236E-3
5.409722E-1,1.284840E-3
5.413194E-1,1.285445E-3
5.416667E-1,1.286049E-3
5.420139E-1,1.286653E-3
5.423611E-1,1.287257E-3
5.427083E-1,1.287861E-3
5.430556E-1,1.288173E-3
5.434028E-1,1.288265E-3
5.437500E-1,1.288357E-3
5.440972E-1,1.288449E-3
5.444444E-1,1.288541E-3
5.447917E-1,1.288633E-3
5.451389E-1,1.288725E-3
5.454861E-1,1.288817E-3
5.458333E-1,1.288909E-3
5.461806E-1,1.289001E-3
5.465278E-1,1.289094E-3
5.468750E-1,1.289186E-3
5.472222E-1,1.289278E-3
5.475694E-1,1.289370E-3
5.479167E-1,1.289462E-3
5.482639E-1,1.289554E-3
5.486111E-1,1.289646E-3
5.489583E-1,1.289738E-3
5.493056E-1,1.289830E-3
5.496528E-1,1.289922E-3
5.500000E-1,1.290014E-3
5.503472E-1,1.290107E-3
5.506944E-1,1.290199E-3
5.510417E-1,1.290291E-3
5.513889E-1,1.290383E-3
5.517361E-1,1.290475E-3
5.520833E-1,1.290567E-3
5.524306E-1,1.290659E-3
5.527778E-1,1.290751E-3
5.531250E-1,1.290843E-3
5.534722E-1,1.290935E-3
5.538194E-1,1.291027E-3
5.541667E-1,1.291120E-3
5.545139E-1,1.291212E-3
5.548611E-1,1.291304E-3
5.552083E-1,1.291396E-3
5.555556E-1,1.291488E-3
5.559028E-1,1.291580E-3
5.562500E-1,1.291672E-3
5.565972E-1,1.291764E-3
5.569444E-1,1.291856E-3
5.572917E-1,1.291948E-3
5.576389E-1,1.292040E-3
5.579861E-1,1.292133E-3
5.583333E-1,1.292225E-3
5.586806E-1,1.292317E-3
5.590278E-1,1.292409E-3
5.593750E-1,1.292501E-3
5.597222E-1,1.292593E-3
5.600694E-1,1.292685E-3
5.604167E-1,1.292777E-3
5.607639E-1,1.292869E-3
5.611111E-1,1.292961E-3
5.614583E-1,1.293053E-3
5.618056E-1,1.293146E-3
5.621528E-1,1.293238E-3
5.625000E-1,1.293330E-3
5.628472E-1,1.293422E-3
5.631944E-1,1.293514E-3
5.635417E-1,1.293606E-3
5.638889E-1,1.293698E-3
5.642361E-1,1.293790E-3
5.645833E-1,1.293882E-3
5.649306E-1,1.293974E-3
5.652778E-1,1.294066E-3
5.656250E-1,1.294159E-3
5.659722E-1,1.294251E-3
5.663194E-1,1.294343E-3
5.666667E-1,1.294435E-3
5.670139E-1,1.294527E-3
5.673611E-1,1.294619E-3
5.677083E-1,1.294711E-3
5.680556E-1,1.294803E-3
5.684028E-1,1.294895E-3
5.687500E-1,1.294987E-3
5.690972E-1,1.295079E-3
5.694444E-1,1.295172E-3
5.697917E-1,1.295264E-3
5.701389E-1,1.295356E-3
5.704861E-1,1.295448E-3
5.708333E-1,1.295540E-3
5.711806E-1,1.295632E-3
5.715278E-1,1.295724E-3
5.718750E-1,1.295816E-3
5.722222E-1,1.295908E-3
5.725694E-1,1.296000E-3
5.729167E-1,1.296092E-3
5.732639E-1,1.296185E-3
5.736111E-1,1.296277E-3
5.739583E-1,1.296369E-3
5.743056E-1,1.296461E-3
5.746528E-1,1.296553E-3
5.750000E-1,1.296645E-3
5.753472E-1,1.296737E-3
5.756944E-1,1.296829E-3
5.760417E-1,1.296921E-3
5.763889E-1,1.297013E-3
5.767361E-1,1.297105E-3
5.770833E-1,1.297198E-3
5.774306E-1,1.297290E-3
5.777778E-1,1.297382E-3
5.781250E-1,1.297474E-3
5.784722E-1,1.297566E-3
5.788194E-1,1.297658E-3
5.791667E-1,1.297750E-3
5.795139E-1,1.297842E-3
5.798611E-1,1.297934E-3
5.802083E-1,1.298026E-3
5.805556E-1,1.298118E-3
5.809028E-1,1.298211E-3
5.812500E-1,1.298303E-3
5.815972E-1,1.298395E-3
5.819444E-1,1.298487E-3
5.822917E-1,1.298579E-3
5.826389E-1,1.298671E-3
5.829861E-1,1.298763E-3
5.833333E-1,1.298855E-3
5.836806E-1,1.298947E-3
5.840278E-1,1.299039E-3
5.843750E-1,1.299162E-3
5.847222E-1,1.299500E-3
5.850694E-1,1.299838E-3
5.854167E-1,1.300177E-3
5.857639E-1,1.300515E-3
5.861111E-1,1.300853E-3
5.864583E-1,1.301191E-3
5.868056E-1,1.301529E-3
5.871528E-1,1.301868E-3
5.875000E-1,1.302206E-3
5.878472E-1,1.302544E-3
5.881944E-1,1.302882E-3
5.885417E-1,1.303221E-3
5.888889E-1,1.303559E-3
5.892361E-1,1.303897E-3
5.895833E-1,1.304235E-3
5.899306E-1,1.304573E-3
5.902778E-1,1.304912E-3
5.906250E-1,1.305250E-3
5.909722E-1,1.305588E-3
5.913194E-1,1.305926E-3
5.916667E-1,1.306264E-3
5.920139E-1,1.306603E-3
5.923611E-1,1.306941E-3
5.927083E-1,1.307279E-3
5.930556E-1,1.307617E-3
5.934028E-1,1.307956E-3
5.937500E-1,1.308294E-3
5.940972E-1,1.308632E-3
5.944444E-1,1.308970E-3
5.947917E-1,1.309308E-3
5.951389E-1,1.309647E-3
5.954861E-1,1.309985E-3
5.958333E-1,1.310323E-3
5.961806E-1,1.310661E-3
5.965278E-1,1.311000E-3
5.968750E-1,1.311338E-3
5.972222E-1,1.311676E-3
5.975694E-1,1.312014E-3
5.979167E-1,1.312352E-3
5.982639E-1,1.312691E-3
5.986111E-1,1.313029E-3
5.989583E-1,1.313367E-3
5.993056E-1,1.313705E-3
5.996528E-1,1.314044E-3
6.000000E-1,1.314382E-3
6.003472E-1,1.314720E-3
6.006944E-1,1.315058E-3
6.010417E-1,1.315396E-3
6.013889E-1,1.315735E-3
6.017361E-1,1.316073E-3
6.020833E-1,1.316411E-3
6.024306E-1,1.316749E-3
6.027778E-1,1.317087E-3
6.031250E-1,1.317426E-3
6.034722E-1,1.317764E-3
6.038194E-1,1.318102E-3
6.041667E-1,1.318440E-3
6.045139E-1,1.318779E-3
6.048611E-1,1.319117E-3
6.052083E-1,1.319455E-3
6.055556E-1,1.319793E-3
6.059028E-1,1.320131E-3
6.062500E-1,1.320470E-3
6.065972E-1,1.320808E-3
6.069444E-1,1.321146E-3
6.072917E-1,1.321484E-3
6.076389E-1,1.321823E-3
6.079861E-1,1.322161E-3
6.083333E-1,1.322499E-3
6.086806E-1,1.322837E-3
6.090278E-1,1.323175E-3
6.093750E-1,1.323514E-3
6.097222E-1,1.323852E-3
6.100694E-1,1.324190E-3
6.104167E-1,1.324528E-3
6.107639E-1,1.324867E-3
6.111111E-1,1.325205E-3
6.114583E-1,1.325543E-3
6.118056E-1,1.325881E-3
6.121528E-1,1.326219E-3
6.125000E-1,1.326558E-3
6.128472E-1,1.326896E-3
6.131944E-1,1.327234E-3
6.135417E-1,1.327572E-3
6.138889E-1,1.327910E-3
6.142361E-1,1.328249E-3
6.145833E-1,1.328587E-3
6.149306E-1,1.328925E-3
6.152778E-1,1.329263E-3
6.156250E-1,1.329602E-3
6.159722E-1,1.329940E-3
6.163194E-1,1.330278E-3
6.166667E-1,1.330616E-3
6.170139E-1,1.330954E-3
6.173611E-1,1.331293E-3
6.177083E-1,1.331631E-3
6.180556E-1,1.331969E-3
6.184028E-1,1.332307E-3
6.187500E-1,1.332646E-3
6.190972E-1,1.332984E-3
6.194444E-1,1.333322E-3
6.197917E-1,1.333660E-3
6.201389E-1,1.333998E-3
6.204861E-1,1.334337E-3
6.208333E-1,1.334675E-3
6.211806E-1,1.335013E-3
6.215278E-1,1.335351E-3
6.218750E-1,1.335690E-3
6.222222E-1,1.336028E-3
6.225694E-1,1.336366E-3
6.229167E-1,1.336704E-3
6.232639E-1,1.337042E-3
6.236111E-1,1.337381E-3
6.239583E-1,1.337719E-3
6.243056E-1,1.338057E-3
6.246528E-1,1.338395E-3
6.250000E-1,1.338734E-3
6.253472E-1,1.339072E-3
6.256944E-1,1.339410E-3
6.260417E-1,1.339748E-3
6.263889E-1,1.340086E-3
6.267361E-1,1.340425E-3
6.270833E-1,1.340763E-3
6.274306E-1,1.341101E-3
6.277778E-1,1.341439E-3
6.281250E-1,1.341777E-3
6.284722E-1,1.342116E-3
6.288194E-1,1.342454E-3
6.291667E-1,1.342792E-3
6.295139E-1,1.343076E-3
6.298611E-1,1.342511E-3
6.302083E-1,1.341946E-3
6.305556E-1,1.341381E-3
6.309028E-1,1.340816E-3
6.312500E-1,1.340251E-3
6.315972E-1,1.339686E-3
6.319444E-1,1.339121E-3
6.322917E-1,1.338557E-3
6.326389E-1,1.337992E-3
6.329861E-1,1.337427E-3
6.333333E-1,1.336862E-3
6.336806E-1,1.336297E-3
6.340278E-1,1.335732E-3
6.343750E-1,1.335167E-3
6.347222E-1,1.334602E-3
6.350694E-1,1.334037E-3
6.354167E-1,1.333472E-3
6.357639E-1,1.332907E-3
6.361111E-1,1.332342E-3
6.364583E-1,1.331777E-3
6.368056E-1,1.331212E-3
6.371528E-1,1.330647E-3
6.375000E-1,1.330083E-3
6.378472E-1,1.329518E-3
6.381944E-1,1.328953E-3
6.385417E-1,1.328388E-3
6.388889E-1,1.327823E-3
6.392361E-1,1.327258E-3
6.395833E-1,1.326693E-3
6.399306E-1,1.326128E-3
6.402778E-1,1.325563E-3
6.406250E-1,1.324998E-3
6.409722E-1,1.324433E-3
6.413194E-1,1.323868E-3
6.416667E-1,1.323303E-3
6.420139E-1,1.322738E-3
6.423611E-1,1.322173E-3
6.427083E-1,1.321609E-3
6.430556E-1,1.321044E-3
6.434028E-1,1.320479E-3
6.437500E-1,1.319914E-3
6.440972E-1,1.319349E-3
6.444444E-1,1.318784E-3
6.447917E-1,1.318219E-3
6.451389E-1,1.317654E-3
6.454861E-1,1.317089E-3
6.458333E-1,1.316524E-3
6.461806E-1,1.315959E-3
6.465278E-1,1.315394E-3
6.468750E-1,1.314829E-3
6.472222E-1,1.314264E-3
6.475694E-1,1.313700E-3
6.479167E-1,1.313135E-3
6.482639E-1,1.312570E-3
6.486111E-1,1.312005E-3
6.489583E-1,1.311440E-3
6.493056E-1,1.310875E-3
6.496528E-1,1.310310E-3
6.500000E-1,1.309745E-3
6.503472E-1,1.309180E-3
6.506944E-1,1.308615E-3
6.510417E-1,1.308050E-3
6.513889E-1,1.307485E-3
6.517361E-1,1.306920E-3
6.520833E-1,1.306355E-3
6.524306E-1,1.305790E-3
6.527778E-1,1.305226E-3
6.531250E-1,1.304661E-3
6.534722E-1,1.304096E-3
6.538194E-1,1.303531E-3
6.541667E-1,1.302966E-3
6.545139E-1,1.302401E-3
6.548611E-1,1.301836E-3
6.552083E-1,1.301271E-3
6.555556E-1,1.300706E-3
6.559028E-1,1.300141E-3
6.562500E-1,1.299576E-3
6.565972E-1,1.299011E-3
6.569444E-1,1.298446E-3
6.572917E-1,1.297881E-3
6.576389E-1,1.297316E-3
6.579861E-1,1.296752E-3
6.583333E-1,1.296187E-3
6.586806E-1,1.295622E-3
6.590278E-1,1.295057E-3
6.593750E-1,1.294492E-3
6.597222E-1,1.293927E-3
6.600694E-1,1.293362E-3
6.604167E-1,1.292797E-3
6.607639E-1,1.292232E-3
6.611111E-1,1.291667E-3
6.614583E-1,1.291102E-3
6.618056E-1,1.290537E-3
6.621528E-1,1.289972E-3
6.625000E-1,1.289407E-3
6.628472E-1,1.288842E-3
6.631944E-1,1.288278E-3
6.635417E-1,1.287713E-3
6.638889E-1,1.287148E-3
6.642361E-1,1.286583E-3
6.645833E-1,1.286018E-3
6.649306E-1,1.285453E-3
6.652778E-1,1.284888E-3
6.656250E-1,1.284323E-3
6.659722E-1,1.283758E-3
6.663194E-1,1.283193E-3
6.666667E-1,1.282628E-3
6.670139E-1,1.282063E-3
6.673611E-1,1.281498E-3
6.677083E-1,1.280933E-3
6.680556E-1,1.280368E-3
6.684028E-1,1.279804E-3
6.687500E-1,1.279239E-3
6.690972E-1,1.278674E-3
6.694444E-1,1.278109E-3
6.697917E-1,1.277544E-3
6.701389E-1,1.277024E-3
6.704861E-1,1.276630E-3
6.708333E-1,1.276235E-3
6.711806E-1,1.275841E-3
6.715278E-1,1.275446E-3
6.718750E-1,1.275052E-3
6.722222E-1,1.274657E-3
6.725694E-1,1.274262E-3
6.729167E-1,1.273868E-3
6.732639E-1,1.273473E-3
6.736111E-1,1.273079E-3
6.739583E-1,1.272684E-3
6.743056E-1,1.272290E-3
6.746528E-1,1.271895E-3
6.750000E-1,1.271500E-3
6.753472E-1,1.271106E-3
6.756944E-1,1.270711E-3
6.760417E-1,1.270317E-3
6.763889E-1,1.269922E-3
6.767361E-1,1.269528E-3
6.770833E-1,1.269133E-3
6.774306E-1,1.268738E-3
6.777778E-1,1.268344E-3
6.781250E-1,1.267949E-3
6.784722E-1,1.267555E-3
6.788194E-1,1.267160E-3
6.791667E-1,1.266765E-3
6.795139E-1,1.266371E-3
6.798611E-1,1.265976E-3
6.802083E-1,1.265582E-3
6.805556E-1,1.265187E-3
6.809028E-1,1.264793E-3
6.812500E-1,1.264398E-3
6.815972E-1,1.264003E-3
6.819444E-1,1.263609E-3
6.822917E-1,1.263214E-3
6.826389E-1,1.262820E-3
6.829861E-1,1.262425E-3
6.833333E-1,1.262031E-3
6.836806E-1,1.261636E-3
6.840278E-1,1.261241E-3
6.843750E-1,1.260847E-3
6.847222E-1,1.260452E-3
6.850694E-1,1.260058E-3
6.854167E-1,1.259663E-3
6.857639E-1,1.259269E-3
6.861111E-1,1.258874E-3
6.864583E-1,1.258479E-3
6.868056E-1,1.258085E-3
6.871528E-1,1.257690E-3
6.875000E-1,1.257296E-3
6.878472E-1,1.256901E-3
6.881944E-1,1.256506E-3
6.885417E-1,1.256112E-3
6.888889E-1,1.255717E-3
6.892361E-1,1.255323E-3
6.895833E-1,1.254928E-3
6.899306E-1,1.254534E-3
6.902778E-1,1.254139E-3
6.906250E-1,1.253744E-3
6.909722E-1,1.253350E-3
6.913194E-1,1.252955E-3
6.916667E-1,1.252561E-3
6.920139E-1,1.252166E-3
6.923611E-1,1.251772E-3
6.927083E-1,1.251377E-3
6.930556E-1,1.250982E-3
6.934028E-1,1.250588E-3
6.937500E-1,1.250193E-3
6.940972E-1,1.249799E-3
6.944444E-1,1.249404E-3
6.947917E-1,1.249010E-3
6.951389E-1,1.248615E-3
6.954861E-1,1.248220E-3
6.958333E-1,1.247826E-3
6.961806E-1,1.247431E-3
6.965278E-1,1.247037E-3
6.968750E-1,1.246642E-3
6.972222E-1,1.246248E-3
6.975694E-1,1.245853E-3
6.979167E-1,1.245458E-3
6.982639E-1,1.245064E-3
6.986111E-1,1.244669E-3
6.989583E-1,1.244275E-3
6.993056E-1,1.243880E-3
6.996528E-1,1.243485E-3
7.000000E-1,1.243091E-3
7.003472E-1,1.242696E-3
7.006944E-1,1.242302E-3
7.010417E-1,1.241907E-3
7.013889E-1,1.241513E-3
7.017361E-1,1.241118E-3
7.020833E-1,1.240723E-3
7.024306E-1,1.240329E-3
7.027778E-1,1.239934E-3
7.031250E-1,1.239540E-3
7.034722E-1,1.239145E-3
7.038194E-1,1.238751E-3
7.041667E-1,1.238356E-3
7.045139E-1,1.237961E-3
7.048611E-1,1.237567E-3
7.052083E-1,1.237172E-3
7.055556E-1,1.236778E-3
7.059028E-1,1.236383E-3
7.062500E-1,1.235989E-3
7.065972E-1,1.235594E-3
7.069444E-1,1.235199E-3
7.072917E-1,1.234805E-3
7.076389E-1,1.234410E-3
7.079861E-1,1.234016E-3
7.083333E-1,1.233621E-3
7.086806E-1,1.233227E-3
7.090278E-1,1.232832E-3
7.093750E-1,1.232437E-3
7.097222E-1,1.232043E-3
7.100694E-1,1.231648E-3
7.104167E-1,1.231254E-3
7.107639E-1,1.230859E-3
7.111111E-1,1.230464E-3
7.114583E-1,1.230070E-3
7.118056E-1,1.229675E-3
7.121528E-1,1.229281E-3
7.125000E-1,1.228886E-3
7.128472E-1,1.228492E-3
7.131944E-1,1.228097E-3
7.135417E-1,1.227702E-3
7.138889E-1,1.227308E-3
7.142361E-1,1.226913E-3
7.145833E-1,1.226519E-3
7.149306E-1,1.226124E-3
7.152778E-1,1.225737E-3
7.156250E-1,1.225376E-3
7.159722E-1,1.225016E-3
7.163194E-1,1.224656E-3
7.166667E-1,1.224295E-3
7.170139E-1,1.223935E-3
7.173611E-1,1.223575E-3
7.177083E-1,1.223215E-3
7.180556E-1,1.222854E-3
7.184028E-1,1.222494E-3
7.187500E-1,1.222134E-3
7.190972E-1,1.221774E-3
7.194444E-1,1.221413E-3
7.197917E-1,1.221053E-3
7.201389E-1,1.220693E-3
7.204861E-1,1.220333E-3
7.208333E-1,1.219972E-3
7.211806E-1,1.219612E-3
7.215278E-1,1.219252E-3
7.218750E-1,1.218891E-3
7.222222E-1,1.218531E-3
7.225694E-1,1.218171E-3
7.229167E-1,1.217811E-3
7.232639E-1,1.217450E-3
7.236111E-1,1.217090E-3
7.239583E-1,1.216730E-3
7.243056E-1,1.216370E-3
7.246528E-1,1.216009E-3
7.250000E-1,1.215649E-3
7.253472E-1,1.215289E-3
7.256944E-1,1.214929E-3
7.260417E-1,1.214568E-3
7.263889E-1,1.214208E-3
7.267361E-1,1.213848E-3
7.270833E-1,1.213487E-3
7.274306E-1,1.213127E-3
7.277778E-1,1.212767E-3
7.281250E-1,1.212407E-3
7.284722E-1,1.212046E-3
7.288194E-1,1.211686E-3
7.291667E-1,1.211326E-3
7.295139E-1,1.210966E-3
7.298611E-1,1.210605E-3
7.302083E-1,1.210245E-3
7.305556E-1,1.209885E-3
7.309028E-1,1.209524E-3
7.312500E-1,1.209164E-3
7.315972E-1,1.208804E-3
7.319444E-1,1.208444E-3
7.322917E-1,1.208083E-3
7.326389E-1,1.207723E-3
7.329861E-1,1.207363E-3
7.333333E-1,1.207003E-3
7.336806E-1,1.206642E-3
7.340278E-1,1.206282E-3
7.343750E-1,1.205922E-3
7.347222E-1,1.205562E-3
7.350694E-1,1.205201E-3
7.354167E-1,1.204841E-3
7.357639E-1,1.204481E-3
7.361111E-1,1.204120E-3
7.364583E-1,1.203760E-3
7.368056E-1,1.203400E-3
7.371528E-1,1.203040E-3
7.375000E-1,1.202679E-3
7.378472E-1,1.202319E-3
7.381944E-1,1.201959E-3
7.385417E-1,1.201599E-3
7.388889E-1,1.201238E-3
7.392361E-1,1.200878E-3
7.395833E-1,1.200518E-3
7.399306E-1,1.200157E-3
7.402778E-1,1.199797E-3
7.406250E-1,1.199437E-3
7.409722E-1,1.199077E-3
7.413194E-1,1.198716E-3
7.416667E-1,1.198356E-3
7.420139E-1,1.197996E-3
7.423611E-1,1.197636E-3
7.427083E-1,1.197275E-3
7.430556E-1,1.196915E-3
7.434028E-1,1.196555E-3
7.437500E-1,1.196195E-3
7.440972E-1,1.195834E-3
7.444444E-1,1.195474E-3
7.447917E-1,1.195114E-3
7.451389E-1,1.194753E-3
7.454861E-1,1.194393E-3
7.458333E-1,1.194033E-3
7.461806E-1,1.193673E-3
7.465278E-1,1.193312E-3
7.468750E-1,1.192952E-3
7.472222E-1,1.192592E-3
7.475694E-1,1.192232E-3
7.479167E-1,1.191871E-3
7.482639E-1,1.191511E-3
7.486111E-1,1.191151E-3
7.489583E-1,1.190791E-3
7.493056E-1,1.190430E-3
7.496528E-1,1.190070E-3
7.500000E-1,1.189710E-3
7.503472E-1,1.189349E-3
7.506944E-1,1.188989E-3
7.510417E-1,1.188629E-3
7.513889E-1,1.188269E-3
7.517361E-1,1.187908E-3
7.520833E-1,1.187548E-3
7.524306E-1,1.187188E-3
7.527778E-1,1.186828E-3
7.531250E-1,1.186467E-3
7.534722E-1,1.186107E-3
7.538194E-1,1.185747E-3
7.541667E-1,1.185386E-3
7.545139E-1,1.185026E-3
7.548611E-1,1.184666E-3
7.552083E-1,1.184306E-3
7.555556E-1,1.183945E-3
7.559028E-1,1.183585E-3
7.562500E-1,1.183225E-3
7.565972E-1,1.182865E-3
7.569444E-1,1.182504E-3
7.572917E-1,1.182144E-3
7.576389E-1,1.181898E-3
7.579861E-1,1.182675E-3
7.583333E-1,1.183452E-3
7.586806E-1,1.184228E-3
7.590278E-1,1.185005E-3
7.593750E-1,1.185782E-3
7.597222E-1,1.186559E-3
7.600694E-1,1.187336E-3
7.604167E-1,1.188112E-3
7.607639E-1,1.188889E-3
7.611111E-1,1.189666E-3
7.614583E-1,1.190443E-3
7.618056E-1,1.191220E-3
7.621528E-1,1.191996E-3
7.625000E-1,1.192773E-3
7.628472E-1,1.193550E-3
7.631944E-1,1.194327E-3
7.635417E-1,1.195104E-3
7.638889E-1,1.195880E-3
7.642361E-1,1.196657E-3
7.645833E-1,1.197434E-3
7.649306E-1,1.198211E-3
7.652778E-1,1.198988E-3
7.656250E-1,1.199764E-3
7.659722E-1,1.200541E-3
7.663194E-1,1.201318E-3
7.666667E-1,1.202095E-3
7.670139E-1,1.202871E-3
7.673611E-1,1.203648E-3
7.677083E-1,1.204425E-3
7.680556E-1,1.205202E-3
7.684028E-1,1.205979E-3
7.687500E-1,1.206755E-3
7.690972E-1,1.207532E-3
7.694444E-1,1.208309E-3
7.697917E-1,1.209086E-3
7.701389E-1,1.209863E-3
7.704861E-1,1.210639E-3
7.708333E-1,1.211416E-3
7.711806E-1,1.212193E-3
7.715278E-1,1.212970E-3
7.718750E-1,1.213747E-3
7.722222E-1,1.214523E-3
7.725694E-1,1.215300E-3
7.729167E-1,1.216077E-3
7.732639E-1,1.216854E-3
7.736111E-1,1.217631E-3
7.739583E-1,1.218407E-3
7.743056E-1,1.219184E-3
7.746528E-1,1.219961E-3
7.750000E-1,1.220738E-3
7.753472E-1,1.221515E-3
7.756944E-1,1.222291E-3
7.760417E-1,1.223068E-3
7.763889E-1,1.223845E-3
7.767361E-1,1.224622E-3
7.770833E-1,1.225399E-3
7.774306E-1,1.226175E-3
7.777778E-1,1.226952E-3
7.781250E-1,1.227729E-3
7.784722E-1,1.228506E-3
7.788194E-1,1.229282E-3
7.791667E-1,1.230059E-3
7.795139E-1,1.230836E-3
7.798611E-1,1.231613E-3
7.802083E-1,1.232390E-3
7.805556E-1,1.233166E-3
7.809028E-1,1.233943E-3
7.812500E-1,1.234720E-3
7.815972E-1,1.235497E-3
7.819444E-1,1.236274E-3
7.822917E-1,1.237050E-3
7.826389E-1,1.237827E-3
7.829861E-1,1.238604E-3
7.833333E-1,1.239381E-3
7.836806E-1,1.240158E-3
7.840278E-1,1.240934E-3
7.843750E-1,1.241711E-3
7.847222E-1,1.242488E-3
7.850694E-1,1.243265E-3
7.854167E-1,1.244042E-3
7.857639E-1,1.244818E-3
7.861111E-1,1.245595E-3
7.864583E-1,1.246372E-3
7.868056E-1,1.247149E-3
7.871528E-1,1.247926E-3
7.875000E-1,1.248702E-3
7.878472E-1,1.249479E-3
7.881944E-1,1.250256E-3
7.885417E-1,1.251033E-3
7.888889E-1,1.251810E-3
7.892361E-1,1.252586E-3
7.895833E-1,1.253363E-3
7.899306E-1,1.254140E-3
7.902778E-1,1.254917E-3
7.906250E-1,1.255693E-3
7.909722E-1,1.256470E-3
7.913194E-1,1.257247E-3
7.916667E-1,1.258024E-3
7.920139E-1,1.258801E-3
7.923611E-1,1.259577E-3
7.927083E-1,1.260354E-3
7.930556E-1,1.261131E-3
7.934028E-1,1.261908E-3
7.937500E-1,1.262685E-3
7.940972E-1,1.263461E-3
7.944444E-1,1.264238E-3
7.947917E-1,1.265015E-3
7.951389E-1,1.265792E-3
7.954861E-1,1.266569E-3
7.958333E-1,1.267345E-3
7.961806E-1,1.268122E-3
7.965278E-1,1.268899E-3
7.968750E-1,1.269676E-3
7.972222E-1,1.270453E-3
7.975694E-1,1.271229E-3
7.979167E-1,1.272006E-3
7.982639E-1,1.272783E-3
7.986111E-1,1.273560E-3
7.989583E-1,1.274337E-3
7.993056E-1,1.275113E-3
7.996528E-1,1.275890E-3
8.000000E-1,1.276667E-3
8.003472E-1,1.277444E-3
8.006944E-1,1.278220E-3
8.010417E-1,1.278997E-3
8.013889E-1,1.279774E-3
8.017361E-1,1.280551E-3
8.020833E-1,1.281767E-3
8.024306E-1,1.283178E-3
8.027778E-1,1.284589E-3
8.031250E-1,1.286000E-3
8.034722E-1,1.287411E-3
8.038194E-1,1.288822E-3
8.041667E-1,1.290233E-3
8.045139E-1,1.291644E-3
8.048611E-1,1.293055E-3
8.052083E-1,1.294466E-3
8.055556E-1,1.295877E-3
8.059028E-1,1.297288E-3
8.062500E-1,1.298699E-3
8.065972E-1,1.300110E-3
8.069444E-1,1.301521E-3
8.072917E-1,1.302932E-3
8.076389E-1,1.304343E-3
8.079861E-1,1.305754E-3
8.083333E-1,1.307165E-3
8.086806E-1,1.308576E-3
8.090278E-1,1.309987E-3
8.093750E-1,1.311398E-3
8.097222E-1,1.312809E-3
8.100694E-1,1.314220E-3
8.104167E-1,1.315631E-3
8.107639E-1,1.317042E-3
8.111111E-1,1.318453E-3
8.114583E-1,1.319864E-3
8.118056E-1,1.321275E-3
8.121528E-1,1.322686E-3
8.125000E-1,1.324097E-3
8.128472E-1,1.325508E-3
8.131944E-1,1.326919E-3
8.135417E-1,1.328330E-3
8.138889E-1,1.329741E-3
8.142361E-1,1.331152E-3
8.145833E-1,1.332563E-3
8.149306E-1,1.333974E-3
8.152778E-1,1.335385E-3
8.156250E-1,1.336796E-3
8.159722E-1,1.338207E-3
8.163194E-1,1.339618E-3
8.166667E-1,1.341029E-3
8.170139E-1,1.342440E-3
8.173611E-1,1.343851E-3
8.177083E-1,1.345262E-3
8.180556E-1,1.346673E-3
8.184028E-1,1.348084E-3
8.187500E-1,1.349495E-3
8.190972E-1,1.350907E-3
8.194444E-1,1.352318E-3
8.197917E-1,1.353729E-3
8.201389E-1,1.355140E-3
8.204861E-1,1.356551E-3
8.208333E-1,1.357962E-3
8.211806E-1,1.359373E-3
8.215278E-1,1.360784E-3
8.218750E-1,1.362195E-3
8.222222E-1,1.363606E-3
8.225694E-1,1.365017E-3
8.229167E-1,1.366428E-3
8.232639E-1,1.367839E-3
8.236111E-1,1.369250E-3
8.239583E-1,1.370661E-3
8.243056E-1,1.372072E-3
8.246528E-1,1.373483E-3
8.250000E-1,1.374894E-3
8.253472E-1,1.376305E-3
8.256944E-1,1.377716E-3
8.260417E-1,1.379127E-3
8.263889E-1,1.380538E-3
8.267361E-1,1.381949E-3
8.270833E-1,1.383360E-3
8.274306E-1,1.384771E-3
8.277778E-1,1.386182E-3
8.281250E-1,1.387593E-3
8.284722E-1,1.389004E-3
8.288194E-1,1.390415E-3
8.291667E-1,1.391826E-3
8.295139E-1,1.393237E-3
8.298611E-1,1.394648E-3
8.302083E-1,1.396059E-3
8.305556E-1,1.397470E-3
8.309028E-1,1.398881E-3
8.312500E-1,1.400292E-3
8.315972E-1,1.401703E-3
8.319444E-1,1.403114E-3
8.322917E-1,1.404525E-3
8.326389E-1,1.405936E-3
8.329861E-1,1.407347E-3
8.333333E-1,1.408758E-3
8.336806E-1,1.410169E-3
8.340278E-1,1.411580E-3
8.343750E-1,1.412991E-3
8.347222E-1,1.414402E-3
8.350694E-1,1.415813E-3
8.354167E-1,1.417224E-3
8.357639E-1,1.418635E-3
8.361111E-1,1.420046E-3
8.364583E-1,1.421457E-3
8.368056E-1,1.422868E-3
8.371528E-1,1.424279E-3
8.375000E-1,1.425690E-3
8.378472E-1,1.427101E-3
8.381944E-1,1.428512E-3
8.385417E-1,1.429924E-3
8.388889E-1,1.431335E-3
8.392361E-1,1.432746E-3
8.395833E-1,1.434157E-3
8.399306E-1,1.435568E-3
8.402778E-1,1.436979E-3
8.406250E-1,1.438390E-3
8.409722E-1,1.439801E-3
8.413194E-1,1.441212E-3
8.416667E-1,1.442623E-3
8.420139E-1,1.444034E-3
8.423611E-1,1.445445E-3
8.427083E-1,1.446856E-3
8.430556E-1,1.448267E-3
8.434028E-1,1.449678E-3
8.437500E-1,1.451089E-3
8.440972E-1,1.452500E-3
8.444444E-1,1.452897E-3
8.447917E-1,1.452587E-3
8.451389E-1,1.452277E-3
8.454861E-1,1.451967E-3
8.458333E-1,1.451657E-3
8.461806E-1,1.451347E-3
8.465278E-1,1.451037E-3
8.468750E-1,1.450727E-3
8.472222E-1,1.450417E-3
8.475694E-1,1.450107E-3
8.479167E-1,1.449797E-3
8.482639E-1,1.449487E-3
8.486111E-1,1.449177E-3
8.489583E-1,1.448867E-3
8.493056E-1,1.448557E-3
8.496528E-1,1.448247E-3
8.500000E-1,1.447937E-3
8.503472E-1,1.447627E-3
8.506944E-1,1.447317E-3
8.510417E-1,1.447007E-3
8.513889E-1,1.446697E-3
8.517361E-1,1.446387E-3
8.520833E-1,1.446077E-3
8.524306E-1,1.445767E-3
8.527778E-1,1.445457E-3
8.531250E-1,1.445147E-3
8.534722E-1,1.444837E-3
8.538194E-1,1.444527E-3
8.541667E-1,1.444217E-3
8.545139E-1,1.443907E-3
8.548611E-1,1.443597E-3
8.552083E-1,1.443287E-3
8.555556E-1,1.442977E-3
8.559028E-1,1.442667E-3
8.562500E-1,1.442357E-3
8.565972E-1,1.442047E-3
8.569444E-1,1.441737E-3
8.572917E-1,1.441427E-3
8.576389E-1,1.441117E-3
8.579861E-1,1.440807E-3
8.583333E-1,1.440497E-3
8.586806E-1,1.440187E-3
8.590278E-1,1.439877E-3
8.593750E-1,1.439567E-3
8.597222E-1,1.439257E-3
8.600694E-1,1.438947E-3
8.604167E-1,1.438637E-3
8.607639E-1,1.438327E-3
8.611111E-1,1.438017E-3
8.614583E-1,1.437707E-3
8.618056E-1,1.437397E-3
8.621528E-1,1.437087E-3
8.625000E-1,1.436777E-3
8.628472E-1,1.436467E-3
8.631944E-1,1.436157E-3
8.635417E-1,1.435847E-3
8.638889E-1,1.435537E-3
8.642361E-1,1.435227E-3
8.645833E-1,1.434917E-3
8.649306E-1,1.434607E-3
8.652778E-1,1.434297E-3
8.656250E-1,1.433987E-3
8.659722E-1,1.433677E-3
8.663194E-1,1.433367E-3
8.666667E-1,1.433057E-3
8.670139E-1,1.432747E-3
8.673611E-1,1.432437E-3
8.677083E-1,1.432127E-3
8.680556E-1,1.431817E-3
8.684028E-1,1.431507E-3
8.687500E-1,1.431197E-3
8.690972E-1,1.430887E-3
8.694444E-1,1.430577E-3
8.697917E-1,1.430267E-3
8.701389E-1,1.429957E-3
8.704861E-1,1.429647E-3
8.708333E-1,1.429337E-3
8.711806E-1,1.429027E-3
8.715278E-1,1.428717E-3
8.718750E-1,1.428407E-3
8.722222E-1,1.428097E-3
8.725694E-1,1.427787E-3
8.729167E-1,1.427477E-3
8.732639E-1,1.427167E-3
8.736111E-1,1.426857E-3
8.739583E-1,1.426547E-3
8.743056E-1,1.426237E-3
8.746528E-1,1.425927E-3
8.750000E-1,1.425617E-3
8.753472E-1,1.425307E-3
8.756944E-1,1.424997E-3
8.760417E-1,1.424687E-3
8.763889E-1,1.424377E-3
8.767361E-1,1.424067E-3
8.770833E-1,1.423757E-3
8.774306E-1,1.423447E-3
8.777778E-1,1.423137E-3
8.781250E-1,1.422827E-3
8.784722E-1,1.422517E-3
8.788194E-1,1.422207E-3
8.791667E-1,1.421897E-3
8.795139E-1,1.421587E-3
8.798611E-1,1.421277E-3
8.802083E-1,1.420967E-3
8.805556E-1,1.420657E-3
8.809028E-1,1.420347E-3
8.812500E-1,1.420037E-3
8.815972E-1,1.419727E-3
8.819444E-1,1.419417E-3
8.822917E-1,1.419107E-3
8.826389E-1,1.418797E-3
8.829861E-1,1.418487E-3
8.833333E-1,1.418177E-3
8.836806E-1,1.417867E-3
8.840278E-1,1.417557E-3
8.843750E-1,1.417247E-3
8.847222E-1,1.416937E-3
8.850694E-1,1.416627E-3
8.854167E-1,1.416317E-3
8.857639E-1,1.416007E-3
8.861111E-1,1.415697E-3
8.864583E-1,1.415387E-3
8.868056E-1,1.415077E-3
8.871528E-1,1.414767E-3
8.875000E-1,1.414457E-3
8.878472E-1,1.414147E-3
8.881944E-1,1.413837E-3
8.885417E-1,1.413527E-3
8.888889E-1,1.413217E-3
8.892361E-1,1.412907E-3
8.895833E-1,1.411973E-3
8.899306E-1,1.410475E-3
8.902778E-1,1.408976E-3
8.906250E-1,1.407478E-3
8.909722E-1,1.405979E-3
8.913194E-1,1.404480E-3
8.916667E-1,1.402982E-3
8.920139E-1,1.401483E-3
8.923611E-1,1.399985E-3
8.927083E-1,1.398486E-3
8.930556E-1,1.396988E-3
8.934028E-1,1.395489E-3
8.937500E-1,1.393991E-3
8.940972E-1,1.392492E-3
8.944444E-1,1.390994E-3
8.947917E-1,1.389495E-3
8.951389E-1,1.387997E-3
8.954861E-1,1.386498E-3
8.958333E-1,1.385000E-3
8.961806E-1,1.383501E-3
8.965278E-1,1.382003E-3
8.968750E-1,1.380504E-3
8.972222E-1,1.379006E-3
8.975694E-1,1.377507E-3
8.979167E-1,1.376008E-3
8.982639E-1,1.374510E-3
8.986111E-1,1.373011E-3
8.989583E-1,1.371513E-3
8.993056E-1,1.370014E-3
8.996528E-1,1.368516E-3
9.000000E-1,1.367017E-3
9.003472E-1,1.365519E-3
9.006944E-1,1.364020E-3
9.010417E-1,1.362522E-3
9.013889E-1,1.361023E-3
9.017361E-1,1.359525E-3
9.020833E-1,1.358026E-3
9.024306E-1,1.356528E-3
9.027778E-1,1.355029E-3
9.031250E-1,1.353531E-3
9.034722E-1,1.352032E-3
9.038194E-1,1.350534E-3
9.041667E-1,1.349035E-3
9.045139E-1,1.347536E-3
9.048611E-1,1.346038E-3
9.052083E-1,1.344539E-3
9.055556E-1,1.343041E-3
9.059028E-1,1.341542E-3
9.062500E-1,1.340044E-3
9.065972E-1,1.338545E-3
9.069444E-1,1.337047E-3
9.072917E-1,1.335548E-3
9.076389E-1,1.334050E-3
9.079861E-1,1.332551E-3
9.083333E-1,1.331053E-3
9.086806E-1,1.329554E-3
9.090278E-1,1.328056E-3
9.093750E-1,1.326557E-3
9.097222E-1,1.325059E-3
9.100694E-1,1.323560E-3
9.104167E-1,1.322061E-3
9.107639E-1,1.320563E-3
9.111111E-1,1.319064E-3
9.114583E-1,1.317566E-3
9.118056E-1,1.316067E-3
9.121528E-1,1.314569E-3
9.125000E-1,1.313070E-3
9.128472E-1,1.311572E-3
9.131944E-1,1.310073E-3
9.135417E-1,1.308575E-3
9.138889E-1,1.307076E-3
9.142361E-1,1.305578E-3
9.145833E-1,1.304079E-3
9.149306E-1,1.302581E-3
9.152778E-1,1.301082E-3
9.156250E-1,1.299584E-3
9.159722E-1,1.298085E-3
9.163194E-1,1.296587E-3
9.166667E-1,1.295088E-3
9.170139E-1,1.293589E-3
9.173611E-1,1.292091E-3
9.177083E-1,1.290592E-3
9.180556E-1,1.289094E-3
9.184028E-1,1.287595E-3
9.187500E-1,1.286097E-3
9.190972E-1,1.284598E-3
9.194444E-1,1.283100E-3
9.197917E-1,1.281601E-3
9.201389E-1,1.280103E-3
9.204861E-1,1.278604E-3
9.208333E-1,1.277106E-3
9.211806E-1,1.275607E-3
9.215278E-1,1.274109E-3
9.218750E-1,1.272610E-3
9.222222E-1,1.271112E-3
9.225694E-1,1.269613E-3
9.229167E-1,1.268114E-3
9.232639E-1,1.266616E-3
9.236111E-1,1.265117E-3
9.239583E-1,1.263619E-3
9.243056E-1,1.262120E-3
9.246528E-1,1.260622E-3
9.250000E-1,1.259123E-3
9.253472E-1,1.257625E-3
9.256944E-1,1.256126E-3
9.260417E-1,1.254628E-3
9.263889E-1,1.253129E-3
9.267361E-1,1.251631E-3
9.270833E-1,1.250132E-3
9.274306E-1,1.248634E-3
9.277778E-1,1.247135E-3
9.281250E-1,1.245637E-3
9.284722E-1,1.244138E-3
9.288194E-1,1.242640E-3
9.291667E-1,1.241141E-3
9.295139E-1,1.239642E-3
9.298611E-1,1.238144E-3
9.302083E-1,1.236645E-3
9.305556E-1,1.235147E-3
9.309028E-1,1.233648E-3
9.312500E-1,1.232150E-3
9.315972E-1,1.230651E-3
9.319444E-1,1.229153E-3
9.322917E-1,1.227654E-3
9.326389E-1,1.226156E-3
9.329861E-1,1.222419E-3
9.333333E-1,1.218012E-3
9.336806E-1,1.213604E-3
9.340278E-1,1.209197E-3
9.343750E-1,1.204790E-3
9.347222E-1,1.200382E-3
9.350694E-1,1.195975E-3
9.354167E-1,1.191567E-3
9.357639E-1,1.187160E-3
9.361111E-1,1.182752E-3
9.364583E-1,1.178345E-3
9.368056E-1,1.173937E-3
9.371528E-1,1.169530E-3
9.375000E-1,1.165122E-3
9.378472E-1,1.160715E-3
9.381944E-1,1.156308E-3
9.385417E-1,1.151900E-3
9.388889E-1,1.147493E-3
9.392361E-1,1.143085E-3
9.395833E-1,1.138678E-3
9.399306E-1,1.134270E-3
9.402778E-1,1.129863E-3
9.406250E-1,1.125455E-3
9.409722E-1,1.121048E-3
9.413194E-1,1.116640E-3
9.416667E-1,1.112233E-3
9.420139E-1,1.107825E-3
9.423611E-1,1.103418E-3
9.427083E-1,1.099010E-3
9.430556E-1,1.094603E-3
9.434028E-1,1.090195E-3
9.437500E-1,1.085788E-3
9.440972E-1,1.081381E-3
9.444444E-1,1.076973E-3
9.447917E-1,1.072566E-3
9.451389E-1,1.068158E-3
9.454861E-1,1.063751E-3
9.458333E-1,1.059343E-3
9.461806E-1,1.054936E-3
9.465278E-1,1.050528E-3
9.468750E-1,1.046121E-3
9.472222E-1,1.041713E-3
9.475694E-1,1.037306E-3
9.479167E-1,1.032898E-3
9.482639E-1,1.028491E-3
9.486111E-1,1.024084E-3
9.489583E-1,1.019676E-3
9.493056E-1,1.015269E-3
9.496528E-1,1.010861E-3
9.500000E-1,1.006454E-3
9.503472E-1,1.002046E-3
9.506944E-1,9.976388E-4
9.510417E-1,9.932312E-4
9.513889E-1,9.888238E-4
9.517361E-1,9.844164E-4
9.520833E-1,9.800089E-4
9.524306E-1,9.756014E-4
9.527778E-1,9.711939E-4
9.531250E-1,9.667865E-4
9.534722E-1,9.623791E-4
9.538194E-1,9.579716E-4
9.541667E-1,9.535641E-4
9.545139E-1,9.491566E-4
9.548611E-1,9.447492E-4
9.552083E-1,9.403418E-4
9.555556E-1,9.359342E-4
9.559028E-1,9.315268E-4
9.562500E-1,9.271193E-4
9.565972E-1,9.227119E-4
9.569444E-1,9.183045E-4
9.572917E-1,9.138969E-4
9.576389E-1,9.094895E-4
9.579861E-1,9.050820E-4
9.583333E-1,9.006746E-4
9.586806E-1,8.962670E-4
9.590278E-1,8.918596E-4
9.593750E-1,8.874521E-4
9.597222E-1,8.830447E-4
9.600694E-1,8.786373E-4
9.604167E-1,8.742297E-4
9.607639E-1,8.698223E-4
9.611111E-1,8.654148E-4
9.614583E-1,8.610074E-4
9.618056E-1,8.565998E-4
9.621528E-1,8.521924E-4
9.625000E-1,8.477850E-4
9.628472E-1,8.433775E-4
9.631944E-1,8.389701E-4
9.635417E-1,8.345625E-4
9.638889E-1,8.301551E-4
9.642361E-1,8.257477E-4
9.645833E-1,8.213402E-4
9.649306E-1,8.169327E-4
9.652778E-1,8.125252E-4
9.656250E-1,8.081178E-4
9.659722E-1,8.037104E-4
9.663194E-1,7.993029E-4
9.666667E-1,7.948954E-4
9.670139E-1,7.904879E-4
9.673611E-1,7.860805E-4
9.677083E-1,7.816730E-4
9.680556E-1,7.772655E-4
9.684028E-1,7.728580E-4
9.687500E-1,7.684506E-4
9.690972E-1,7.640432E-4
9.694444E-1,7.596357E-4
9.697917E-1,7.552282E-4
9.701389E-1,7.508207E-4
9.704861E-1,7.464133E-4
9.708333E-1,7.420059E-4
9.711806E-1,7.375983E-4
9.715278E-1,7.331909E-4
9.718750E-1,7.287834E-4
9.722222E-1,7.243760E-4
9.725694E-1,7.199686E-4
9.729167E-1,7.155610E-4
9.732639E-1,7.111536E-4
9.736111E-1,7.067461E-4
9.739583E-1,7.023387E-4
9.743056E-1,6.979311E-4
9.746528E-1,6.935237E-4
9.750000E-1,6.891163E-4
9.753472E-1,6.847088E-4
9.756944E-1,6.803014E-4
9.760417E-1,6.758938E-4
9.763889E-1,6.714864E-4
9.767361E-1,6.670789E-4
9.770833E-1,6.626715E-4
9.774306E-1,6.582640E-4
9.777778E-1,6.538565E-4
9.781250E-1,6.494491E-4
9.784722E-1,6.450416E-4
9.788194E-1,6.406342E-4
9.791667E-1,6.362266E-4
9.795139E-1,6.318192E-4
9.798611E-1,6.274118E-4
9.802083E-1,6.230043E-4
9.805556E-1,6.185968E-4
9.809028E-1,6.141893E-4
9.812500E-1,6.097819E-4
9.815972E-1,6.053745E-4
9.819444E-1,6.009670E-4
9.822917E-1,5.965595E-4
9.826389E-1,5.921520E-4
9.829861E-1,5.877446E-4
9.833333E-1,5.833372E-4
9.836806E-1,5.789296E-4
9.840278E-1,5.745222E-4
9.843750E-1,5.701147E-4
9.847222E-1,5.657073E-4
9.850694E-1,5.612999E-4
9.854167E-1,5.568923E-4
9.857639E-1,5.524849E-4
9.861111E-1,5.480774E-4
9.864583E-1,5.436700E-4
9.868056E-1,5.392624E-4
9.871528E-1,5.348550E-4
9.875000E-1,5.304475E-4
9.878472E-1,5.260401E-4
9.881944E-1,5.216327E-4
9.885417E-1,5.172251E-4
9.888889E-1,5.128177E-4
9.892361E-1,5.084102E-4
9.895833E-1,5.040028E-4
9.899306E-1,4.995952E-4
9.902778E-1,4.951878E-4
9.906250E-1,4.907804E-4
9.909722E-1,4.863729E-4
9.913194E-1,4.819655E-4
9.916667E-1,4.775579E-4
9.920139E-1,4.731505E-4
9.923611E-1,4.687431E-4
9.927083E-1,4.643356E-4
9.930556E-1,4.599281E-4
9.934028E-1,4.555206E-4
9.937500E-1,4.511132E-4
9.940972E-1,4.467058E-4
9.944444E-1,4.422983E-4
9.947917E-1,4.378908E-4
9.951389E-1,4.334833E-4
9.954861E-1,4.290759E-4
9.958333E-1,4.246684E-4
9.961806E-1,4.202609E-4
9.965278E-1,4.158534E-4
9.968750E-1,4.114460E-4
9.972222E-1,4.070386E-4
9.975694E-1,4.026311E-4
9.979167E-1,3.982236E-4
9.982639E-1,3.938161E-4
9.986111E-1,3.894087E-4
9.989583E-1,3.850013E-4
9.993056E-1,3.805937E-4
9.996528E-1,3.761863E-4
