7.139351E-12,1.851677E+0
3.472222E-2,1.855661E+0
6.944444E-2,1.859645E+0
1.041667E-1,1.863628E+0
1.388889E-1,1.867612E+0
1.736111E-1,1.871596E+0
2.083333E-1,1.875580E+0
2.430556E-1,1.879564E+0
2.777778E-1,1.883548E+0
3.125000E-1,1.887532E+0
3.472222E-1,1.891516E+0
3.819444E-1,1.895500E+0
4.166667E-1,1.899484E+0
4.513889E-1,1.903468E+0
4.861111E-1,1.907452E+0
5.208333E-1,1.911436E+0
5.555556E-1,1.915420E+0
5.902778E-1,1.919404E+0
6.250000E-1,1.923388E+0
6.597222E-1,1.927372E+0
6.944444E-1,1.931356E+0
7.291667E-1,1.935339E+0
7.638889E-1,1.939323E+0
7.986111E-1,1.943307E+0
8.333333E-1,1.947291E+0
8.680556E-1,1.951275E+0
9.027778E-1,1.955259E+0
9.375000E-1,1.959243E+0
9.722222E-1,1.963227E+0
1.006944E+0,1.967211E+0
1.041667E+0,1.971195E+0
1.076389E+0,1.975179E+0
1.111111E+0,1.979163E+0
1.145833E+0,1.983147E+0
1.180556E+0,1.987131E+0
1.215278E+0,1.991115E+0
1.250000E+0,1.995099E+0
1.284722E+0,1.999083E+0
1.319444E+0,2.003066E+0
1.354167E+0,2.007050E+0
1.388889E+0,2.011034E+0
1.423611E+0,2.015018E+0
1.458333E+0,2.019002E+0
1.493056E+0,2.022986E+0
1.527778E+0,2.026970E+0
1.562500E+0,2.030954E+0
1.597222E+0,2.034938E+0
1.631944E+0,2.038922E+0
1.666667E+0,2.042906E+0
1.701389E+0,2.046890E+0
1.736111E+0,2.050874E+0
1.770833E+0,2.054858E+0
1.805556E+0,2.058842E+0
1.840278E+0,2.062826E+0
1.875000E+0,2.066810E+0
1.909722E+0,2.070794E+0
1.944444E+0,2.074777E+0
1.979167E+0,2.078761E+0
2.013889E+0,2.082745E+0
2.048611E+0,2.086729E+0
2.083333E+0,2.090713E+0
2.118056E+0,2.094697E+0
2.152778E+0,2.098681E+0
2.187500E+0,2.102665E+0
2.222222E+0,2.106649E+0
2.256944E+0,2.110633E+0
2.291667E+0,2.114617E+0
2.326389E+0,2.118601E+0
2.361111E+0,2.122585E+0
2.395833E+0,2.126569E+0
2.430556E+0,2.130553E+0
2.465278E+0,2.134537E+0
2.500000E+0,2.138521E+0
2.534722E+0,2.142504E+0
2.569444E+0,2.146488E+0
2.604167E+0,2.150472E+0
2.638889E+0,2.154456E+0
2.673611E+0,2.158440E+0
2.708333E+0,2.162424E+0
2.743056E+0,2.166408E+0
2.777778E+0,2.170392E+0
2.812500E+0,2.174376E+0
2.847222E+0,2.178360E+0
2.881944E+0,2.182344E+0
2.916667E+0,2.186328E+0
2.951389E+0,2.190312E+0
2.986111E+0,2.194296E+0
3.020833E+0,2.198280E+0
3.055556E+0,2.202264E+0
3.090278E+0,2.206248E+0
3.125000E+0,2.210232E+0
3.159722E+0,2.214215E+0
3.194444E+0,2.218199E+0
3.229167E+0,2.222183E+0
3.263889E+0,2.226167E+0
3.298611E+0,2.230151E+0
3.333333E+0,2.234135E+0
3.368056E+0,2.238119E+0
3.402778E+0,2.242103E+0
3.437500E+0,2.246087E+0
3.472222E+0,2.250071E+0
3.506944E+0,2.254055E+0
3.541667E+0,2.258039E+0
3.576389E+0,2.262023E+0
3.611111E+0,2.266007E+0
3.645833E+0,2.269991E+0
3.680556E+0,2.273975E+0
3.715278E+0,2.277959E+0
3.750000E+0,2.281943E+0
3.784722E+0,2.285926E+0
3.819444E+0,2.289910E+0
3.854167E+0,2.293894E+0
3.888889E+0,2.297878E+0
3.923611E+0,2.301862E+0
3.958333E+0,2.305846E+0
3.993056E+0,2.309830E+0
4.027778E+0,2.313814E+0
4.062500E+0,2.317798E+0
4.097222E+0,2.321782E+0
4.131944E+0,2.325766E+0
4.166667E+0,2.329750E+0
4.201389E+0,2.333734E+0
4.236111E+0,2.337718E+0
4.270833E+0,2.341702E+0
4.305556E+0,2.345686E+0
4.340278E+0,2.349670E+0
4.375000E+0,2.353653E+0
4.409722E+0,2.357637E+0
4.444444E+0,2.361621E+0
4.479167E+0,2.365605E+0
4.513889E+0,2.369589E+0
4.548611E+0,2.373573E+0
4.583333E+0,2.377557E+0
4.618056E+0,2.381541E+0
4.652778E+0,2.385525E+0
4.687500E+0,2.389509E+0
4.722222E+0,2.393493E+0
4.756944E+0,2.397477E+0
4.791667E+0,2.401461E+0
4.826389E+0,2.405445E+0
4.861111E+0,2.409429E+0
4.895833E+0,2.413413E+0
4.930556E+0,2.417397E+0
4.965278E+0,2.421381E+0
5.000000E+0,2.425364E+0
5.034722E+0,2.429348E+0
5.069444E+0,2.433332E+0
5.104167E+0,2.437316E+0
5.138889E+0,2.441300E+0
5.173611E+0,2.445284E+0
5.208333E+0,2.449268E+0
5.243056E+0,2.453252E+0
5.277778E+0,2.457236E+0
5.312500E+0,2.461220E+0
5.347222E+0,2.465204E+0
5.381944E+0,2.469188E+0
5.416667E+0,2.473172E+0
5.451389E+0,2.477156E+0
5.486111E+0,2.481140E+0
5.520833E+0,2.485124E+0
5.555556E+0,2.489108E+0
5.590278E+0,2.493092E+0
5.625000E+0,2.497075E+0
5.659722E+0,2.501059E+0
5.694444E+0,2.505043E+0
5.729167E+0,2.509027E+0
5.763889E+0,2.513011E+0
5.798611E+0,2.516995E+0
5.833333E+0,2.520979E+0
5.868056E+0,2.524963E+0
5.902778E+0,2.528947E+0
5.937500E+0,2.532931E+0
5.972222E+0,2.536915E+0
6.006944E+0,2.540899E+0
6.041667E+0,2.544883E+0
6.076389E+0,2.548867E+0
6.111111E+0,2.552851E+0
6.145833E+0,2.556835E+0
6.180556E+0,2.560819E+0
6.215278E+0,2.564802E+0
6.250000E+0,2.568786E+0
6.284722E+0,2.572770E+0
6.319444E+0,2.576754E+0
6.354167E+0,2.580738E+0
6.388889E+0,2.584722E+0
6.423611E+0,2.588706E+0
6.458333E+0,2.592690E+0
6.493056E+0,2.596674E+0
6.527778E+0,2.600658E+0
6.562500E+0,2.604642E+0
6.597222E+0,2.608626E+0
6.631944E+0,2.612610E+0
6.666667E+0,2.616594E+0
6.701389E+0,2.620578E+0
6.736111E+0,2.624562E+0
6.770833E+0,2.628546E+0
6.805556E+0,2.632530E+0
6.840278E+0,2.636513E+0
6.875000E+0,2.640497E+0
6.909722E+0,2.645445E+0
6.944444E+0,2.651969E+0
6.979167E+0,2.658492E+0
7.013889E+0,2.665016E+0
7.048611E+0,2.671540E+0
7.083333E+0,2.678064E+0
7.118056E+0,2.684587E+0
7.152778E+0,2.691111E+0
7.187500E+0,2.697635E+0
7.222222E+0,2.704159E+0
7.256944E+0,2.710682E+0
7.291667E+0,2.717206E+0
7.326389E+0,2.723730E+0
7.361111E+0,2.730254E+0
7.395833E+0,2.736777E+0
7.430556E+0,2.743301E+0
7.465278E+0,2.749825E+0
7.500000E+0,2.756349E+0
7.534722E+0,2.762873E+0
7.569444E+0,2.769396E+0
7.604167E+0,2.775920E+0
7.638889E+0,2.782444E+0
7.673611E+0,2.788968E+0
7.708333E+0,2.795491E+0
7.743056E+0,2.802015E+0
7.777778E+0,2.808539E+0
7.812500E+0,2.815063E+0
7.847222E+0,2.821586E+0
7.881944E+0,2.828110E+0
7.916667E+0,2.834634E+0
7.951389E+0,2.841158E+0
7.986111E+0,2.847681E+0
8.020833E+0,2.854205E+0
8.055556E+0,2.860729E+0
8.090278E+0,2.867253E+0
8.125000E+0,2.873776E+0
8.159722E+0,2.880300E+0
8.194444E+0,2.886824E+0
8.229167E+0,2.893348E+0
8.263889E+0,2.899871E+0
8.298611E+0,2.906395E+0
8.333333E+0,2.912919E+0
8.368056E+0,2.919443E+0
8.402778E+0,2.925967E+0
8.437500E+0,2.932490E+0
8.472222E+0,2.939014E+0
8.506944E+0,2.945538E+0
8.541667E+0,2.952062E+0
8.576389E+0,2.958585E+0
8.611111E+0,2.965109E+0
8.645833E+0,2.971633E+0
8.680556E+0,2.978157E+0
8.715278E+0,2.984680E+0
8.750000E+0,2.991204E+0
8.784722E+0,2.997728E+0
8.819444E+0,3.004252E+0
8.854167E+0,3.010775E+0
8.888889E+0,3.017299E+0
8.923611E+0,3.023823E+0
8.958333E+0,3.030347E+0
8.993056E+0,3.036870E+0
9.027778E+0,3.043394E+0
9.062500E+0,3.049918E+0
9.097222E+0,3.056442E+0
9.131944E+0,3.062965E+0
9.166667E+0,3.069489E+0
9.201389E+0,3.076013E+0
9.236111E+0,3.082537E+0
9.270833E+0,3.089061E+0
9.305556E+0,3.095584E+0
9.340278E+0,3.102108E+0
9.375000E+0,3.108632E+0
9.409722E+0,3.115156E+0
9.444444E+0,3.121679E+0
9.479167E+0,3.128203E+0
9.513889E+0,3.134727E+0
9.548611E+0,3.141251E+0
9.583333E+0,3.147774E+0
9.618056E+0,3.154298E+0
9.652778E+0,3.160822E+0
9.687500E+0,3.167346E+0
9.722222E+0,3.173869E+0
9.756944E+0,3.180393E+0
9.791667E+0,3.186917E+0
9.826389E+0,3.193441E+0
9.861111E+0,3.199964E+0
9.895833E+0,3.206488E+0
9.930556E+0,3.213012E+0
9.965278E+0,3.219536E+0
1.000000E+1,3.226060E+0
1.003472E+1,3.232583E+0
1.006944E+1,3.239107E+0
1.010417E+1,3.245631E+0
1.013889E+1,3.252155E+0
1.017361E+1,3.258678E+0
1.020833E+1,3.265202E+0
1.024306E+1,3.271726E+0
1.027778E+1,3.278250E+0
1.031250E+1,3.284773E+0
1.034722E+1,3.291297E+0
1.038194E+1,3.297821E+0
1.041667E+1,3.304345E+0
1.045139E+1,3.310868E+0
1.048611E+1,3.317392E+0
1.052083E+1,3.323916E+0
1.055556E+1,3.330440E+0
1.059028E+1,3.336963E+0
1.062500E+1,3.343487E+0
1.065972E+1,3.350011E+0
1.069444E+1,3.356535E+0
1.072917E+1,3.363059E+0
1.076389E+1,3.369582E+0
1.079861E+1,3.376106E+0
1.083333E+1,3.382630E+0
1.086806E+1,3.389154E+0
1.090278E+1,3.395677E+0
1.093750E+1,3.402201E+0
1.097222E+1,3.408725E+0
1.100694E+1,3.415248E+0
1.104167E+1,3.421772E+0
1.107639E+1,3.428296E+0
1.111111E+1,3.434820E+0
1.114583E+1,3.441344E+0
1.118056E+1,3.447867E+0
1.121528E+1,3.454391E+0
1.125000E+1,3.460915E+0
1.128472E+1,3.467439E+0
1.131944E+1,3.473962E+0
1.135417E+1,3.480486E+0
1.138889E+1,3.487010E+0
1.142361E+1,3.493534E+0
1.145833E+1,3.498444E+0
1.149306E+1,3.503084E+0
1.152778E+1,3.507724E+0
1.156250E+1,3.512363E+0
1.159722E+1,3.517003E+0
1.163194E+1,3.521643E+0
1.166667E+1,3.526282E+0
1.170139E+1,3.530922E+0
1.173611E+1,3.535562E+0
1.177083E+1,3.540201E+0
1.180556E+1,3.544841E+0
1.184028E+1,3.549481E+0
1.187500E+1,3.554121E+0
1.190972E+1,3.558760E+0
1.194444E+1,3.563400E+0
1.197917E+1,3.568040E+0
1.201389E+1,3.572680E+0
1.204861E+1,3.577319E+0
1.208333E+1,3.581959E+0
1.211806E+1,3.586599E+0
1.215278E+1,3.591238E+0
1.218750E+1,3.595878E+0
1.222222E+1,3.600518E+0
1.225694E+1,3.605157E+0
1.229167E+1,3.609797E+0
1.232639E+1,3.614437E+0
1.236111E+1,3.619077E+0
1.239583E+1,3.623716E+0
1.243056E+1,3.628356E+0
1.246528E+1,3.632996E+0
1.250000E+1,3.637636E+0
1.253472E+1,3.642275E+0
1.256944E+1,3.646915E+0
1.260417E+1,3.651555E+0
1.263889E+1,3.656194E+0
1.267361E+1,3.660834E+0
1.270833E+1,3.665474E+0
1.274306E+1,3.670114E+0
1.277778E+1,3.674753E+0
1.281250E+1,3.679393E+0
1.284722E+1,3.684033E+0
1.288194E+1,3.688672E+0
1.291667E+1,3.693312E+0
1.295139E+1,3.697952E+0
1.298611E+1,3.702592E+0
1.302083E+1,3.707231E+0
1.305556E+1,3.711871E+0
1.309028E+1,3.716511E+0
1.312500E+1,3.721150E+0
1.315972E+1,3.725790E+0
1.319444E+1,3.730430E+0
1.322917E+1,3.735070E+0
1.326389E+1,3.739709E+0
1.329861E+1,3.744349E+0
1.333333E+1,3.748989E+0
1.336806E+1,3.753629E+0
1.340278E+1,3.758268E+0
1.343750E+1,3.762908E+0
1.347222E+1,3.767548E+0
1.350694E+1,3.772187E+0
1.354167E+1,3.776827E+0
1.357639E+1,3.781467E+0
1.361111E+1,3.786106E+0
1.364583E+1,3.790746E+0
1.368056E+1,3.795386E+0
1.371528E+1,3.800026E+0
1.375000E+1,3.804665E+0
1.378472E+1,3.809305E+0
1.381944E+1,3.813945E+0
1.385417E+1,3.818585E+0
1.388889E+1,3.823224E+0
1.392361E+1,3.827864E+0
1.395833E+1,3.832504E+0
1.399306E+1,3.837143E+0
1.402778E+1,3.841783E+0
1.406250E+1,3.846423E+0
1.409722E+1,3.851062E+0
1.413194E+1,3.855702E+0
1.416667E+1,3.860342E+0
1.420139E+1,3.864982E+0
1.423611E+1,3.869621E+0
1.427083E+1,3.874261E+0
1.430556E+1,3.878901E+0
1.434028E+1,3.883541E+0
1.437500E+1,3.888180E+0
1.440972E+1,3.892820E+0
1.444444E+1,3.897460E+0
1.447917E+1,3.902099E+0
1.451389E+1,3.906739E+0
1.454861E+1,3.911379E+0
1.458333E+1,3.916018E+0
1.461806E+1,3.920658E+0
1.465278E+1,3.925298E+0
1.468750E+1,3.929938E+0
1.472222E+1,3.934577E+0
1.475694E+1,3.939217E+0
1.479167E+1,3.943857E+0
1.482639E+1,3.948497E+0
1.486111E+1,3.953136E+0
1.489583E+1,3.957776E+0
1.493056E+1,3.962416E+0
1.496528E+1,3.967055E+0
1.500000E+1,3.971695E+0
1.503472E+1,3.976335E+0
1.506944E+1,3.980974E+0
1.510417E+1,3.985614E+0
1.513889E+1,3.990254E+0
1.517361E+1,3.994894E+0
1.520833E+1,3.999533E+0
1.524306E+1,4.004173E+0
1.527778E+1,4.008813E+0
1.531250E+1,4.013453E+0
1.534722E+1,4.018092E+0
1.538194E+1,4.022732E+0
1.541667E+1,4.027372E+0
1.545139E+1,4.032011E+0
1.548611E+1,4.036651E+0
1.552083E+1,4.041291E+0
1.555556E+1,4.045931E+0
1.559028E+1,4.046233E+0
1.562500E+1,4.044538E+0
1.565972E+1,4.042844E+0
1.569444E+1,4.041149E+0
1.572917E+1,4.039455E+0
1.576389E+1,4.037760E+0
1.579861E+1,4.036066E+0
1.583333E+1,4.034371E+0
1.586806E+1,4.032677E+0
1.590278E+1,4.030982E+0
1.593750E+1,4.029288E+0
1.597222E+1,4.027593E+0
1.600694E+1,4.025899E+0
1.604167E+1,4.024204E+0
1.607639E+1,4.022510E+0
1.611111E+1,4.020815E+0
1.614583E+1,4.019121E+0
1.618056E+1,4.017426E+0
1.621528E+1,4.015732E+0
1.625000E+1,4.014037E+0
1.628472E+1,4.012343E+0
1.631944E+1,4.010648E+0
1.635417E+1,4.008954E+0
1.638889E+1,4.007259E+0
1.642361E+1,4.005565E+0
1.645833E+1,4.003870E+0
1.649306E+1,4.002176E+0
1.652778E+1,4.000481E+0
1.656250E+1,3.998787E+0
1.659722E+1,3.997092E+0
1.663194E+1,3.995398E+0
1.666667E+1,3.993703E+0
1.670139E+1,3.992009E+0
1.673611E+1,3.990314E+0
1.677083E+1,3.988620E+0
1.680556E+1,3.986925E+0
1.684028E+1,3.985231E+0
1.687500E+1,3.983536E+0
1.690972E+1,3.981842E+0
1.694444E+1,3.980147E+0
1.697917E+1,3.978453E+0
1.701389E+1,3.976758E+0
1.704861E+1,3.975064E+0
1.708333E+1,3.973369E+0
1.711806E+1,3.971675E+0
1.715278E+1,3.969980E+0
1.718750E+1,3.968286E+0
1.722222E+1,3.966591E+0
1.725694E+1,3.964897E+0
1.729167E+1,3.963202E+0
1.732639E+1,3.961508E+0
1.736111E+1,3.959813E+0
1.739583E+1,3.958119E+0
1.743056E+1,3.956424E+0
1.746528E+1,3.954730E+0
1.750000E+1,3.953035E+0
1.753472E+1,3.951341E+0
1.756944E+1,3.949646E+0
1.760417E+1,3.947952E+0
1.763889E+1,3.946257E+0
1.767361E+1,3.944563E+0
1.770833E+1,3.942868E+0
1.774306E+1,3.941174E+0
1.777778E+1,3.939479E+0
1.781250E+1,3.937785E+0
1.784722E+1,3.936090E+0
1.788194E+1,3.934396E+0
1.791667E+1,3.932701E+0
1.795139E+1,3.931007E+0
1.798611E+1,3.929312E+0
1.802083E+1,3.927618E+0
1.805556E+1,3.925923E+0
1.809028E+1,3.924229E+0
1.812500E+1,3.922534E+0
1.815972E+1,3.920840E+0
1.819444E+1,3.919145E+0
1.822917E+1,3.917451E+0
1.826389E+1,3.915756E+0
1.829861E+1,3.914062E+0
1.833333E+1,3.912367E+0
1.836806E+1,3.910672E+0
1.840278E+1,3.908978E+0
1.843750E+1,3.907284E+0
1.847222E+1,3.905589E+0
1.850694E+1,3.903895E+0
1.854167E+1,3.902200E+0
1.857639E+1,3.900506E+0
1.861111E+1,3.898811E+0
1.864583E+1,3.897117E+0
1.868056E+1,3.895422E+0
1.871528E+1,3.893727E+0
1.875000E+1,3.892033E+0
1.878472E+1,3.890339E+0
1.881944E+1,3.888644E+0
1.885417E+1,3.886949E+0
1.888889E+1,3.885255E+0
1.892361E+1,3.883561E+0
1.895833E+1,3.881866E+0
1.899306E+1,3.880171E+0
1.902778E+1,3.878477E+0
1.906250E+1,3.876782E+0
1.909722E+1,3.875088E+0
1.913194E+1,3.873394E+0
1.916667E+1,3.871699E+0
1.920139E+1,3.870004E+0
1.923611E+1,3.868310E+0
1.927083E+1,3.866616E+0
1.930556E+1,3.864921E+0
1.934028E+1,3.863226E+0
1.937500E+1,3.861532E+0
1.940972E+1,3.859837E+0
1.944444E+1,3.858143E+0
1.947917E+1,3.856448E+0
1.951389E+1,3.854754E+0
1.954861E+1,3.853059E+0
1.958333E+1,3.851365E+0
1.961806E+1,3.849670E+0
1.965278E+1,3.847976E+0
1.968750E+1,3.846281E+0
1.972222E+1,3.844587E+0
1.975694E+1,3.842892E+0
1.979167E+1,3.841198E+0
1.982639E+1,3.839503E+0
1.986111E+1,3.837809E+0
1.989583E+1,3.836114E+0
1.993056E+1,3.834420E+0
1.996528E+1,3.832725E+0
2.000000E+1,3.831031E+0
2.003472E+1,3.829336E+0
2.006944E+1,3.827642E+0
2.010417E+1,3.826966E+0
2.013889E+1,3.831513E+0
2.017361E+1,3.836060E+0
2.020833E+1,3.840606E+0
2.024306E+1,3.845153E+0
2.027778E+1,3.849700E+0
2.031250E+1,3.854247E+0
2.034722E+1,3.858794E+0
2.038194E+1,3.863341E+0
2.041667E+1,3.867887E+0
2.045139E+1,3.872434E+0
2.048611E+1,3.876981E+0
2.052083E+1,3.881528E+0
2.055556E+1,3.886075E+0
2.059028E+1,3.890621E+0
2.062500E+1,3.895168E+0
2.065972E+1,3.899715E+0
2.069444E+1,3.904262E+0
2.072917E+1,3.908809E+0
2.076389E+1,3.913356E+0
2.079861E+1,3.917902E+0
2.083333E+1,3.922449E+0
2.086806E+1,3.926996E+0
2.090278E+1,3.931543E+0
2.093750E+1,3.936090E+0
2.097222E+1,3.940636E+0
2.100694E+1,3.945183E+0
2.104167E+1,3.949730E+0
2.107639E+1,3.954277E+0
2.111111E+1,3.958824E+0
2.114583E+1,3.963370E+0
2.118056E+1,3.967917E+0
2.121528E+1,3.972464E+0
2.125000E+1,3.977011E+0
2.128472E+1,3.981558E+0
2.131944E+1,3.986105E+0
2.135417E+1,3.990651E+0
2.138889E+1,3.995198E+0
2.142361E+1,3.999745E+0
2.145833E+1,4.004292E+0
2.149306E+1,4.008839E+0
2.152778E+1,4.013386E+0
2.156250E+1,4.017932E+0
2.159722E+1,4.022479E+0
2.163194E+1,4.027026E+0
2.166667E+1,4.031573E+0
2.170139E+1,4.036120E+0
2.173611E+1,4.040666E+0
2.177083E+1,4.045213E+0
2.180556E+1,4.049760E+0
2.184028E+1,4.054307E+0
2.187500E+1,4.058854E+0
2.190972E+1,4.063400E+0
2.194444E+1,4.067947E+0
2.197917E+1,4.072494E+0
2.201389E+1,4.077041E+0
2.204861E+1,4.081588E+0
2.208333E+1,4.086134E+0
2.211806E+1,4.090681E+0
2.215278E+1,4.095228E+0
2.218750E+1,4.099775E+0
2.222222E+1,4.104322E+0
2.225694E+1,4.108869E+0
2.229167E+1,4.113415E+0
2.232639E+1,4.117962E+0
2.236111E+1,4.122509E+0
2.239583E+1,4.127056E+0
2.243056E+1,4.131603E+0
2.246528E+1,4.136150E+0
2.250000E+1,4.140696E+0
2.253472E+1,4.145243E+0
2.256944E+1,4.149790E+0
2.260417E+1,4.154337E+0
2.263889E+1,4.158884E+0
2.267361E+1,4.163430E+0
2.270833E+1,4.167977E+0
2.274306E+1,4.172524E+0
2.277778E+1,4.177071E+0
2.281250E+1,4.181618E+0
2.284722E+1,4.186164E+0
2.288194E+1,4.190711E+0
2.291667E+1,4.195258E+0
2.295139E+1,4.199805E+0
2.298611E+1,4.204352E+0
2.302083E+1,4.208898E+0
2.305556E+1,4.213445E+0
2.309028E+1,4.217992E+0
2.312500E+1,4.222539E+0
2.315972E+1,4.227086E+0
2.319444E+1,4.231633E+0
2.322917E+1,4.236179E+0
2.326389E+1,4.240726E+0
2.329861E+1,4.245273E+0
2.333333E+1,4.249820E+0
2.336806E+1,4.254367E+0
2.340278E+1,4.258914E+0
2.343750E+1,4.263460E+0
2.347222E+1,4.268007E+0
2.350694E+1,4.272554E+0
2.354167E+1,4.277101E+0
2.357639E+1,4.281648E+0
2.361111E+1,4.286194E+0
2.364583E+1,4.290741E+0
2.368056E+1,4.295288E+0
2.371528E+1,4.299835E+0
2.375000E+1,4.304382E+0
2.378472E+1,4.308928E+0
2.381944E+1,4.313475E+0
2.385417E+1,4.318022E+0
2.388889E+1,4.322569E+0
2.392361E+1,4.327116E+0
2.395833E+1,4.331663E+0
2.399306E+1,4.336209E+0
2.402778E+1,4.340756E+0
2.406250E+1,4.345303E+0
2.409722E+1,4.349850E+0
2.413194E+1,4.354397E+0
2.416667E+1,4.358943E+0
2.420139E+1,4.363490E+0
2.423611E+1,4.368037E+0
2.427083E+1,4.384445E+0
2.430556E+1,4.400987E+0
2.434028E+1,4.417529E+0
2.437500E+1,4.434071E+0
2.440972E+1,4.450613E+0
2.444444E+1,4.467155E+0
2.447917E+1,4.483697E+0
2.451389E+1,4.500239E+0
2.454861E+1,4.516781E+0
2.458333E+1,4.533323E+0
2.461806E+1,4.549865E+0
2.465278E+1,4.566407E+0
2.468750E+1,4.582949E+0
2.472222E+1,4.599491E+0
2.475694E+1,4.616033E+0
2.479167E+1,4.632575E+0
2.482639E+1,4.649117E+0
2.486111E+1,4.665659E+0
2.489583E+1,4.682201E+0
2.493056E+1,4.698743E+0
2.496528E+1,4.715285E+0
2.500000E+1,4.731827E+0
2.503472E+1,4.748369E+0
2.506944E+1,4.764911E+0
2.510417E+1,4.781453E+0
2.513889E+1,4.797995E+0
2.517361E+1,4.814537E+0
2.520833E+1,4.831079E+0
2.524306E+1,4.847622E+0
2.527778E+1,4.864164E+0
2.531250E+1,4.880705E+0
2.534722E+1,4.897247E+0
2.538194E+1,4.913789E+0
2.541667E+1,4.930332E+0
2.545139E+1,4.946874E+0
2.548611E+1,4.963416E+0
2.552083E+1,4.979957E+0
2.555556E+1,4.996500E+0
2.559028E+1,5.013042E+0
2.562500E+1,5.029584E+0
2.565972E+1,5.046126E+0
2.569444E+1,5.062668E+0
2.572917E+1,5.079210E+0
2.576389E+1,5.095752E+0
2.579861E+1,5.112294E+0
2.583333E+1,5.128836E+0
2.586806E+1,5.145378E+0
2.590278E+1,5.161920E+0
2.593750E+1,5.178462E+0
2.597222E+1,5.195004E+0
2.600694E+1,5.211546E+0
2.604167E+1,5.228088E+0
2.607639E+1,5.244630E+0
2.611111E+1,5.261172E+0
2.614583E+1,5.277714E+0
2.618056E+1,5.294256E+0
2.621528E+1,5.310798E+0
2.625000E+1,5.327340E+0
2.628472E+1,5.343882E+0
2.631944E+1,5.360424E+0
2.635417E+1,5.376966E+0
2.638889E+1,5.393508E+0
2.642361E+1,5.410050E+0
2.645833E+1,5.426592E+0
2.649306E+1,5.443134E+0
2.652778E+1,5.459676E+0
2.656250E+1,5.476218E+0
2.659722E+1,5.492760E+0
2.663194E+1,5.509302E+0
2.666667E+1,5.525845E+0
2.670139E+1,5.542386E+0
2.673611E+1,5.558928E+0
2.677083E+1,5.575470E+0
2.680556E+1,5.592013E+0
2.684028E+1,5.608555E+0
2.687500E+1,5.625097E+0
2.690972E+1,5.641638E+0
2.694444E+1,5.658180E+0
2.697917E+1,5.674723E+0
2.701389E+1,5.691265E+0
2.704861E+1,5.707807E+0
2.708333E+1,5.724349E+0
2.711806E+1,5.740891E+0
2.715278E+1,5.757433E+0
2.718750E+1,5.773975E+0
2.722222E+1,5.790517E+0
2.725694E+1,5.807059E+0
2.729167E+1,5.823601E+0
2.732639E+1,5.840143E+0
2.736111E+1,5.856685E+0
2.739583E+1,5.873227E+0
2.743056E+1,5.889769E+0
2.746528E+1,5.906311E+0
2.750000E+1,5.922853E+0
2.753472E+1,5.939395E+0
2.756944E+1,5.955937E+0
2.760417E+1,5.972479E+0
2.763889E+1,5.989021E+0
2.767361E+1,6.005563E+0
2.770833E+1,6.022105E+0
2.774306E+1,6.038647E+0
2.777778E+1,6.055189E+0
2.781250E+1,6.071731E+0
2.784722E+1,6.088273E+0
2.788194E+1,6.104815E+0
2.791667E+1,6.121357E+0
2.795139E+1,6.137899E+0
2.798611E+1,6.154441E+0
2.802083E+1,6.170983E+0
2.805556E+1,6.187526E+0
2.809028E+1,6.204067E+0
2.812500E+1,6.220609E+0
2.815972E+1,6.237151E+0
2.819444E+1,6.253693E+0
2.822917E+1,6.270236E+0
2.826389E+1,6.286778E+0
2.829861E+1,6.303319E+0
2.833333E+1,6.319861E+0
2.836806E+1,6.336404E+0
2.840278E+1,6.352946E+0
2.843750E+1,6.369488E+0
2.847222E+1,6.386030E+0
2.850694E+1,6.402571E+0
2.854167E+1,6.419114E+0
2.857639E+1,6.435656E+0
2.861111E+1,6.452198E+0
2.864583E+1,6.468740E+0
2.868056E+1,6.480543E+0
2.871528E+1,6.481495E+0
2.875000E+1,6.482448E+0
2.878472E+1,6.483401E+0
2.881944E+1,6.484353E+0
2.885417E+1,6.485306E+0
2.888889E+1,6.486259E+0
2.892361E+1,6.487212E+0
2.895833E+1,6.488164E+0
2.899306E+1,6.489117E+0
2.902778E+1,6.490070E+0
2.906250E+1,6.491022E+0
2.909722E+1,6.491975E+0
2.913194E+1,6.492928E+0
2.916667E+1,6.493880E+0
2.920139E+1,6.494833E+0
2.923611E+1,6.495786E+0
2.927083E+1,6.496739E+0
2.930556E+1,6.497691E+0
2.934028E+1,6.498644E+0
2.937500E+1,6.499597E+0
2.940972E+1,6.500549E+0
2.944444E+1,6.501502E+0
2.947917E+1,6.502455E+0
2.951389E+1,6.503408E+0
2.954861E+1,6.504360E+0
2.958333E+1,6.505313E+0
2.961806E+1,6.506266E+0
2.965278E+1,6.507218E+0
2.968750E+1,6.508171E+0
2.972222E+1,6.509124E+0
2.975694E+1,6.510076E+0
2.979167E+1,6.511029E+0
2.982639E+1,6.511982E+0
2.986111E+1,6.512935E+0
2.989583E+1,6.513887E+0
2.993056E+1,6.514840E+0
2.996528E+1,6.515793E+0
3.000000E+1,6.516745E+0
3.003472E+1,6.517698E+0
3.006944E+1,6.518651E+0
3.010417E+1,6.519603E+0
3.013889E+1,6.520556E+0
3.017361E+1,6.521509E+0
3.020833E+1,6.522462E+0
3.024306E+1,6.523414E+0
3.027778E+1,6.524367E+0
3.031250E+1,6.525320E+0
3.034722E+1,6.526272E+0
3.038194E+1,6.527225E+0
3.041667E+1,6.528178E+0
3.045139E+1,6.529130E+0
3.048611E+1,6.530083E+0
3.052083E+1,6.531036E+0
3.055556E+1,6.531989E+0
3.059028E+1,6.532941E+0
3.062500E+1,6.533894E+0
3.065972E+1,6.534847E+0
3.069444E+1,6.535799E+0
3.072917E+1,6.536752E+0
3.076389E+1,6.537705E+0
3.079861E+1,6.538658E+0
3.083333E+1,6.539610E+0
3.086806E+1,6.540563E+0
3.090278E+1,6.541516E+0
3.093750E+1,6.542468E+0
3.097222E+1,6.543421E+0
3.100694E+1,6.544374E+0
3.104167E+1,6.545326E+0
3.107639E+1,6.546279E+0
3.111111E+1,6.547232E+0
3.114583E+1,6.548185E+0
3.118056E+1,6.549137E+0
3.121528E+1,6.550090E+0
3.125000E+1,6.551043E+0
3.128472E+1,6.551995E+0
3.131944E+1,6.552948E+0
3.135417E+1,6.553901E+0
3.138889E+1,6.554853E+0
3.142361E+1,6.555806E+0
3.145833E+1,6.556759E+0
3.149306E+1,6.557712E+0
3.152778E+1,6.558664E+0
3.156250E+1,6.559617E+0
3.159722E+1,6.560570E+0
3.163194E+1,6.561522E+0
3.166667E+1,6.562475E+0
3.170139E+1,6.563428E+0
3.173611E+1,6.564381E+0
3.177083E+1,6.565333E+0
3.180556E+1,6.566286E+0
3.184028E+1,6.567239E+0
3.187500E+1,6.568191E+0
3.190972E+1,6.569144E+0
3.194444E+1,6.570097E+0
3.197917E+1,6.571049E+0
3.201389E+1,6.572002E+0
3.204861E+1,6.572955E+0
3.208333E+1,6.573908E+0
3.211806E+1,6.574860E+0
3.215278E+1,6.575813E+0
3.218750E+1,6.576766E+0
3.222222E+1,6.577718E+0
3.225694E+1,6.578671E+0
3.229167E+1,6.579624E+0
3.232639E+1,6.580576E+0
3.236111E+1,6.581529E+0
3.239583E+1,6.582482E+0
3.243056E+1,6.583435E+0
3.246528E+1,6.584387E+0
3.250000E+1,6.585340E+0
3.253472E+1,6.586293E+0
3.256944E+1,6.587245E+0
3.260417E+1,6.588198E+0
3.263889E+1,6.589151E+0
3.267361E+1,6.590104E+0
3.270833E+1,6.591056E+0
3.274306E+1,6.592009E+0
3.277778E+1,6.592962E+0
3.281250E+1,6.593914E+0
3.284722E+1,6.594867E+0
3.288194E+1,6.595820E+0
3.291667E+1,6.596772E+0
3.295139E+1,6.597725E+0
3.298611E+1,6.598678E+0
3.302083E+1,6.599631E+0
3.305556E+1,6.600583E+0
3.309028E+1,6.601536E+0
3.312500E+1,6.599077E+0
3.315972E+1,6.594545E+0
3.319444E+1,6.590013E+0
3.322917E+1,6.585482E+0
3.326389E+1,6.580950E+0
3.329861E+1,6.576418E+0
3.333333E+1,6.571887E+0
3.336806E+1,6.567355E+0
3.340278E+1,6.562823E+0
3.343750E+1,6.558291E+0
3.347222E+1,6.553760E+0
3.350694E+1,6.549228E+0
3.354167E+1,6.544696E+0
3.357639E+1,6.540164E+0
3.361111E+1,6.535633E+0
3.364583E+1,6.531101E+0
3.368056E+1,6.526569E+0
3.371528E+1,6.522037E+0
3.375000E+1,6.517506E+0
3.378472E+1,6.512974E+0
3.381944E+1,6.508442E+0
3.385417E+1,6.503910E+0
3.388889E+1,6.499379E+0
3.392361E+1,6.494847E+0
3.395833E+1,6.490315E+0
3.399306E+1,6.485783E+0
3.402778E+1,6.481252E+0
3.406250E+1,6.476720E+0
3.409722E+1,6.472188E+0
3.413194E+1,6.467657E+0
3.416667E+1,6.463125E+0
3.420139E+1,6.458593E+0
3.423611E+1,6.454061E+0
3.427083E+1,6.449530E+0
3.430556E+1,6.444998E+0
3.434028E+1,6.440466E+0
3.437500E+1,6.435934E+0
3.440972E+1,6.431403E+0
3.444444E+1,6.426871E+0
3.447917E+1,6.422339E+0
3.451389E+1,6.417807E+0
3.454861E+1,6.413276E+0
3.458333E+1,6.408744E+0
3.461806E+1,6.404212E+0
3.465278E+1,6.399680E+0
3.468750E+1,6.395149E+0
3.472222E+1,6.390617E+0
3.475694E+1,6.386085E+0
3.479167E+1,6.381553E+0
3.482639E+1,6.377022E+0
3.486111E+1,6.372490E+0
3.489583E+1,6.367958E+0
3.493056E+1,6.363426E+0
3.496528E+1,6.358895E+0
3.500000E+1,6.354363E+0
3.503472E+1,6.349831E+0
3.506944E+1,6.345300E+0
3.510417E+1,6.340768E+0
3.513889E+1,6.336236E+0
3.517361E+1,6.331704E+0
3.520833E+1,6.327173E+0
3.524306E+1,6.322641E+0
3.527778E+1,6.318109E+0
3.531250E+1,6.313577E+0
3.534722E+1,6.309046E+0
3.538194E+1,6.304514E+0
3.541667E+1,6.299982E+0
3.545139E+1,6.295450E+0
3.548611E+1,6.290919E+0
3.552083E+1,6.286387E+0
3.555556E+1,6.281855E+0
3.559028E+1,6.277323E+0
3.562500E+1,6.272792E+0
3.565972E+1,6.268260E+0
3.569444E+1,6.263728E+0
3.572917E+1,6.259196E+0
3.576389E+1,6.254665E+0
3.579861E+1,6.250133E+0
3.583333E+1,6.245601E+0
3.586806E+1,6.241069E+0
3.590278E+1,6.236538E+0
3.593750E+1,6.232006E+0
3.597222E+1,6.227474E+0
3.600694E+1,6.222943E+0
3.604167E+1,6.218411E+0
3.607639E+1,6.213879E+0
3.611111E+1,6.209347E+0
3.614583E+1,6.204816E+0
3.618056E+1,6.200284E+0
3.621528E+1,6.195752E+0
3.625000E+1,6.191220E+0
3.628472E+1,6.186689E+0
3.631944E+1,6.182157E+0
3.635417E+1,6.177625E+0
3.638889E+1,6.173093E+0
3.642361E+1,6.168562E+0
3.645833E+1,6.164030E+0
3.649306E+1,6.159498E+0
3.652778E+1,6.154966E+0
3.656250E+1,6.150435E+0
3.659722E+1,6.145903E+0
3.663194E+1,6.141371E+0
3.666667E+1,6.136839E+0
3.670139E+1,6.132308E+0
3.673611E+1,6.127776E+0
3.677083E+1,6.123244E+0
3.680556E+1,6.118712E+0
3.684028E+1,6.114181E+0
3.687500E+1,6.109649E+0
3.690972E+1,6.105117E+0
3.694444E+1,6.100586E+0
3.697917E+1,6.096054E+0
3.701389E+1,6.091522E+0
3.704861E+1,6.086990E+0
3.708333E+1,6.082459E+0
3.711806E+1,6.077927E+0
3.715278E+1,6.073395E+0
3.718750E+1,6.068863E+0
3.722222E+1,6.064332E+0
3.725694E+1,6.059800E+0
3.729167E+1,6.055268E+0
3.732639E+1,6.050736E+0
3.736111E+1,6.045005E+0
3.739583E+1,6.038509E+0
3.743056E+1,6.032014E+0
3.746528E+1,6.025518E+0
3.750000E+1,6.019023E+0
3.753472E+1,6.012527E+0
3.756944E+1,6.006032E+0
3.760417E+1,5.999536E+0
3.763889E+1,5.993041E+0
3.767361E+1,5.986545E+0
3.770833E+1,5.980049E+0
3.774306E+1,5.973554E+0
3.777778E+1,5.967058E+0
3.781250E+1,5.960563E+0
3.784722E+1,5.954067E+0
3.788194E+1,5.947572E+0
3.791667E+1,5.941076E+0
3.795139E+1,5.934580E+0
3.798611E+1,5.928085E+0
3.802083E+1,5.921589E+0
3.805556E+1,5.915094E+0
3.809028E+1,5.908598E+0
3.812500E+1,5.902103E+0
3.815972E+1,5.895607E+0
3.819444E+1,5.889112E+0
3.822917E+1,5.882616E+0
3.826389E+1,5.876120E+0
3.829861E+1,5.869625E+0
3.833333E+1,5.863129E+0
3.836806E+1,5.856634E+0
3.840278E+1,5.850138E+0
3.843750E+1,5.843643E+0
3.847222E+1,5.837147E+0
3.850694E+1,5.830652E+0
3.854167E+1,5.824156E+0
3.857639E+1,5.817660E+0
3.861111E+1,5.811165E+0
3.864583E+1,5.804669E+0
3.868056E+1,5.798174E+0
3.871528E+1,5.791678E+0
3.875000E+1,5.785183E+0
3.878472E+1,5.778687E+0
3.881944E+1,5.772192E+0
3.885417E+1,5.765696E+0
3.888889E+1,5.759200E+0
3.892361E+1,5.752705E+0
3.895833E+1,5.746209E+0
3.899306E+1,5.739714E+0
3.902778E+1,5.733218E+0
3.906250E+1,5.726723E+0
3.909722E+1,5.720227E+0
3.913194E+1,5.713732E+0
3.916667E+1,5.707236E+0
3.920139E+1,5.700740E+0
3.923611E+1,5.694245E+0
3.927083E+1,5.687749E+0
3.930556E+1,5.681254E+0
3.934028E+1,5.674758E+0
3.937500E+1,5.668263E+0
3.940972E+1,5.661767E+0
3.944444E+1,5.655272E+0
3.947917E+1,5.648776E+0
3.951389E+1,5.642280E+0
3.954861E+1,5.635785E+0
3.958333E+1,5.629289E+0
3.961806E+1,5.622794E+0
3.965278E+1,5.616298E+0
3.968750E+1,5.609803E+0
3.972222E+1,5.603307E+0
3.975694E+1,5.596812E+0
3.979167E+1,5.590316E+0
3.982639E+1,5.583820E+0
3.986111E+1,5.577325E+0
3.989583E+1,5.570829E+0
3.993056E+1,5.564334E+0
3.996528E+1,5.557838E+0
4.000000E+1,5.551343E+0
4.003472E+1,5.544847E+0
4.006944E+1,5.538352E+0
4.010417E+1,5.531856E+0
4.013889E+1,5.525360E+0
4.017361E+1,5.518865E+0
4.020833E+1,5.512369E+0
4.024306E+1,5.505874E+0
4.027778E+1,5.499378E+0
4.031250E+1,5.492883E+0
4.034722E+1,5.486387E+0
4.038194E+1,5.479892E+0
4.041667E+1,5.473396E+0
4.045139E+1,5.466900E+0
4.048611E+1,5.460405E+0
4.052083E+1,5.453909E+0
4.055556E+1,5.447414E+0
4.059028E+1,5.440918E+0
4.062500E+1,5.434423E+0
4.065972E+1,5.427927E+0
4.069444E+1,5.421432E+0
4.072917E+1,5.414936E+0
4.076389E+1,5.408440E+0
4.079861E+1,5.401945E+0
4.083333E+1,5.395449E+0
4.086806E+1,5.388954E+0
4.090278E+1,5.382458E+0
4.093750E+1,5.375963E+0
4.097222E+1,5.369467E+0
4.100694E+1,5.362972E+0
4.104167E+1,5.356476E+0
4.107639E+1,5.349980E+0
4.111111E+1,5.343485E+0
4.114583E+1,5.336989E+0
4.118056E+1,5.330494E+0
4.121528E+1,5.323998E+0
4.125000E+1,5.317503E+0
4.128472E+1,5.311007E+0
4.131944E+1,5.304511E+0
4.135417E+1,5.298016E+0
4.138889E+1,5.291520E+0
4.142361E+1,5.285025E+0
4.145833E+1,5.278529E+0
4.149306E+1,5.272034E+0
4.152778E+1,5.265538E+0
4.156250E+1,5.259042E+0
4.159722E+1,5.252547E+0
4.163194E+1,5.246051E+0
4.166667E+1,5.239556E+0
4.170139E+1,5.233060E+0
4.173611E+1,5.226565E+0
4.177083E+1,5.220069E+0
4.180556E+1,5.219999E+0
4.184028E+1,5.220442E+0
4.187500E+1,5.220885E+0
4.190972E+1,5.221328E+0
4.194444E+1,5.221771E+0
4.197917E+1,5.222214E+0
4.201389E+1,5.222656E+0
4.204861E+1,5.223099E+0
4.208333E+1,5.223542E+0
4.211806E+1,5.223985E+0
4.215278E+1,5.224428E+0
4.218750E+1,5.224871E+0
4.222222E+1,5.225314E+0
4.225694E+1,5.225757E+0
4.229167E+1,5.226200E+0
4.232639E+1,5.226642E+0
4.236111E+1,5.227085E+0
4.239583E+1,5.227528E+0
4.243056E+1,5.227971E+0
4.246528E+1,5.228414E+0
4.250000E+1,5.228857E+0
4.253472E+1,5.229300E+0
4.256944E+1,5.229743E+0
4.260417E+1,5.230185E+0
4.263889E+1,5.230628E+0
4.267361E+1,5.231071E+0
4.270833E+1,5.231514E+0
4.274306E+1,5.231957E+0
4.277778E+1,5.232400E+0
4.281250E+1,5.232843E+0
4.284722E+1,5.233286E+0
4.288194E+1,5.233728E+0
4.291667E+1,5.234171E+0
4.295139E+1,5.234614E+0
4.298611E+1,5.235057E+0
4.302083E+1,5.235500E+0
4.305556E+1,5.235943E+0
4.309028E+1,5.236386E+0
4.312500E+1,5.236829E+0
4.315972E+1,5.237272E+0
4.319444E+1,5.237714E+0
4.322917E+1,5.238157E+0
4.326389E+1,5.238600E+0
4.329861E+1,5.239043E+0
4.333333E+1,5.239486E+0
4.336806E+1,5.239929E+0
4.340278E+1,5.240372E+0
4.343750E+1,5.240815E+0
4.347222E+1,5.241258E+0
4.350694E+1,5.241700E+0
4.354167E+1,5.242143E+0
4.357639E+1,5.242586E+0
4.361111E+1,5.243029E+0
4.364583E+1,5.243472E+0
4.368056E+1,5.243915E+0
4.371528E+1,5.244358E+0
4.375000E+1,5.244801E+0
4.378472E+1,5.245243E+0
4.381944E+1,5.245686E+0
4.385417E+1,5.246129E+0
4.388889E+1,5.246572E+0
4.392361E+1,5.247015E+0
4.395833E+1,5.247458E+0
4.399306E+1,5.247901E+0
4.402778E+1,5.248344E+0
4.406250E+1,5.248787E+0
4.409722E+1,5.249229E+0
4.413194E+1,5.249672E+0
4.416667E+1,5.250115E+0
4.420139E+1,5.250558E+0
4.423611E+1,5.251001E+0
4.427083E+1,5.251444E+0
4.430556E+1,5.251887E+0
4.434028E+1,5.252330E+0
4.437500E+1,5.252772E+0
4.440972E+1,5.253215E+0
4.444444E+1,5.253658E+0
4.447917E+1,5.254101E+0
4.451389E+1,5.254544E+0
4.454861E+1,5.254987E+0
4.458333E+1,5.255430E+0
4.461806E+1,5.255873E+0
4.465278E+1,5.256316E+0
4.468750E+1,5.256758E+0
4.472222E+1,5.257201E+0
4.475694E+1,5.257644E+0
4.479167E+1,5.258087E+0
4.482639E+1,5.258530E+0
4.486111E+1,5.258973E+0
4.489583E+1,5.259416E+0
4.493056E+1,5.259859E+0
4.496528E+1,5.260301E+0
4.500000E+1,5.260744E+0
4.503472E+1,5.261187E+0
4.506944E+1,5.261630E+0
4.510417E+1,5.262073E+0
4.513889E+1,5.262516E+0
4.517361E+1,5.262959E+0
4.520833E+1,5.263402E+0
4.524306E+1,5.263845E+0
4.527778E+1,5.264287E+0
4.531250E+1,5.264730E+0
4.534722E+1,5.265173E+0
4.538194E+1,5.265616E+0
4.541667E+1,5.266059E+0
4.545139E+1,5.266502E+0
4.548611E+1,5.266945E+0
4.552083E+1,5.267388E+0
4.555556E+1,5.267830E+0
4.559028E+1,5.268273E+0
4.562500E+1,5.268716E+0
4.565972E+1,5.269159E+0
4.569444E+1,5.269602E+0
4.572917E+1,5.270045E+0
4.576389E+1,5.270488E+0
4.579861E+1,5.270931E+0
4.583333E+1,5.271374E+0
4.586806E+1,5.271816E+0
4.590278E+1,5.272259E+0
4.593750E+1,5.272702E+0
4.597222E+1,5.273145E+0
4.600694E+1,5.273588E+0
4.604167E+1,5.274031E+0
4.607639E+1,5.274474E+0
4.611111E+1,5.274336E+0
4.614583E+1,5.267338E+0
4.618056E+1,5.260340E+0
4.621528E+1,5.253343E+0
4.625000E+1,5.246345E+0
4.628472E+1,5.239348E+0
4.631944E+1,5.232350E+0
4.635417E+1,5.225352E+0
4.638889E+1,5.218355E+0
4.642361E+1,5.211357E+0
4.645833E+1,5.204360E+0
4.649306E+1,5.197362E+0
4.652778E+1,5.190364E+0
4.656250E+1,5.183367E+0
4.659722E+1,5.176369E+0
4.663194E+1,5.169372E+0
4.666667E+1,5.162374E+0
4.670139E+1,5.155376E+0
4.673611E+1,5.148379E+0
4.677083E+1,5.141381E+0
4.680556E+1,5.134383E+0
4.684028E+1,5.127386E+0
4.687500E+1,5.120388E+0
4.690972E+1,5.113391E+0
4.694444E+1,5.106393E+0
4.697917E+1,5.099395E+0
4.701389E+1,5.092398E+0
4.704861E+1,5.085400E+0
4.708333E+1,5.078402E+0
4.711806E+1,5.071405E+0
4.715278E+1,5.064407E+0
4.718750E+1,5.057410E+0
4.722222E+1,5.050412E+0
4.725694E+1,5.043414E+0
4.729167E+1,5.036417E+0
4.732639E+1,5.029419E+0
4.736111E+1,5.022422E+0
4.739583E+1,5.015424E+0
4.743056E+1,5.008426E+0
4.746528E+1,5.001429E+0
4.750000E+1,4.994431E+0
4.753472E+1,4.987433E+0
4.756944E+1,4.980436E+0
4.760417E+1,4.973438E+0
4.763889E+1,4.966441E+0
4.767361E+1,4.959443E+0
4.770833E+1,4.952445E+0
4.774306E+1,4.945448E+0
4.777778E+1,4.938450E+0
4.781250E+1,4.931453E+0
4.784722E+1,4.924455E+0
4.788194E+1,4.917457E+0
4.791667E+1,4.910460E+0
4.795139E+1,4.903462E+0
4.798611E+1,4.896464E+0
4.802083E+1,4.889467E+0
4.805556E+1,4.882469E+0
4.809028E+1,4.875472E+0
4.812500E+1,4.868474E+0
4.815972E+1,4.861476E+0
4.819444E+1,4.854479E+0
4.822917E+1,4.847481E+0
4.826389E+1,4.840484E+0
4.829861E+1,4.833486E+0
4.833333E+1,4.826488E+0
4.836806E+1,4.819491E+0
4.840278E+1,4.812493E+0
4.843750E+1,4.805495E+0
4.847222E+1,4.798498E+0
4.850694E+1,4.791500E+0
4.854167E+1,4.784503E+0
4.857639E+1,4.777505E+0
4.861111E+1,4.770507E+0
4.864583E+1,4.763510E+0
4.868056E+1,4.756512E+0
4.871528E+1,4.749515E+0
4.875000E+1,4.742517E+0
4.878472E+1,4.735519E+0
4.881944E+1,4.728522E+0
4.885417E+1,4.721524E+0
4.888889E+1,4.714526E+0
4.892361E+1,4.707529E+0
4.895833E+1,4.700531E+0
4.899306E+1,4.693534E+0
4.902778E+1,4.686536E+0
4.906250E+1,4.679538E+0
4.909722E+1,4.672541E+0
4.913194E+1,4.665543E+0
4.916667E+1,4.658545E+0
4.920139E+1,4.651548E+0
4.923611E+1,4.644550E+0
4.927083E+1,4.637553E+0
4.930556E+1,4.630555E+0
4.934028E+1,4.623557E+0
4.937500E+1,4.616560E+0
4.940972E+1,4.609562E+0
4.944444E+1,4.602565E+0
4.947917E+1,4.595567E+0
4.951389E+1,4.588569E+0
4.954861E+1,4.581572E+0
4.958333E+1,4.574574E+0
4.961806E+1,4.567576E+0
4.965278E+1,4.560579E+0
4.968750E+1,4.553581E+0
4.972222E+1,4.546584E+0
4.975694E+1,4.539586E+0
4.979167E+1,4.532588E+0
4.982639E+1,4.525591E+0
4.986111E+1,4.518593E+0
4.989583E+1,4.511596E+0
4.993056E+1,4.504598E+0
4.996528E+1,4.497600E+0
5.000000E+1,4.490603E+0
5.003472E+1,4.483605E+0
5.006944E+1,4.476608E+0
5.010417E+1,4.469610E+0
5.013889E+1,4.462612E+0
5.017361E+1,4.455615E+0
5.020833E+1,4.448617E+0
5.024306E+1,4.441619E+0
5.027778E+1,4.434622E+0
5.031250E+1,4.427624E+0
5.034722E+1,4.420627E+0
5.038194E+1,4.413629E+0
5.041667E+1,4.406631E+0
5.045139E+1,4.399077E+0
5.048611E+1,4.389688E+0
5.052083E+1,4.380299E+0
5.055556E+1,4.370910E+0
5.059028E+1,4.361521E+0
5.062500E+1,4.352132E+0
5.065972E+1,4.342743E+0
5.069444E+1,4.333354E+0
5.072917E+1,4.323965E+0
5.076389E+1,4.314576E+0
5.079861E+1,4.305187E+0
5.083333E+1,4.295798E+0
5.086806E+1,4.286409E+0
5.090278E+1,4.277020E+0
5.093750E+1,4.267631E+0
5.097222E+1,4.258242E+0
5.100694E+1,4.248853E+0
5.104167E+1,4.239464E+0
5.107639E+1,4.230075E+0
5.111111E+1,4.220686E+0
5.114583E+1,4.211297E+0
5.118056E+1,4.201908E+0
5.121528E+1,4.192519E+0
5.125000E+1,4.183130E+0
5.128472E+1,4.173741E+0
5.131944E+1,4.164352E+0
5.135417E+1,4.154963E+0
5.138889E+1,4.145574E+0
5.142361E+1,4.136185E+0
5.145833E+1,4.126796E+0
5.149306E+1,4.117407E+0
5.152778E+1,4.108018E+0
5.156250E+1,4.098629E+0
5.159722E+1,4.089240E+0
5.163194E+1,4.079851E+0
5.166667E+1,4.070462E+0
5.170139E+1,4.061073E+0
5.173611E+1,4.051684E+0
5.177083E+1,4.042295E+0
5.180556E+1,4.032906E+0
5.184028E+1,4.023517E+0
5.187500E+1,4.014128E+0
5.190972E+1,4.004739E+0
5.194444E+1,3.995351E+0
5.197917E+1,3.985961E+0
5.201389E+1,3.976572E+0
5.204861E+1,3.967183E+0
5.208333E+1,3.957795E+0
5.211806E+1,3.948405E+0
5.215278E+1,3.939016E+0
5.218750E+1,3.929627E+0
5.222222E+1,3.920239E+0
5.225694E+1,3.910850E+0
5.229167E+1,3.901460E+0
5.232639E+1,3.892072E+0
5.236111E+1,3.882683E+0
5.239583E+1,3.873294E+0
5.243056E+1,3.863904E+0
5.246528E+1,3.854516E+0
5.250000E+1,3.845127E+0
5.253472E+1,3.835738E+0
5.256944E+1,3.826349E+0
5.260417E+1,3.816960E+0
5.263889E+1,3.807571E+0
5.267361E+1,3.798182E+0
5.270833E+1,3.788793E+0
5.274306E+1,3.779404E+0
5.277778E+1,3.770015E+0
5.281250E+1,3.760626E+0
5.284722E+1,3.751237E+0
5.288194E+1,3.741848E+0
5.291667E+1,3.732459E+0
5.295139E+1,3.723070E+0
5.298611E+1,3.713681E+0
5.302083E+1,3.704292E+0
5.305556E+1,3.694903E+0
5.309028E+1,3.685514E+0
5.312500E+1,3.676125E+0
5.315972E+1,3.666736E+0
5.319444E+1,3.657347E+0
5.322917E+1,3.647958E+0
5.326389E+1,3.638569E+0
5.329861E+1,3.629180E+0
5.333333E+1,3.619791E+0
5.336806E+1,3.610402E+0
5.340278E+1,3.601013E+0
5.343750E+1,3.591624E+0
5.347222E+1,3.582235E+0
5.350694E+1,3.572846E+0
5.354167E+1,3.563457E+0
5.357639E+1,3.554068E+0
5.361111E+1,3.544679E+0
5.364583E+1,3.535290E+0
5.368056E+1,3.525901E+0
5.371528E+1,3.516512E+0
5.375000E+1,3.507123E+0
5.378472E+1,3.497734E+0
5.381944E+1,3.488345E+0
5.385417E+1,3.478956E+0
5.388889E+1,3.469567E+0
5.392361E+1,3.460178E+0
5.395833E+1,3.450789E+0
5.399306E+1,3.441400E+0
5.402778E+1,3.432011E+0
5.406250E+1,3.422622E+0
5.409722E+1,3.413233E+0
5.413194E+1,3.403844E+0
5.416667E+1,3.394455E+0
5.420139E+1,3.385066E+0
5.423611E+1,3.375677E+0
5.427083E+1,3.366288E+0
5.430556E+1,3.356899E+0
5.434028E+1,3.347510E+0
5.437500E+1,3.338121E+0
5.440972E+1,3.328733E+0
5.444444E+1,3.319344E+0
5.447917E+1,3.309954E+0
5.451389E+1,3.300565E+0
5.454861E+1,3.291177E+0
5.458333E+1,3.281788E+0
5.461806E+1,3.272398E+0
5.465278E+1,3.263009E+0
5.468750E+1,3.253621E+0
5.472222E+1,3.244232E+0
5.475694E+1,3.234843E+0
5.479167E+1,3.227701E+0
5.482639E+1,3.224150E+0
5.486111E+1,3.220599E+0
5.489583E+1,3.217048E+0
5.493056E+1,3.213497E+0
5.496528E+1,3.209946E+0
5.500000E+1,3.206396E+0
5.503472E+1,3.202845E+0
5.506944E+1,3.199294E+0
5.510417E+1,3.195743E+0
5.513889E+1,3.192192E+0
5.517361E+1,3.188641E+0
5.520833E+1,3.185090E+0
5.524306E+1,3.181539E+0
5.527778E+1,3.177988E+0
5.531250E+1,3.174437E+0
5.534722E+1,3.170887E+0
5.538194E+1,3.167336E+0
5.541667E+1,3.163785E+0
5.545139E+1,3.160234E+0
5.548611E+1,3.156683E+0
5.552083E+1,3.153132E+0
5.555556E+1,3.149581E+0
5.559028E+1,3.146030E+0
5.562500E+1,3.142479E+0
5.565972E+1,3.138928E+0
5.569444E+1,3.135377E+0
5.572917E+1,3.131826E+0
5.576389E+1,3.128276E+0
5.579861E+1,3.124725E+0
5.583333E+1,3.121174E+0
5.586806E+1,3.117623E+0
5.590278E+1,3.114072E+0
5.593750E+1,3.110521E+0
5.597222E+1,3.106970E+0
5.600694E+1,3.103419E+0
5.604167E+1,3.099868E+0
5.607639E+1,3.096317E+0
5.611111E+1,3.092767E+0
5.614583E+1,3.089216E+0
5.618056E+1,3.085665E+0
5.621528E+1,3.082114E+0
5.625000E+1,3.078563E+0
5.628472E+1,3.075012E+0
5.631944E+1,3.071461E+0
5.635417E+1,3.067910E+0
5.638889E+1,3.064359E+0
5.642361E+1,3.060808E+0
5.645833E+1,3.057257E+0
5.649306E+1,3.053706E+0
5.652778E+1,3.050156E+0
5.656250E+1,3.046605E+0
5.659722E+1,3.043054E+0
5.663194E+1,3.039503E+0
5.666667E+1,3.035952E+0
5.670139E+1,3.032401E+0
5.673611E+1,3.028850E+0
5.677083E+1,3.025299E+0
5.680556E+1,3.021748E+0
5.684028E+1,3.018197E+0
5.687500E+1,3.014647E+0
5.690972E+1,3.011096E+0
5.694444E+1,3.007545E+0
5.697917E+1,3.003994E+0
5.701389E+1,3.000443E+0
5.704861E+1,2.996892E+0
5.708333E+1,2.993341E+0
5.711806E+1,2.989790E+0
5.715278E+1,2.986239E+0
5.718750E+1,2.982688E+0
5.722222E+1,2.979137E+0
5.725694E+1,2.975587E+0
5.729167E+1,2.972036E+0
5.732639E+1,2.968485E+0
5.736111E+1,2.964934E+0
5.739583E+1,2.961383E+0
5.743056E+1,2.957832E+0
5.746528E+1,2.954281E+0
5.750000E+1,2.950730E+0
5.753472E+1,2.947179E+0
5.756944E+1,2.943628E+0
5.760417E+1,2.940077E+0
5.763889E+1,2.936527E+0
5.767361E+1,2.932976E+0
5.770833E+1,2.929425E+0
5.774306E+1,2.925874E+0
5.777778E+1,2.922323E+0
5.781250E+1,2.918772E+0
5.784722E+1,2.915221E+0
5.788194E+1,2.911670E+0
5.791667E+1,2.908119E+0
5.795139E+1,2.904568E+0
5.798611E+1,2.901018E+0
5.802083E+1,2.897467E+0
5.805556E+1,2.893916E+0
5.809028E+1,2.890365E+0
5.812500E+1,2.886814E+0
5.815972E+1,2.883263E+0
5.819444E+1,2.879712E+0
5.822917E+1,2.876161E+0
5.826389E+1,2.872610E+0
5.829861E+1,2.869059E+0
5.833333E+1,2.865508E+0
5.836806E+1,2.861957E+0
5.840278E+1,2.858407E+0
5.843750E+1,2.854856E+0
5.847222E+1,2.851305E+0
5.850694E+1,2.847754E+0
5.854167E+1,2.844203E+0
5.857639E+1,2.840652E+0
5.861111E+1,2.837101E+0
5.864583E+1,2.833550E+0
5.868056E+1,2.829999E+0
5.871528E+1,2.826448E+0
5.875000E+1,2.822898E+0
5.878472E+1,2.819347E+0
5.881944E+1,2.815796E+0
5.885417E+1,2.812245E+0
5.888889E+1,2.808694E+0
5.892361E+1,2.805143E+0
5.895833E+1,2.801592E+0
5.899306E+1,2.798041E+0
5.902778E+1,2.794490E+0
5.906250E+1,2.790939E+0
5.909722E+1,2.787388E+0
5.913194E+1,2.783838E+0
5.916667E+1,2.780287E+0
5.920139E+1,2.776736E+0
5.923611E+1,2.773245E+0
5.927083E+1,2.769781E+0
5.930556E+1,2.766317E+0
5.934028E+1,2.762853E+0
5.937500E+1,2.759388E+0
5.940972E+1,2.755924E+0
5.944444E+1,2.752460E+0
5.947917E+1,2.748995E+0
5.951389E+1,2.745531E+0
5.954861E+1,2.742067E+0
5.958333E+1,2.738603E+0
5.961806E+1,2.735138E+0
5.965278E+1,2.731674E+0
5.968750E+1,2.728210E+0
5.972222E+1,2.724745E+0
5.975694E+1,2.721281E+0
5.979167E+1,2.717817E+0
5.982639E+1,2.714352E+0
5.986111E+1,2.710888E+0
5.989583E+1,2.707424E+0
5.993056E+1,2.703959E+0
5.996528E+1,2.700495E+0
6.000000E+1,2.697031E+0
6.003472E+1,2.693567E+0
6.006944E+1,2.690102E+0
6.010417E+1,2.686638E+0
6.013889E+1,2.683174E+0
6.017361E+1,2.679709E+0
6.020833E+1,2.676245E+0
6.024306E+1,2.672781E+0
6.027778E+1,2.669317E+0
6.031250E+1,2.665852E+0
6.034722E+1,2.662388E+0
6.038194E+1,2.658924E+0
6.041667E+1,2.655459E+0
6.045139E+1,2.651995E+0
6.048611E+1,2.648531E+0
6.052083E+1,2.645067E+0
6.055556E+1,2.641602E+0
6.059028E+1,2.638138E+0
6.062500E+1,2.634674E+0
6.065972E+1,2.631209E+0
6.069444E+1,2.627745E+0
6.072917E+1,2.624281E+0
6.076389E+1,2.620816E+0
6.079861E+1,2.617352E+0
6.083333E+1,2.613888E+0
6.086806E+1,2.610423E+0
6.090278E+1,2.606959E+0
6.093750E+1,2.603495E+0
6.097222E+1,2.600031E+0
6.100694E+1,2.596566E+0
6.104167E+1,2.593102E+0
6.107639E+1,2.589638E+0
6.111111E+1,2.586173E+0
6.114583E+1,2.582709E+0
6.118056E+1,2.579245E+0
6.121528E+1,2.575781E+0
6.125000E+1,2.572316E+0
6.128472E+1,2.568852E+0
6.131944E+1,2.565388E+0
6.135417E+1,2.561923E+0
6.138889E+1,2.558459E+0
6.142361E+1,2.554995E+0
6.145833E+1,2.551530E+0
6.149306E+1,2.548066E+0
6.152778E+1,2.544602E+0
6.156250E+1,2.541138E+0
6.159722E+1,2.537673E+0
6.163194E+1,2.534209E+0
6.166667E+1,2.530745E+0
6.170139E+1,2.527280E+0
6.173611E+1,2.523816E+0
6.177083E+1,2.520352E+0
6.180556E+1,2.516887E+0
6.184028E+1,2.513423E+0
6.187500E+1,2.509959E+0
6.190972E+1,2.506495E+0
6.194444E+1,2.503030E+0
6.197917E+1,2.499566E+0
6.201389E+1,2.496102E+0
6.204861E+1,2.492637E+0
6.208333E+1,2.489173E+0
6.211806E+1,2.485709E+0
6.215278E+1,2.482245E+0
6.218750E+1,2.478780E+0
6.222222E+1,2.475316E+0
6.225694E+1,2.471852E+0
6.229167E+1,2.468387E+0
6.232639E+1,2.464923E+0
6.236111E+1,2.461459E+0
6.239583E+1,2.457994E+0
6.243056E+1,2.454530E+0
6.246528E+1,2.451066E+0
6.250000E+1,2.447602E+0
6.253472E+1,2.444137E+0
6.256944E+1,2.440673E+0
6.260417E+1,2.437209E+0
6.263889E+1,2.433744E+0
6.267361E+1,2.430280E+0
6.270833E+1,2.426816E+0
6.274306E+1,2.423351E+0
6.277778E+1,2.419887E+0
6.281250E+1,2.416423E+0
6.284722E+1,2.412959E+0
6.288194E+1,2.409494E+0
6.291667E+1,2.406030E+0
6.295139E+1,2.402566E+0
6.298611E+1,2.399101E+0
6.302083E+1,2.395637E+0
6.305556E+1,2.392173E+0
6.309028E+1,2.388709E+0
6.312500E+1,2.385244E+0
6.315972E+1,2.381780E+0
6.319444E+1,2.378316E+0
6.322917E+1,2.374851E+0
6.326389E+1,2.371387E+0
6.329861E+1,2.367923E+0
6.333333E+1,2.364458E+0
6.336806E+1,2.360994E+0
6.340278E+1,2.357530E+0
6.343750E+1,2.354066E+0
6.347222E+1,2.350601E+0
6.350694E+1,2.347137E+0
6.354167E+1,2.343673E+0
6.357639E+1,2.340208E+0
6.361111E+1,2.336744E+0
6.364583E+1,2.333321E+0
6.368056E+1,2.332524E+0
6.371528E+1,2.331726E+0
6.375000E+1,2.330929E+0
6.378472E+1,2.330132E+0
6.381944E+1,2.329335E+0
6.385417E+1,2.328538E+0
6.388889E+1,2.327741E+0
6.392361E+1,2.326943E+0
6.395833E+1,2.326146E+0
6.399306E+1,2.325349E+0
6.402778E+1,2.324552E+0
6.406250E+1,2.323755E+0
6.409722E+1,2.322957E+0
6.413194E+1,2.322160E+0
6.416667E+1,2.321363E+0
6.420139E+1,2.320566E+0
6.423611E+1,2.319769E+0
6.427083E+1,2.318972E+0
6.430556E+1,2.318174E+0
6.434028E+1,2.317377E+0
6.437500E+1,2.316580E+0
6.440972E+1,2.315783E+0
6.444444E+1,2.314986E+0
6.447917E+1,2.314188E+0
6.451389E+1,2.313391E+0
6.454861E+1,2.312594E+0
6.458333E+1,2.311797E+0
6.461806E+1,2.311000E+0
6.465278E+1,2.310203E+0
6.468750E+1,2.309405E+0
6.472222E+1,2.308608E+0
6.475694E+1,2.307811E+0
6.479167E+1,2.307014E+0
6.482639E+1,2.306217E+0
6.486111E+1,2.305420E+0
6.489583E+1,2.304622E+0
6.493056E+1,2.303825E+0
6.496528E+1,2.303028E+0
6.500000E+1,2.302231E+0
6.503472E+1,2.301434E+0
6.506944E+1,2.300636E+0
6.510417E+1,2.299839E+0
6.513889E+1,2.299042E+0
6.517361E+1,2.298245E+0
6.520833E+1,2.297448E+0
6.524306E+1,2.296651E+0
6.527778E+1,2.295853E+0
6.531250E+1,2.295056E+0
6.534722E+1,2.294259E+0
6.538194E+1,2.293462E+0
6.541667E+1,2.292665E+0
6.545139E+1,2.291868E+0
6.548611E+1,2.291070E+0
6.552083E+1,2.290273E+0
6.555556E+1,2.289476E+0
6.559028E+1,2.288679E+0
6.562500E+1,2.287882E+0
6.565972E+1,2.287084E+0
6.569444E+1,2.286287E+0
6.572917E+1,2.285490E+0
6.576389E+1,2.284693E+0
6.579861E+1,2.283896E+0
6.583333E+1,2.283099E+0
6.586806E+1,2.282301E+0
6.590278E+1,2.281504E+0
6.593750E+1,2.280707E+0
6.597222E+1,2.279910E+0
6.600694E+1,2.279113E+0
6.604167E+1,2.278316E+0
6.607639E+1,2.277518E+0
6.611111E+1,2.276721E+0
6.614583E+1,2.275924E+0
6.618056E+1,2.275127E+0
6.621528E+1,2.274330E+0
6.625000E+1,2.273532E+0
6.628472E+1,2.272735E+0
6.631944E+1,2.271938E+0
6.635417E+1,2.271141E+0
6.638889E+1,2.270344E+0
6.642361E+1,2.269547E+0
6.645833E+1,2.268749E+0
6.649306E+1,2.267952E+0
6.652778E+1,2.267155E+0
6.656250E+1,2.266358E+0
6.659722E+1,2.265561E+0
6.663194E+1,2.264764E+0
6.666667E+1,2.263966E+0
6.670139E+1,2.263169E+0
6.673611E+1,2.262372E+0
6.677083E+1,2.261575E+0
6.680556E+1,2.260778E+0
6.684028E+1,2.259980E+0
6.687500E+1,2.259183E+0
6.690972E+1,2.258386E+0
6.694444E+1,2.257589E+0
6.697917E+1,2.256792E+0
6.701389E+1,2.255995E+0
6.704861E+1,2.255197E+0
6.708333E+1,2.254400E+0
6.711806E+1,2.253603E+0
6.715278E+1,2.252806E+0
6.718750E+1,2.252009E+0
6.722222E+1,2.251211E+0
6.725694E+1,2.250414E+0
6.729167E+1,2.249617E+0
6.732639E+1,2.248820E+0
6.736111E+1,2.248023E+0
6.739583E+1,2.247226E+0
6.743056E+1,2.246428E+0
6.746528E+1,2.245631E+0
6.750000E+1,2.244834E+0
6.753472E+1,2.244037E+0
6.756944E+1,2.243240E+0
6.760417E+1,2.242443E+0
6.763889E+1,2.241645E+0
6.767361E+1,2.240848E+0
6.770833E+1,2.240051E+0
6.774306E+1,2.239254E+0
6.777778E+1,2.238457E+0
6.781250E+1,2.237659E+0
6.784722E+1,2.236862E+0
6.788194E+1,2.236065E+0
6.791667E+1,2.235268E+0
6.795139E+1,2.234471E+0
6.798611E+1,2.233619E+0
6.802083E+1,2.232493E+0
6.805556E+1,2.231367E+0
6.809028E+1,2.230241E+0
6.812500E+1,2.229115E+0
6.815972E+1,2.227989E+0
6.819444E+1,2.226863E+0
6.822917E+1,2.225737E+0
6.826389E+1,2.224611E+0
6.829861E+1,2.223485E+0
6.833333E+1,2.222360E+0
6.836806E+1,2.221234E+0
6.840278E+1,2.220108E+0
6.843750E+1,2.218982E+0
6.847222E+1,2.217856E+0
6.850694E+1,2.216730E+0
6.854167E+1,2.215604E+0
6.857639E+1,2.214478E+0
6.861111E+1,2.213352E+0
6.864583E+1,2.212227E+0
6.868056E+1,2.211101E+0
6.871528E+1,2.209975E+0
6.875000E+1,2.208849E+0
6.878472E+1,2.207723E+0
6.881944E+1,2.206597E+0
6.885417E+1,2.205471E+0
6.888889E+1,2.204345E+0
6.892361E+1,2.203219E+0
6.895833E+1,2.202093E+0
6.899306E+1,2.200968E+0
6.902778E+1,2.199842E+0
6.906250E+1,2.198716E+0
6.909722E+1,2.197590E+0
6.913194E+1,2.196464E+0
6.916667E+1,2.195338E+0
6.920139E+1,2.194212E+0
6.923611E+1,2.193086E+0
6.927083E+1,2.191960E+0
6.930556E+1,2.190834E+0
6.934028E+1,2.189709E+0
6.937500E+1,2.188583E+0
6.940972E+1,2.187457E+0
6.944444E+1,2.186331E+0
6.947917E+1,2.185205E+0
6.951389E+1,2.184079E+0
6.954861E+1,2.182953E+0
6.958333E+1,2.181827E+0
6.961806E+1,2.180701E+0
6.965278E+1,2.179575E+0
6.968750E+1,2.178450E+0
6.972222E+1,2.177324E+0
6.975694E+1,2.176198E+0
6.979167E+1,2.175072E+0
6.982639E+1,2.173946E+0
6.986111E+1,2.172820E+0
6.989583E+1,2.171694E+0
6.993056E+1,2.170568E+0
6.996528E+1,2.169442E+0
7.000000E+1,2.168317E+0
7.003472E+1,2.167191E+0
7.006944E+1,2.166065E+0
7.010417E+1,2.164939E+0
7.013889E+1,2.163813E+0
7.017361E+1,2.162687E+0
7.020833E+1,2.161561E+0
7.024306E+1,2.160435E+0
7.027778E+1,2.159309E+0
7.031250E+1,2.158183E+0
7.034722E+1,2.157058E+0
7.038194E+1,2.155932E+0
7.041667E+1,2.154806E+0
7.045139E+1,2.153680E+0
7.048611E+1,2.152554E+0
7.052083E+1,2.151428E+0
7.055556E+1,2.150302E+0
7.059028E+1,2.149176E+0
7.062500E+1,2.148050E+0
7.065972E+1,2.146924E+0
7.069444E+1,2.145799E+0
7.072917E+1,2.144673E+0
7.076389E+1,2.143547E+0
7.079861E+1,2.142421E+0
7.083333E+1,2.141295E+0
7.086806E+1,2.140169E+0
7.090278E+1,2.139043E+0
7.093750E+1,2.137917E+0
7.097222E+1,2.136791E+0
7.100694E+1,2.135665E+0
7.104167E+1,2.134540E+0
7.107639E+1,2.133414E+0
7.111111E+1,2.132288E+0
7.114583E+1,2.131162E+0
7.118056E+1,2.130036E+0
7.121528E+1,2.128910E+0
7.125000E+1,2.127784E+0
7.128472E+1,2.126658E+0
7.131944E+1,2.125532E+0
7.135417E+1,2.124406E+0
7.138889E+1,2.123281E+0
7.142361E+1,2.122155E+0
7.145833E+1,2.121029E+0
7.149306E+1,2.119903E+0
7.152778E+1,2.118777E+0
7.156250E+1,2.117651E+0
7.159722E+1,2.116525E+0
7.163194E+1,2.115399E+0
7.166667E+1,2.114273E+0
7.170139E+1,2.113148E+0
7.173611E+1,2.112022E+0
7.177083E+1,2.110896E+0
7.180556E+1,2.109770E+0
7.184028E+1,2.108644E+0
7.187500E+1,2.107518E+0
7.190972E+1,2.106392E+0
7.194444E+1,2.105266E+0
7.197917E+1,2.104140E+0
7.201389E+1,2.103014E+0
7.204861E+1,2.101889E+0
7.208333E+1,2.100763E+0
7.211806E+1,2.099637E+0
7.215278E+1,2.098511E+0
7.218750E+1,2.097385E+0
7.222222E+1,2.096259E+0
7.225694E+1,2.095133E+0
7.229167E+1,2.094007E+0
7.232639E+1,2.092881E+0
7.236111E+1,2.091755E+0
7.239583E+1,2.090630E+0
7.243056E+1,2.090674E+0
7.246528E+1,2.091973E+0
7.250000E+1,2.093272E+0
7.253472E+1,2.094571E+0
7.256944E+1,2.095870E+0
7.260417E+1,2.097170E+0
7.263889E+1,2.098469E+0
7.267361E+1,2.099768E+0
7.270833E+1,2.101067E+0
7.274306E+1,2.102366E+0
7.277778E+1,2.103665E+0
7.281250E+1,2.104964E+0
7.284722E+1,2.106263E+0
7.288194E+1,2.107563E+0
7.291667E+1,2.108862E+0
7.295139E+1,2.110161E+0
7.298611E+1,2.111460E+0
7.302083E+1,2.112759E+0
7.305556E+1,2.114058E+0
7.309028E+1,2.115357E+0
7.312500E+1,2.116656E+0
7.315972E+1,2.117956E+0
7.319444E+1,2.119255E+0
7.322917E+1,2.120554E+0
7.326389E+1,2.121853E+0
7.329861E+1,2.123152E+0
7.333333E+1,2.124451E+0
7.336806E+1,2.125750E+0
7.340278E+1,2.127049E+0
7.343750E+1,2.128349E+0
7.347222E+1,2.129648E+0
7.350694E+1,2.130947E+0
7.354167E+1,2.132246E+0
7.357639E+1,2.133545E+0
7.361111E+1,2.134844E+0
7.364583E+1,2.136143E+0
7.368056E+1,2.137443E+0
7.371528E+1,2.138742E+0
7.375000E+1,2.140041E+0
7.378472E+1,2.141340E+0
7.381944E+1,2.142639E+0
7.385417E+1,2.143938E+0
7.388889E+1,2.145237E+0
7.392361E+1,2.146536E+0
7.395833E+1,2.147836E+0
7.399306E+1,2.149135E+0
7.402778E+1,2.150434E+0
7.406250E+1,2.151733E+0
7.409722E+1,2.153032E+0
7.413194E+1,2.154331E+0
7.416667E+1,2.155630E+0
7.420139E+1,2.156929E+0
7.423611E+1,2.158229E+0
7.427083E+1,2.159528E+0
7.430556E+1,2.160827E+0
7.434028E+1,2.162126E+0
7.437500E+1,2.163425E+0
7.440972E+1,2.164724E+0
7.444444E+1,2.166023E+0
7.447917E+1,2.167322E+0
7.451389E+1,2.168622E+0
7.454861E+1,2.169921E+0
7.458333E+1,2.171220E+0
7.461806E+1,2.172519E+0
7.465278E+1,2.173818E+0
7.468750E+1,2.175117E+0
7.472222E+1,2.176416E+0
7.475694E+1,2.177715E+0
7.479167E+1,2.179015E+0
7.482639E+1,2.180314E+0
7.486111E+1,2.181613E+0
7.489583E+1,2.182912E+0
7.493056E+1,2.184211E+0
7.496528E+1,2.185510E+0
7.500000E+1,2.186809E+0
7.503472E+1,2.188108E+0
7.506944E+1,2.189408E+0
7.510417E+1,2.190707E+0
7.513889E+1,2.192006E+0
7.517361E+1,2.193305E+0
7.520833E+1,2.194604E+0
7.524306E+1,2.195903E+0
7.527778E+1,2.197202E+0
7.531250E+1,2.198501E+0
7.534722E+1,2.199801E+0
7.538194E+1,2.201100E+0
7.541667E+1,2.202399E+0
7.545139E+1,2.203698E+0
7.548611E+1,2.204997E+0
7.552083E+1,2.206296E+0
7.555556E+1,2.207595E+0
7.559028E+1,2.208895E+0
7.562500E+1,2.210194E+0
7.565972E+1,2.211493E+0
7.569444E+1,2.212792E+0
7.572917E+1,2.214091E+0
7.576389E+1,2.215390E+0
7.579861E+1,2.216689E+0
7.583333E+1,2.217988E+0
7.586806E+1,2.219288E+0
7.590278E+1,2.220587E+0
7.593750E+1,2.221886E+0
7.597222E+1,2.223185E+0
7.600694E+1,2.224484E+0
7.604167E+1,2.225783E+0
7.607639E+1,2.227082E+0
7.611111E+1,2.228381E+0
7.614583E+1,2.229681E+0
7.618056E+1,2.230980E+0
7.621528E+1,2.232279E+0
7.625000E+1,2.233578E+0
7.628472E+1,2.234877E+0
7.631944E+1,2.236176E+0
7.635417E+1,2.237475E+0
7.638889E+1,2.238774E+0
7.642361E+1,2.240074E+0
7.645833E+1,2.241373E+0
7.649306E+1,2.242672E+0
7.652778E+1,2.243971E+0
7.656250E+1,2.245270E+0
7.659722E+1,2.246569E+0
7.663194E+1,2.247868E+0
7.666667E+1,2.249167E+0
7.670139E+1,2.250467E+0
7.673611E+1,2.251766E+0
7.677083E+1,2.253065E+0
7.680556E+1,2.254364E+0
7.684028E+1,2.255663E+0
7.687500E+1,2.256962E+0
7.690972E+1,2.258261E+0
7.694444E+1,2.259560E+0
7.697917E+1,2.260860E+0
7.701389E+1,2.262159E+0
7.704861E+1,2.263458E+0
7.708333E+1,2.264757E+0
7.711806E+1,2.266056E+0
7.715278E+1,2.267355E+0
7.718750E+1,2.268654E+0
7.722222E+1,2.269953E+0
7.725694E+1,2.271253E+0
7.729167E+1,2.272552E+0
7.732639E+1,2.273851E+0
7.736111E+1,2.275150E+0
7.739583E+1,2.276449E+0
7.743056E+1,2.277748E+0
7.746528E+1,2.279047E+0
7.750000E+1,2.280347E+0
7.753472E+1,2.281646E+0
7.756944E+1,2.282945E+0
7.760417E+1,2.284244E+0
7.763889E+1,2.285543E+0
7.767361E+1,2.286842E+0
7.770833E+1,2.288141E+0
7.774306E+1,2.289440E+0
7.777778E+1,2.290740E+0
7.781250E+1,2.292039E+0
7.784722E+1,2.293338E+0
7.788194E+1,2.294637E+0
7.791667E+1,2.295936E+0
7.795139E+1,2.297235E+0
7.798611E+1,2.298534E+0
7.802083E+1,2.299833E+0
7.805556E+1,2.301133E+0
7.809028E+1,2.302432E+0
7.812500E+1,2.303731E+0
7.815972E+1,2.305030E+0
7.819444E+1,2.306329E+0
7.822917E+1,2.307628E+0
7.826389E+1,2.308927E+0
7.829861E+1,2.310226E+0
7.833333E+1,2.311526E+0
7.836806E+1,2.312825E+0
7.840278E+1,2.314124E+0
7.843750E+1,2.315423E+0
7.847222E+1,2.316722E+0
7.850694E+1,2.318021E+0
7.854167E+1,2.319320E+0
7.857639E+1,2.320619E+0
7.861111E+1,2.321919E+0
7.864583E+1,2.323218E+0
7.868056E+1,2.324517E+0
7.871528E+1,2.325816E+0
7.875000E+1,2.327115E+0
7.878472E+1,2.328414E+0
7.881944E+1,2.329713E+0
7.885417E+1,2.331013E+0
7.888889E+1,2.332312E+0
7.892361E+1,2.333611E+0
7.895833E+1,2.334910E+0
7.899306E+1,2.336209E+0
7.902778E+1,2.337508E+0
7.906250E+1,2.338807E+0
7.909722E+1,2.340106E+0
7.913194E+1,2.341405E+0
7.916667E+1,2.342705E+0
7.920139E+1,2.344004E+0
7.923611E+1,2.345303E+0
7.927083E+1,2.346602E+0
7.930556E+1,2.347901E+0
7.934028E+1,2.349200E+0
7.937500E+1,2.350499E+0
7.940972E+1,2.351799E+0
7.944444E+1,2.353098E+0
7.947917E+1,2.354397E+0
7.951389E+1,2.355696E+0
7.954861E+1,2.356995E+0
7.958333E+1,2.358294E+0
7.961806E+1,2.359593E+0
7.965278E+1,2.360892E+0
7.968750E+1,2.362192E+0
7.972222E+1,2.363491E+0
7.975694E+1,2.364790E+0
7.979167E+1,2.366089E+0
7.982639E+1,2.367388E+0
7.986111E+1,2.368687E+0
7.989583E+1,2.369986E+0
7.993056E+1,2.371285E+0
7.996528E+1,2.372585E+0
8.000000E+1,2.373884E+0
8.003472E+1,2.375183E+0
8.006944E+1,2.376482E+0
8.010417E+1,2.377781E+0
8.013889E+1,2.379080E+0
8.017361E+1,2.380379E+0
8.020833E+1,2.381678E+0
8.024306E+1,2.382978E+0
8.027778E+1,2.384277E+0
8.031250E+1,2.385576E+0
8.034722E+1,2.386875E+0
8.038194E+1,2.388174E+0
8.041667E+1,2.389473E+0
8.045139E+1,2.390772E+0
8.048611E+1,2.392071E+0
8.052083E+1,2.393371E+0
8.055556E+1,2.394670E+0
8.059028E+1,2.395969E+0
8.062500E+1,2.397268E+0
8.065972E+1,2.398567E+0
8.069444E+1,2.399866E+0
8.072917E+1,2.401165E+0
8.076389E+1,2.402465E+0
8.079861E+1,2.403764E+0
8.083333E+1,2.405063E+0
8.086806E+1,2.406362E+0
8.090278E+1,2.407661E+0
8.093750E+1,2.408960E+0
8.097222E+1,2.410259E+0
8.100694E+1,2.411558E+0
8.104167E+1,2.412858E+0
8.107639E+1,2.414157E+0
8.111111E+1,2.415456E+0
8.114583E+1,2.416755E+0
8.118056E+1,2.418054E+0
8.121528E+1,2.419353E+0
8.125000E+1,2.420652E+0
8.128472E+1,2.421951E+0
8.131944E+1,2.423251E+0
8.135417E+1,2.424550E+0
8.138889E+1,2.425849E+0
8.142361E+1,2.427148E+0
8.145833E+1,2.428447E+0
8.149306E+1,2.429746E+0
8.152778E+1,2.431045E+0
8.156250E+1,2.432344E+0
8.159722E+1,2.433644E+0
8.163194E+1,2.434943E+0
8.166667E+1,2.436242E+0
8.170139E+1,2.437541E+0
8.173611E+1,2.438840E+0
8.177083E+1,2.440139E+0
8.180556E+1,2.441438E+0
8.184028E+1,2.442737E+0
8.187500E+1,2.444037E+0
8.190972E+1,2.445336E+0
8.194444E+1,2.446635E+0
8.197917E+1,2.447934E+0
8.201389E+1,2.449233E+0
8.204861E+1,2.450532E+0
8.208333E+1,2.451831E+0
8.211806E+1,2.453130E+0
8.215278E+1,2.454430E+0
8.218750E+1,2.455729E+0
8.222222E+1,2.457028E+0
8.225694E+1,2.458327E+0
8.229167E+1,2.459626E+0
8.232639E+1,2.460925E+0
8.236111E+1,2.462224E+0
8.239583E+1,2.463523E+0
8.243056E+1,2.464823E+0
8.246528E+1,2.466122E+0
8.250000E+1,2.467421E+0
8.253472E+1,2.468720E+0
8.256944E+1,2.470019E+0
8.260417E+1,2.471318E+0
8.263889E+1,2.472617E+0
8.267361E+1,2.473917E+0
8.270833E+1,2.475216E+0
8.274306E+1,2.476515E+0
8.277778E+1,2.477814E+0
8.281250E+1,2.479113E+0
8.284722E+1,2.480412E+0
8.288194E+1,2.481711E+0
8.291667E+1,2.483010E+0
8.295139E+1,2.484310E+0
8.298611E+1,2.485609E+0
8.302083E+1,2.486908E+0
8.305556E+1,2.488207E+0
8.309028E+1,2.489506E+0
8.312500E+1,2.490805E+0
8.315972E+1,2.492104E+0
8.319444E+1,2.493403E+0
8.322917E+1,2.494703E+0
8.326389E+1,2.496002E+0
8.329861E+1,2.497301E+0
8.333333E+1,2.498600E+0
8.336806E+1,2.499899E+0
8.340278E+1,2.501198E+0
8.343750E+1,2.502497E+0
8.347222E+1,2.503796E+0
8.350694E+1,2.505096E+0
8.354167E+1,2.506395E+0
8.357639E+1,2.507694E+0
8.361111E+1,2.508993E+0
8.364583E+1,2.510292E+0
8.368056E+1,2.511591E+0
8.371528E+1,2.512890E+0
8.375000E+1,2.514189E+0
8.378472E+1,2.515489E+0
8.381944E+1,2.516788E+0
8.385417E+1,2.518087E+0
8.388889E+1,2.519386E+0
8.392361E+1,2.520685E+0
8.395833E+1,2.521984E+0
8.399306E+1,2.523283E+0
8.402778E+1,2.524583E+0
8.406250E+1,2.525882E+0
8.409722E+1,2.527181E+0
8.413194E+1,2.528480E+0
8.416667E+1,2.529779E+0
8.420139E+1,2.531078E+0
8.423611E+1,2.532377E+0
8.427083E+1,2.533676E+0
8.430556E+1,2.534976E+0
8.434028E+1,2.536275E+0
8.437500E+1,2.537574E+0
8.440972E+1,2.538873E+0
8.444444E+1,2.540172E+0
8.447917E+1,2.541471E+0
8.451389E+1,2.542770E+0
8.454861E+1,2.544069E+0
8.458333E+1,2.545369E+0
8.461806E+1,2.546668E+0
8.465278E+1,2.547967E+0
8.468750E+1,2.549266E+0
8.472222E+1,2.550565E+0
8.475694E+1,2.551864E+0
8.479167E+1,2.553163E+0
8.482639E+1,2.554462E+0
8.486111E+1,2.555762E+0
8.489583E+1,2.557061E+0
8.493056E+1,2.558360E+0
8.496528E+1,2.559659E+0
8.500000E+1,2.560958E+0
8.503472E+1,2.562257E+0
8.506944E+1,2.563556E+0
8.510417E+1,2.564855E+0
8.513889E+1,2.566155E+0
8.517361E+1,2.567454E+0
8.520833E+1,2.568753E+0
8.524306E+1,2.570052E+0
8.527778E+1,2.571351E+0
8.531250E+1,2.572650E+0
8.534722E+1,2.573949E+0
8.538194E+1,2.575248E+0
8.541667E+1,2.576548E+0
8.545139E+1,2.577847E+0
8.548611E+1,2.579146E+0
8.552083E+1,2.580445E+0
8.555556E+1,2.581744E+0
8.559028E+1,2.583043E+0
8.562500E+1,2.584342E+0
8.565972E+1,2.585641E+0
8.569444E+1,2.586941E+0
8.572917E+1,2.588240E+0
8.576389E+1,2.589539E+0
8.579861E+1,2.590838E+0
8.583333E+1,2.592137E+0
8.586806E+1,2.593436E+0
8.590278E+1,2.594735E+0
8.593750E+1,2.596035E+0
8.597222E+1,2.597334E+0
8.600694E+1,2.598633E+0
8.604167E+1,2.599932E+0
8.607639E+1,2.601231E+0
8.611111E+1,2.602530E+0
8.614583E+1,2.603829E+0
8.618056E+1,2.605128E+0
8.621528E+1,2.606428E+0
8.625000E+1,2.607727E+0
8.628472E+1,2.609026E+0
8.631944E+1,2.610325E+0
8.635417E+1,2.611624E+0
8.638889E+1,2.612923E+0
8.642361E+1,2.614222E+0
8.645833E+1,2.615521E+0
8.649306E+1,2.616821E+0
8.652778E+1,2.618120E+0
8.656250E+1,2.619419E+0
8.659722E+1,2.620718E+0
8.663194E+1,2.622017E+0
8.666667E+1,2.623316E+0
8.670139E+1,2.624615E+0
8.673611E+1,2.625914E+0
8.677083E+1,2.627214E+0
8.680556E+1,2.628513E+0
8.684028E+1,2.629812E+0
8.687500E+1,2.631111E+0
8.690972E+1,2.632410E+0
8.694444E+1,2.633709E+0
8.697917E+1,2.635008E+0
8.701389E+1,2.636307E+0
8.704861E+1,2.637607E+0
8.708333E+1,2.638906E+0
8.711806E+1,2.640205E+0
8.715278E+1,2.641504E+0
8.718750E+1,2.642803E+0
8.722222E+1,2.644102E+0
8.725694E+1,2.645401E+0
8.729167E+1,2.646700E+0
8.732639E+1,2.648000E+0
8.736111E+1,2.649299E+0
8.739583E+1,2.650598E+0
8.743056E+1,2.651897E+0
8.746528E+1,2.653196E+0
8.750000E+1,2.654495E+0
8.753472E+1,2.655794E+0
8.756944E+1,2.657093E+0
8.760417E+1,2.658393E+0
8.763889E+1,2.659692E+0
8.767361E+1,2.660991E+0
8.770833E+1,2.662290E+0
8.774306E+1,2.663589E+0
8.777778E+1,2.664888E+0
8.781250E+1,2.666187E+0
8.784722E+1,2.667487E+0
8.788194E+1,2.668786E+0
8.791667E+1,2.670085E+0
8.795139E+1,2.671384E+0
8.798611E+1,2.672683E+0
8.802083E+1,2.673982E+0
8.805556E+1,2.675281E+0
8.809028E+1,2.676580E+0
8.812500E+1,2.677880E+0
8.815972E+1,2.679179E+0
8.819444E+1,2.680478E+0
8.822917E+1,2.681777E+0
8.826389E+1,2.683076E+0
8.829861E+1,2.684375E+0
8.833333E+1,2.685674E+0
8.836806E+1,2.686973E+0
8.840278E+1,2.688273E+0
8.843750E+1,2.689572E+0
8.847222E+1,2.690871E+0
8.850694E+1,2.692170E+0
8.854167E+1,2.693469E+0
8.857639E+1,2.694768E+0
8.861111E+1,2.696067E+0
8.864583E+1,2.697366E+0
8.868056E+1,2.698666E+0
8.871528E+1,2.699965E+0
8.875000E+1,2.701264E+0
8.878472E+1,2.702563E+0
8.881944E+1,2.703862E+0
8.885417E+1,2.705161E+0
8.888889E+1,2.706460E+0
8.892361E+1,2.707759E+0
8.895833E+1,2.709059E+0
8.899306E+1,2.710358E+0
8.902778E+1,2.711657E+0
8.906250E+1,2.712956E+0
8.909722E+1,2.714255E+0
8.913194E+1,2.715554E+0
8.916667E+1,2.716853E+0
8.920139E+1,2.718152E+0
8.923611E+1,2.719452E+0
8.927083E+1,2.720751E+0
8.930556E+1,2.722050E+0
8.934028E+1,2.723349E+0
8.937500E+1,2.724648E+0
8.940972E+1,2.725947E+0
8.944444E+1,2.727246E+0
8.947917E+1,2.728546E+0
8.951389E+1,2.729845E+0
8.954861E+1,2.731144E+0
8.958333E+1,2.732443E+0
8.961806E+1,2.733742E+0
8.965278E+1,2.735041E+0
8.968750E+1,2.736340E+0
8.972222E+1,2.737639E+0
8.975694E+1,2.738939E+0
8.979167E+1,2.740238E+0
8.982639E+1,2.741537E+0
8.986111E+1,2.742836E+0
8.989583E+1,2.744135E+0
8.993056E+1,2.745434E+0
8.996528E+1,2.746733E+0
9.000000E+1,2.748032E+0
9.003472E+1,2.749332E+0
9.006944E+1,2.750631E+0
9.010417E+1,2.751930E+0
9.013889E+1,2.753229E+0
9.017361E+1,2.754528E+0
9.020833E+1,2.755827E+0
9.024306E+1,2.757126E+0
9.027778E+1,2.758425E+0
9.031250E+1,2.759725E+0
9.034722E+1,2.761024E+0
9.038194E+1,2.762323E+0
9.041667E+1,2.763622E+0
9.045139E+1,2.764921E+0
9.048611E+1,2.766220E+0
9.052083E+1,2.767519E+0
9.055556E+1,2.768818E+0
9.059028E+1,2.770118E+0
9.062500E+1,2.771417E+0
9.065972E+1,2.772716E+0
9.069444E+1,2.774015E+0
9.072917E+1,2.775314E+0
9.076389E+1,2.776613E+0
9.079861E+1,2.777912E+0
9.083333E+1,2.779211E+0
9.086806E+1,2.780511E+0
9.090278E+1,2.781810E+0
9.093750E+1,2.783109E+0
9.097222E+1,2.784408E+0
9.100694E+1,2.785707E+0
9.104167E+1,2.787006E+0
9.107639E+1,2.788305E+0
9.111111E+1,2.789605E+0
9.114583E+1,2.790904E+0
9.118056E+1,2.792203E+0
9.121528E+1,2.793502E+0
9.125000E+1,2.794801E+0
9.128472E+1,2.796100E+0
9.131944E+1,2.797399E+0
9.135417E+1,2.798698E+0
9.138889E+1,2.799998E+0
9.142361E+1,2.801297E+0
9.145833E+1,2.802596E+0
9.149306E+1,2.803895E+0
9.152778E+1,2.805194E+0
9.156250E+1,2.806493E+0
9.159722E+1,2.807792E+0
9.163194E+1,2.809091E+0
9.166667E+1,2.810391E+0
9.170139E+1,2.811690E+0
9.173611E+1,2.812989E+0
9.177083E+1,2.814288E+0
9.180556E+1,2.815587E+0
9.184028E+1,2.816886E+0
9.187500E+1,2.818185E+0
9.190972E+1,2.819484E+0
9.194444E+1,2.820784E+0
9.197917E+1,2.822083E+0
9.201389E+1,2.823382E+0
9.204861E+1,2.824681E+0
9.208333E+1,2.825980E+0
9.211806E+1,2.827279E+0
9.215278E+1,2.828578E+0
9.218750E+1,2.829877E+0
9.222222E+1,2.831177E+0
9.225694E+1,2.832476E+0
9.229167E+1,2.833775E+0
9.232639E+1,2.835074E+0
9.236111E+1,2.836373E+0
9.239583E+1,2.837672E+0
9.243056E+1,2.838971E+0
9.246528E+1,2.840270E+0
9.250000E+1,2.841570E+0
9.253472E+1,2.842869E+0
9.256944E+1,2.844168E+0
9.260417E+1,2.845467E+0
9.263889E+1,2.846766E+0
9.267361E+1,2.848065E+0
9.270833E+1,2.849364E+0
9.274306E+1,2.850664E+0
9.277778E+1,2.851963E+0
9.281250E+1,2.853262E+0
9.284722E+1,2.854561E+0
9.288194E+1,2.855860E+0
9.291667E+1,2.857159E+0
9.295139E+1,2.858458E+0
9.298611E+1,2.859757E+0
9.302083E+1,2.861057E+0
9.305556E+1,2.862356E+0
9.309028E+1,2.863655E+0
9.312500E+1,2.864954E+0
9.315972E+1,2.866253E+0
9.319444E+1,2.867552E+0
9.322917E+1,2.868851E+0
9.326389E+1,2.870150E+0
9.329861E+1,2.871450E+0
9.333333E+1,2.872749E+0
9.336806E+1,2.874048E+0
9.340278E+1,2.875347E+0
9.343750E+1,2.876646E+0
9.347222E+1,2.877945E+0
9.350694E+1,2.879244E+0
9.354167E+1,2.880543E+0
9.357639E+1,2.881843E+0
9.361111E+1,2.883142E+0
9.364583E+1,2.884441E+0
9.368056E+1,2.885740E+0
9.371528E+1,2.887039E+0
9.375000E+1,2.888338E+0
9.378472E+1,2.889637E+0
9.381944E+1,2.890936E+0
9.385417E+1,2.892236E+0
9.388889E+1,2.893535E+0
9.392361E+1,2.894834E+0
9.395833E+1,2.896133E+0
9.399306E+1,2.897432E+0
9.402778E+1,2.898731E+0
9.406250E+1,2.900030E+0
9.409722E+1,2.901329E+0
9.413194E+1,2.902629E+0
9.416667E+1,2.903928E+0
9.420139E+1,2.905227E+0
9.423611E+1,2.906526E+0
9.427083E+1,2.907825E+0
9.430556E+1,2.909124E+0
9.434028E+1,2.910423E+0
9.437500E+1,2.911722E+0
9.440972E+1,2.913022E+0
9.444444E+1,2.914321E+0
9.447917E+1,2.915620E+0
9.451389E+1,2.916919E+0
9.454861E+1,2.918218E+0
9.458333E+1,2.919517E+0
9.461806E+1,2.920816E+0
9.465278E+1,2.922116E+0
9.468750E+1,2.923415E+0
9.472222E+1,2.924714E+0
9.475694E+1,2.926013E+0
9.479167E+1,2.927312E+0
9.482639E+1,2.928611E+0
9.486111E+1,2.929910E+0
9.489583E+1,2.931209E+0
9.493056E+1,2.932509E+0
9.496528E+1,2.933808E+0
9.500000E+1,2.935107E+0
9.503472E+1,2.936406E+0
9.506944E+1,2.937705E+0
9.510417E+1,2.939004E+0
9.513889E+1,2.940303E+0
9.517361E+1,2.941602E+0
9.520833E+1,2.942902E+0
9.524306E+1,2.944201E+0
9.527778E+1,2.945500E+0
9.531250E+1,2.946799E+0
9.534722E+1,2.948098E+0
9.538194E+1,2.949397E+0
9.541667E+1,2.950696E+0
9.545139E+1,2.951995E+0
9.548611E+1,2.953295E+0
9.552083E+1,2.954594E+0
9.555556E+1,2.955893E+0
9.559028E+1,2.957192E+0
9.562500E+1,2.958491E+0
9.565972E+1,2.959790E+0
9.569444E+1,2.961089E+0
9.572917E+1,2.962388E+0
9.576389E+1,2.963688E+0
9.579861E+1,2.964987E+0
9.583333E+1,2.966286E+0
9.586806E+1,2.967585E+0
9.590278E+1,2.968884E+0
9.593750E+1,2.970183E+0
9.597222E+1,2.971482E+0
9.600694E+1,2.972781E+0
9.604167E+1,2.974081E+0
9.607639E+1,2.975380E+0
9.611111E+1,2.976679E+0
9.614583E+1,2.977978E+0
9.618056E+1,2.979277E+0
9.621528E+1,2.980576E+0
9.625000E+1,2.981875E+0
9.628472E+1,2.983174E+0
9.631944E+1,2.984474E+0
9.635417E+1,2.985773E+0
9.638889E+1,2.987072E+0
9.642361E+1,2.988371E+0
9.645833E+1,2.989670E+0
9.649306E+1,2.990969E+0
9.652778E+1,2.992268E+0
9.656250E+1,2.993568E+0
9.659722E+1,2.994867E+0
9.663194E+1,2.996166E+0
9.666667E+1,2.997465E+0
9.670139E+1,2.998764E+0
9.673611E+1,3.000063E+0
9.677083E+1,3.001362E+0
9.680556E+1,3.002661E+0
9.684028E+1,3.003961E+0
9.687500E+1,3.005260E+0
9.690972E+1,3.006559E+0
9.694444E+1,3.007858E+0
9.697917E+1,3.009157E+0
9.701389E+1,3.010456E+0
9.704861E+1,3.011755E+0
9.708333E+1,3.013054E+0
9.711806E+1,3.014354E+0
9.715278E+1,3.015653E+0
9.718750E+1,3.016952E+0
9.722222E+1,3.018251E+0
9.725694E+1,3.019550E+0
9.729167E+1,3.020849E+0
9.732639E+1,3.022148E+0
9.736111E+1,3.023447E+0
9.739583E+1,3.024747E+0
9.743056E+1,3.026046E+0
9.746528E+1,3.027345E+0
9.750000E+1,3.028644E+0
9.753472E+1,3.029943E+0
9.756944E+1,3.031242E+0
9.760417E+1,3.032541E+0
9.763889E+1,3.033840E+0
9.767361E+1,3.035140E+0
9.770833E+1,3.036439E+0
9.774306E+1,3.037738E+0
9.777778E+1,3.039037E+0
9.781250E+1,3.040336E+0
9.784722E+1,3.041635E+0
9.788194E+1,3.042934E+0
9.791667E+1,3.044234E+0
9.795139E+1,3.045533E+0
9.798611E+1,3.046832E+0
9.802083E+1,3.048131E+0
9.805556E+1,3.049430E+0
9.809028E+1,3.050729E+0
9.812500E+1,3.052028E+0
9.815972E+1,3.053327E+0
9.819444E+1,3.054627E+0
9.822917E+1,3.055926E+0
9.826389E+1,3.057225E+0
9.829861E+1,3.058524E+0
9.833333E+1,3.059823E+0
9.836806E+1,3.061122E+0
9.840278E+1,3.062421E+0
9.843750E+1,3.063720E+0
9.847222E+1,3.065020E+0
9.850694E+1,3.066319E+0
9.854167E+1,3.067618E+0
9.857639E+1,3.068917E+0
9.861111E+1,3.070216E+0
9.864583E+1,3.071515E+0
9.868056E+1,3.072814E+0
9.871528E+1,3.074113E+0
9.875000E+1,3.075413E+0
9.878472E+1,3.076712E+0
9.881944E+1,3.078011E+0
9.885417E+1,3.079310E+0
9.888889E+1,3.080609E+0
9.892361E+1,3.081908E+0
9.895833E+1,3.083207E+0
9.899306E+1,3.084506E+0
9.902778E+1,3.085806E+0
9.906250E+1,3.087105E+0
9.909722E+1,3.088404E+0
9.913194E+1,3.089703E+0
9.916667E+1,3.091002E+0
9.920139E+1,3.092301E+0
9.923611E+1,3.093600E+0
9.927083E+1,3.094899E+0
9.930556E+1,3.096199E+0
9.934028E+1,3.097498E+0
9.937500E+1,3.098797E+0
9.940972E+1,3.100096E+0
9.944444E+1,3.101395E+0
9.947917E+1,3.102694E+0
9.951389E+1,3.103993E+0
9.954861E+1,3.105292E+0
9.958333E+1,3.106592E+0
9.961806E+1,3.107891E+0
9.965278E+1,3.109190E+0
9.968750E+1,3.110489E+0
9.972222E+1,3.111788E+0
9.975694E+1,3.113087E+0
9.979167E+1,3.114386E+0
9.982639E+1,3.115686E+0
9.986111E+1,3.116985E+0
9.989583E+1,3.118284E+0
9.993056E+1,3.119583E+0
9.996528E+1,3.120882E+0
