7.139351E-14,2.178351E-3
3.472222E-4,2.174412E-3
6.944444E-4,2.170472E-3
1.041667E-3,2.166533E-3
1.388889E-3,2.162593E-3
1.736111E-3,2.158653E-3
2.083333E-3,2.154714E-3
2.430556E-3,2.150774E-3
2.777778E-3,2.146834E-3
3.125000E-3,2.142895E-3
3.472222E-3,2.138955E-3
3.819444E-3,2.135015E-3
4.166667E-3,2.131076E-3
4.513889E-3,2.127136E-3
4.861111E-3,2.123197E-3
5.208333E-3,2.119257E-3
5.555556E-3,2.115317E-3
5.902778E-3,2.111378E-3
6.250000E-3,2.107438E-3
6.597222E-3,2.103498E-3
6.944444E-3,2.099559E-3
7.291667E-3,2.095619E-3
7.638889E-3,2.091679E-3
7.986111E-3,2.087740E-3
8.333333E-3,2.083800E-3
8.680556E-3,2.079861E-3
9.027778E-3,2.075921E-3
9.375000E-3,2.071981E-3
9.722222E-3,2.068042E-3
1.006944E-2,2.064102E-3
1.041667E-2,2.060162E-3
1.076389E-2,2.056223E-3
1.111111E-2,2.052283E-3
1.145833E-2,2.048343E-3
1.180556E-2,2.044404E-3
1.215278E-2,2.040464E-3
1.250000E-2,2.036525E-3
1.284722E-2,2.032585E-3
1.319444E-2,2.028645E-3
1.354167E-2,2.024706E-3
1.388889E-2,2.020766E-3
1.423611E-2,2.016826E-3
1.458333E-2,2.012887E-3
1.493056E-2,2.008947E-3
1.527778E-2,2.005007E-3
1.562500E-2,2.001068E-3
1.597222E-2,1.997128E-3
1.631944E-2,1.993189E-3
1.666667E-2,1.989249E-3
1.701389E-2,1.985309E-3
1.736111E-2,1.981370E-3
1.770833E-2,1.977430E-3
1.805556E-2,1.973490E-3
1.840278E-2,1.969551E-3
1.875000E-2,1.965611E-3
1.909722E-2,1.961671E-3
1.944444E-2,1.957732E-3
1.979167E-2,1.953792E-3
2.013889E-2,1.949853E-3
2.048611E-2,1.945913E-3
2.083333E-2,1.941973E-3
2.118056E-2,1.938034E-3
2.152778E-2,1.934094E-3
2.187500E-2,1.930154E-3
2.222222E-2,1.926215E-3
2.256944E-2,1.922275E-3
2.291667E-2,1.918335E-3
2.326389E-2,1.914396E-3
2.361111E-2,1.910456E-3
2.395833E-2,1.906517E-3
2.430556E-2,1.902577E-3
2.465278E-2,1.898637E-3
2.500000E-2,1.894698E-3
2.534722E-2,1.890758E-3
2.569444E-2,1.886818E-3
2.604167E-2,1.882879E-3
2.638889E-2,1.878939E-3
2.673611E-2,1.874999E-3
2.708333E-2,1.871060E-3
2.743056E-2,1.867120E-3
2.777778E-2,1.863180E-3
2.812500E-2,1.859241E-3
2.847222E-2,1.855301E-3
2.881944E-2,1.851362E-3
2.916667E-2,1.847422E-3
2.951389E-2,1.843482E-3
2.986111E-2,1.839543E-3
3.020833E-2,1.835603E-3
3.055556E-2,1.831663E-3
3.090278E-2,1.827724E-3
3.125000E-2,1.823784E-3
3.159722E-2,1.819844E-3
3.194444E-2,1.815905E-3
3.229167E-2,1.811965E-3
3.263889E-2,1.808026E-3
3.298611E-2,1.804086E-3
3.333333E-2,1.800146E-3
3.368056E-2,1.796207E-3
3.402778E-2,1.792267E-3
3.437500E-2,1.788327E-3
3.472222E-2,1.784388E-3
3.506944E-2,1.780448E-3
3.541667E-2,1.776508E-3
3.576389E-2,1.772569E-3
3.611111E-2,1.768629E-3
3.645833E-2,1.764690E-3
3.680556E-2,1.760750E-3
3.715278E-2,1.756810E-3
3.750000E-2,1.752871E-3
3.784722E-2,1.748931E-3
3.819444E-2,1.744991E-3
3.854167E-2,1.741052E-3
3.888889E-2,1.737112E-3
3.923611E-2,1.733172E-3
3.958333E-2,1.729233E-3
3.993056E-2,1.725293E-3
4.027778E-2,1.721354E-3
4.062500E-2,1.717414E-3
4.097222E-2,1.713474E-3
4.131944E-2,1.709535E-3
4.166667E-2,1.705595E-3
4.201389E-2,1.701655E-3
4.236111E-2,1.697716E-3
4.270833E-2,1.693776E-3
4.305556E-2,1.689836E-3
4.340278E-2,1.685897E-3
4.375000E-2,1.681957E-3
4.409722E-2,1.678018E-3
4.444444E-2,1.674078E-3
4.479167E-2,1.670138E-3
4.513889E-2,1.666199E-3
4.548611E-2,1.662259E-3
4.583333E-2,1.658319E-3
4.618056E-2,1.654380E-3
4.652778E-2,1.650440E-3
4.687500E-2,1.646500E-3
4.722222E-2,1.642561E-3
4.756944E-2,1.638621E-3
4.791667E-2,1.634682E-3
4.826389E-2,1.630742E-3
4.861111E-2,1.626802E-3
4.895833E-2,1.622863E-3
4.930556E-2,1.618923E-3
4.965278E-2,1.614983E-3
5.000000E-2,1.611044E-3
5.034722E-2,1.607104E-3
5.069444E-2,1.603164E-3
5.104167E-2,1.599225E-3
5.138889E-2,1.595285E-3
5.173611E-2,1.591346E-3
5.208333E-2,1.587406E-3
5.243056E-2,1.583466E-3
5.277778E-2,1.579527E-3
5.312500E-2,1.575587E-3
5.347222E-2,1.571647E-3
5.381944E-2,1.567708E-3
5.416667E-2,1.563768E-3
5.451389E-2,1.559828E-3
5.486111E-2,1.555889E-3
5.520833E-2,1.551949E-3
5.555556E-2,1.548010E-3
5.590278E-2,1.544070E-3
5.625000E-2,1.540130E-3
5.659722E-2,1.536191E-3
5.694444E-2,1.532251E-3
5.729167E-2,1.528311E-3
5.763889E-2,1.524372E-3
5.798611E-2,1.520432E-3
5.833333E-2,1.516492E-3
5.868056E-2,1.512553E-3
5.902778E-2,1.508613E-3
5.937500E-2,1.504674E-3
5.972222E-2,1.500734E-3
6.006944E-2,1.496794E-3
6.041667E-2,1.492855E-3
6.076389E-2,1.488915E-3
6.111111E-2,1.484975E-3
6.145833E-2,1.481036E-3
6.180556E-2,1.477096E-3
6.215278E-2,1.473156E-3
6.250000E-2,1.469217E-3
6.284722E-2,1.465277E-3
6.319444E-2,1.461338E-3
6.354167E-2,1.457398E-3
6.388889E-2,1.453458E-3
6.423611E-2,1.449519E-3
6.458333E-2,1.445579E-3
6.493056E-2,1.441639E-3
6.527778E-2,1.437700E-3
6.562500E-2,1.433760E-3
6.597222E-2,1.429820E-3
6.631944E-2,1.425881E-3
6.666667E-2,1.421941E-3
6.701389E-2,1.418002E-3
6.736111E-2,1.414062E-3
6.770833E-2,1.410122E-3
6.805556E-2,1.406183E-3
6.840278E-2,1.402243E-3
6.875000E-2,1.398303E-3
6.909722E-2,1.394364E-3
6.944444E-2,1.390424E-3
6.979167E-2,1.386484E-3
7.013889E-2,1.384631E-3
7.048611E-2,1.384540E-3
7.083333E-2,1.384450E-3
7.118056E-2,1.384359E-3
7.152778E-2,1.384268E-3
7.187500E-2,1.384178E-3
7.222222E-2,1.384087E-3
7.256944E-2,1.383996E-3
7.291667E-2,1.383906E-3
7.326389E-2,1.383815E-3
7.361111E-2,1.383724E-3
7.395833E-2,1.383634E-3
7.430556E-2,1.383543E-3
7.465278E-2,1.383452E-3
7.500000E-2,1.383362E-3
7.534722E-2,1.383271E-3
7.569444E-2,1.383180E-3
7.604167E-2,1.383090E-3
7.638889E-2,1.382999E-3
7.673611E-2,1.382909E-3
7.708333E-2,1.382818E-3
7.743056E-2,1.382727E-3
7.777778E-2,1.382637E-3
7.812500E-2,1.382546E-3
7.847222E-2,1.382455E-3
7.881944E-2,1.382365E-3
7.916667E-2,1.382274E-3
7.951389E-2,1.382183E-3
7.986111E-2,1.382093E-3
8.020833E-2,1.382002E-3
8.055556E-2,1.381911E-3
8.090278E-2,1.381821E-3
8.125000E-2,1.381730E-3
8.159722E-2,1.381639E-3
8.194444E-2,1.381549E-3
8.229167E-2,1.381458E-3
8.263889E-2,1.381368E-3
8.298611E-2,1.381277E-3
8.333333E-2,1.381186E-3
8.368056E-2,1.381096E-3
8.402778E-2,1.381005E-3
8.437500E-2,1.380914E-3
8.472222E-2,1.380824E-3
8.506944E-2,1.380733E-3
8.541667E-2,1.380642E-3
8.576389E-2,1.380552E-3
8.611111E-2,1.380461E-3
8.645833E-2,1.380370E-3
8.680556E-2,1.380280E-3
8.715278E-2,1.380189E-3
8.750000E-2,1.380098E-3
8.784722E-2,1.380008E-3
8.819444E-2,1.379917E-3
8.854167E-2,1.379826E-3
8.888889E-2,1.379736E-3
8.923611E-2,1.379645E-3
8.958333E-2,1.379555E-3
8.993056E-2,1.379464E-3
9.027778E-2,1.379373E-3
9.062500E-2,1.379283E-3
9.097222E-2,1.379192E-3
9.131944E-2,1.379101E-3
9.166667E-2,1.379011E-3
9.201389E-2,1.378920E-3
9.236111E-2,1.378829E-3
9.270833E-2,1.378739E-3
9.305556E-2,1.378648E-3
9.340278E-2,1.378557E-3
9.375000E-2,1.378467E-3
9.409722E-2,1.378376E-3
9.444444E-2,1.378285E-3
9.479167E-2,1.378195E-3
9.513889E-2,1.378104E-3
9.548611E-2,1.378013E-3
9.583333E-2,1.377923E-3
9.618056E-2,1.377832E-3
9.652778E-2,1.377742E-3
9.687500E-2,1.377651E-3
9.722222E-2,1.377560E-3
9.756944E-2,1.377470E-3
9.791667E-2,1.377379E-3
9.826389E-2,1.377288E-3
9.861111E-2,1.377198E-3
9.895833E-2,1.377107E-3
9.930556E-2,1.377016E-3
9.965278E-2,1.376926E-3
1.000000E-1,1.376835E-3
1.003472E-1,1.376744E-3
1.006944E-1,1.376654E-3
1.010417E-1,1.376563E-3
1.013889E-1,1.376472E-3
1.017361E-1,1.376382E-3
1.020833E-1,1.376291E-3
1.024306E-1,1.376201E-3
1.027778E-1,1.376110E-3
1.031250E-1,1.376019E-3
1.034722E-1,1.375929E-3
1.038194E-1,1.375838E-3
1.041667E-1,1.375747E-3
1.045139E-1,1.375657E-3
1.048611E-1,1.375566E-3
1.052083E-1,1.375475E-3
1.055556E-1,1.375385E-3
1.059028E-1,1.375294E-3
1.062500E-1,1.375203E-3
1.065972E-1,1.375113E-3
1.069444E-1,1.375022E-3
1.072917E-1,1.374931E-3
1.076389E-1,1.374841E-3
1.079861E-1,1.374750E-3
1.083333E-1,1.374659E-3
1.086806E-1,1.374569E-3
1.090278E-1,1.374478E-3
1.093750E-1,1.374388E-3
1.097222E-1,1.374297E-3
1.100694E-1,1.374206E-3
1.104167E-1,1.374116E-3
1.107639E-1,1.374025E-3
1.111111E-1,1.373934E-3
1.114583E-1,1.373844E-3
1.118056E-1,1.373753E-3
1.121528E-1,1.373662E-3
1.125000E-1,1.372888E-3
1.128472E-1,1.371516E-3
1.131944E-1,1.370143E-3
1.135417E-1,1.368770E-3
1.138889E-1,1.367397E-3
1.142361E-1,1.366024E-3
1.145833E-1,1.364651E-3
1.149306E-1,1.363278E-3
1.152778E-1,1.361905E-3
1.156250E-1,1.360532E-3
1.159722E-1,1.359159E-3
1.163194E-1,1.357786E-3
1.166667E-1,1.356413E-3
1.170139E-1,1.355040E-3
1.173611E-1,1.353667E-3
1.177083E-1,1.352294E-3
1.180556E-1,1.350921E-3
1.184028E-1,1.349548E-3
1.187500E-1,1.348175E-3
1.190972E-1,1.346802E-3
1.194444E-1,1.345430E-3
1.197917E-1,1.344057E-3
1.201389E-1,1.342684E-3
1.204861E-1,1.341311E-3
1.208333E-1,1.339938E-3
1.211806E-1,1.338565E-3
1.215278E-1,1.337192E-3
1.218750E-1,1.335819E-3
1.222222E-1,1.334446E-3
1.225694E-1,1.333073E-3
1.229167E-1,1.331700E-3
1.232639E-1,1.330327E-3
1.236111E-1,1.328954E-3
1.239583E-1,1.327581E-3
1.243056E-1,1.326208E-3
1.246528E-1,1.324835E-3
1.250000E-1,1.323462E-3
1.253472E-1,1.322089E-3
1.256944E-1,1.320716E-3
1.260417E-1,1.319343E-3
1.263889E-1,1.317971E-3
1.267361E-1,1.316598E-3
1.270833E-1,1.315225E-3
1.274306E-1,1.313852E-3
1.277778E-1,1.312479E-3
1.281250E-1,1.311106E-3
1.284722E-1,1.309733E-3
1.288194E-1,1.308360E-3
1.291667E-1,1.306987E-3
1.295139E-1,1.305614E-3
1.298611E-1,1.304241E-3
1.302083E-1,1.302868E-3
1.305556E-1,1.301495E-3
1.309028E-1,1.300122E-3
1.312500E-1,1.298749E-3
1.315972E-1,1.297376E-3
1.319444E-1,1.296003E-3
1.322917E-1,1.294630E-3
1.326389E-1,1.293257E-3
1.329861E-1,1.291884E-3
1.333333E-1,1.290512E-3
1.336806E-1,1.289139E-3
1.340278E-1,1.287766E-3
1.343750E-1,1.286393E-3
1.347222E-1,1.285020E-3
1.350694E-1,1.283647E-3
1.354167E-1,1.282274E-3
1.357639E-1,1.280901E-3
1.361111E-1,1.279528E-3
1.364583E-1,1.278155E-3
1.368056E-1,1.276782E-3
1.371528E-1,1.275409E-3
1.375000E-1,1.274036E-3
1.378472E-1,1.272663E-3
1.381944E-1,1.271290E-3
1.385417E-1,1.269917E-3
1.388889E-1,1.268544E-3
1.392361E-1,1.267171E-3
1.395833E-1,1.265798E-3
1.399306E-1,1.264425E-3
1.402778E-1,1.263053E-3
1.406250E-1,1.261680E-3
1.409722E-1,1.260307E-3
1.413194E-1,1.258934E-3
1.416667E-1,1.257561E-3
1.420139E-1,1.256188E-3
1.423611E-1,1.254815E-3
1.427083E-1,1.253442E-3
1.430556E-1,1.252069E-3
1.434028E-1,1.250696E-3
1.437500E-1,1.249323E-3
1.440972E-1,1.247950E-3
1.444444E-1,1.246577E-3
1.447917E-1,1.245204E-3
1.451389E-1,1.243831E-3
1.454861E-1,1.242458E-3
1.458333E-1,1.241085E-3
1.461806E-1,1.239712E-3
1.465278E-1,1.238339E-3
1.468750E-1,1.236966E-3
1.472222E-1,1.235594E-3
1.475694E-1,1.234221E-3
1.479167E-1,1.232848E-3
1.482639E-1,1.231475E-3
1.486111E-1,1.230102E-3
1.489583E-1,1.228729E-3
1.493056E-1,1.227356E-3
1.496528E-1,1.225983E-3
1.500000E-1,1.224610E-3
1.503472E-1,1.223237E-3
1.506944E-1,1.221864E-3
1.510417E-1,1.220491E-3
1.513889E-1,1.219118E-3
1.517361E-1,1.217745E-3
1.520833E-1,1.216372E-3
1.524306E-1,1.214999E-3
1.527778E-1,1.213626E-3
1.531250E-1,1.212253E-3
1.534722E-1,1.210880E-3
1.538194E-1,1.209508E-3
1.541667E-1,1.208135E-3
1.545139E-1,1.206762E-3
1.548611E-1,1.205389E-3
1.552083E-1,1.204016E-3
1.555556E-1,1.202643E-3
1.559028E-1,1.201913E-3
1.562500E-1,1.201480E-3
1.565972E-1,1.201047E-3
1.569444E-1,1.200614E-3
1.572917E-1,1.200181E-3
1.576389E-1,1.199748E-3
1.579861E-1,1.199315E-3
1.583333E-1,1.198882E-3
1.586806E-1,1.198449E-3
1.590278E-1,1.198016E-3
1.593750E-1,1.197583E-3
1.597222E-1,1.197150E-3
1.600694E-1,1.196717E-3
1.604167E-1,1.196284E-3
1.607639E-1,1.195851E-3
1.611111E-1,1.195418E-3
1.614583E-1,1.194985E-3
1.618056E-1,1.194552E-3
1.621528E-1,1.194119E-3
1.625000E-1,1.193686E-3
1.628472E-1,1.193253E-3
1.631944E-1,1.192820E-3
1.635417E-1,1.192387E-3
1.638889E-1,1.191954E-3
1.642361E-1,1.191521E-3
1.645833E-1,1.191088E-3
1.649306E-1,1.190655E-3
1.652778E-1,1.190222E-3
1.656250E-1,1.189789E-3
1.659722E-1,1.189356E-3
1.663194E-1,1.188923E-3
1.666667E-1,1.188490E-3
1.670139E-1,1.188057E-3
1.673611E-1,1.187624E-3
1.677083E-1,1.187191E-3
1.680556E-1,1.186758E-3
1.684028E-1,1.186325E-3
1.687500E-1,1.185892E-3
1.690972E-1,1.185459E-3
1.694444E-1,1.185026E-3
1.697917E-1,1.184593E-3
1.701389E-1,1.184160E-3
1.704861E-1,1.183727E-3
1.708333E-1,1.183294E-3
1.711806E-1,1.182861E-3
1.715278E-1,1.182428E-3
1.718750E-1,1.181995E-3
1.722222E-1,1.181562E-3
1.725694E-1,1.181129E-3
1.729167E-1,1.180696E-3
1.732639E-1,1.180262E-3
1.736111E-1,1.179829E-3
1.739583E-1,1.179396E-3
1.743056E-1,1.178963E-3
1.746528E-1,1.178530E-3
1.750000E-1,1.178097E-3
1.753472E-1,1.177664E-3
1.756944E-1,1.177231E-3
1.760417E-1,1.176798E-3
1.763889E-1,1.176365E-3
1.767361E-1,1.175932E-3
1.770833E-1,1.175499E-3
1.774306E-1,1.175066E-3
1.777778E-1,1.174633E-3
1.781250E-1,1.174200E-3
1.784722E-1,1.173767E-3
1.788194E-1,1.173334E-3
1.791667E-1,1.172901E-3
1.795139E-1,1.172468E-3
1.798611E-1,1.172035E-3
1.802083E-1,1.171602E-3
1.805556E-1,1.171169E-3
1.809028E-1,1.170736E-3
1.812500E-1,1.170303E-3
1.815972E-1,1.169870E-3
1.819444E-1,1.169437E-3
1.822917E-1,1.169004E-3
1.826389E-1,1.168571E-3
1.829861E-1,1.168138E-3
1.833333E-1,1.167705E-3
1.836806E-1,1.167272E-3
1.840278E-1,1.166839E-3
1.843750E-1,1.166406E-3
1.847222E-1,1.165973E-3
1.850694E-1,1.165540E-3
1.854167E-1,1.165107E-3
1.857639E-1,1.164674E-3
1.861111E-1,1.164241E-3
1.864583E-1,1.163808E-3
1.868056E-1,1.163375E-3
1.871528E-1,1.162942E-3
1.875000E-1,1.162509E-3
1.878472E-1,1.162076E-3
1.881944E-1,1.161643E-3
1.885417E-1,1.161210E-3
1.888889E-1,1.160777E-3
1.892361E-1,1.160344E-3
1.895833E-1,1.159911E-3
1.899306E-1,1.159478E-3
1.902778E-1,1.159045E-3
1.906250E-1,1.158612E-3
1.909722E-1,1.158179E-3
1.913194E-1,1.157745E-3
1.916667E-1,1.157312E-3
1.920139E-1,1.156879E-3
1.923611E-1,1.156446E-3
1.927083E-1,1.156013E-3
1.930556E-1,1.155580E-3
1.934028E-1,1.155147E-3
1.937500E-1,1.154714E-3
1.940972E-1,1.154281E-3
1.944444E-1,1.153848E-3
1.947917E-1,1.153415E-3
1.951389E-1,1.152982E-3
1.954861E-1,1.152549E-3
1.958333E-1,1.152116E-3
1.961806E-1,1.151683E-3
1.965278E-1,1.151250E-3
1.968750E-1,1.150817E-3
1.972222E-1,1.150384E-3
1.975694E-1,1.149951E-3
1.979167E-1,1.149518E-3
1.982639E-1,1.149085E-3
1.986111E-1,1.148652E-3
1.989583E-1,1.148219E-3
1.993056E-1,1.147786E-3
1.996528E-1,1.147353E-3
2.000000E-1,1.146920E-3
2.003472E-1,1.146227E-3
2.006944E-1,1.145534E-3
2.010417E-1,1.144841E-3
2.013889E-1,1.144148E-3
2.017361E-1,1.143456E-3
2.020833E-1,1.142763E-3
2.024306E-1,1.142070E-3
2.027778E-1,1.141377E-3
2.031250E-1,1.140684E-3
2.034722E-1,1.139991E-3
2.038194E-1,1.139298E-3
2.041667E-1,1.138605E-3
2.045139E-1,1.137913E-3
2.048611E-1,1.137220E-3
2.052083E-1,1.136527E-3
2.055556E-1,1.135834E-3
2.059028E-1,1.135141E-3
2.062500E-1,1.134448E-3
2.065972E-1,1.133755E-3
2.069444E-1,1.133062E-3
2.072917E-1,1.132370E-3
2.076389E-1,1.131677E-3
2.079861E-1,1.130984E-3
2.083333E-1,1.130291E-3
2.086806E-1,1.129598E-3
2.090278E-1,1.128905E-3
2.093750E-1,1.128212E-3
2.097222E-1,1.127519E-3
2.100694E-1,1.126827E-3
2.104167E-1,1.126134E-3
2.107639E-1,1.125441E-3
2.111111E-1,1.124748E-3
2.114583E-1,1.124055E-3
2.118056E-1,1.123362E-3
2.121528E-1,1.122669E-3
2.125000E-1,1.121976E-3
2.128472E-1,1.121284E-3
2.131944E-1,1.120591E-3
2.135417E-1,1.119898E-3
2.138889E-1,1.119205E-3
2.142361E-1,1.118512E-3
2.145833E-1,1.117819E-3
2.149306E-1,1.117126E-3
2.152778E-1,1.116433E-3
2.156250E-1,1.115740E-3
2.159722E-1,1.115048E-3
2.163194E-1,1.114355E-3
2.166667E-1,1.113662E-3
2.170139E-1,1.112969E-3
2.173611E-1,1.112276E-3
2.177083E-1,1.111583E-3
2.180556E-1,1.110890E-3
2.184028E-1,1.110197E-3
2.187500E-1,1.109505E-3
2.190972E-1,1.108812E-3
2.194444E-1,1.108119E-3
2.197917E-1,1.107426E-3
2.201389E-1,1.106733E-3
2.204861E-1,1.106040E-3
2.208333E-1,1.105347E-3
2.211806E-1,1.104654E-3
2.215278E-1,1.103962E-3
2.218750E-1,1.103269E-3
2.222222E-1,1.102576E-3
2.225694E-1,1.101883E-3
2.229167E-1,1.101190E-3
2.232639E-1,1.100497E-3
2.236111E-1,1.099804E-3
2.239583E-1,1.099111E-3
2.243056E-1,1.098419E-3
2.246528E-1,1.097726E-3
2.250000E-1,1.097033E-3
2.253472E-1,1.096340E-3
2.256944E-1,1.095647E-3
2.260417E-1,1.094954E-3
2.263889E-1,1.094261E-3
2.267361E-1,1.093568E-3
2.270833E-1,1.092876E-3
2.274306E-1,1.092183E-3
2.277778E-1,1.091490E-3
2.281250E-1,1.090797E-3
2.284722E-1,1.090104E-3
2.288194E-1,1.089411E-3
2.291667E-1,1.088718E-3
2.295139E-1,1.088025E-3
2.298611E-1,1.087332E-3
2.302083E-1,1.086640E-3
2.305556E-1,1.085947E-3
2.309028E-1,1.085254E-3
2.312500E-1,1.084561E-3
2.315972E-1,1.083868E-3
2.319444E-1,1.083175E-3
2.322917E-1,1.082482E-3
2.326389E-1,1.081789E-3
2.329861E-1,1.081097E-3
2.333333E-1,1.080404E-3
2.336806E-1,1.079711E-3
2.340278E-1,1.079018E-3
2.343750E-1,1.078325E-3
2.347222E-1,1.077632E-3
2.350694E-1,1.076939E-3
2.354167E-1,1.076246E-3
2.357639E-1,1.075554E-3
2.361111E-1,1.074861E-3
2.364583E-1,1.074168E-3
2.368056E-1,1.073475E-3
2.371528E-1,1.072782E-3
2.375000E-1,1.072089E-3
2.378472E-1,1.071396E-3
2.381944E-1,1.070703E-3
2.385417E-1,1.070011E-3
2.388889E-1,1.069318E-3
2.392361E-1,1.068625E-3
2.395833E-1,1.067932E-3
2.399306E-1,1.067239E-3
2.402778E-1,1.066546E-3
2.406250E-1,1.065853E-3
2.409722E-1,1.065160E-3
2.413194E-1,1.064468E-3
2.416667E-1,1.063775E-3
2.420139E-1,1.063082E-3
2.423611E-1,1.062389E-3
2.427083E-1,1.061696E-3
2.430556E-1,1.061003E-3
2.434028E-1,1.060310E-3
2.437500E-1,1.059617E-3
2.440972E-1,1.058924E-3
2.444444E-1,1.058729E-3
2.447917E-1,1.059615E-3
2.451389E-1,1.060501E-3
2.454861E-1,1.061387E-3
2.458333E-1,1.062272E-3
2.461806E-1,1.063158E-3
2.465278E-1,1.064044E-3
2.468750E-1,1.064930E-3
2.472222E-1,1.065816E-3
2.475694E-1,1.066701E-3
2.479167E-1,1.067587E-3
2.482639E-1,1.068473E-3
2.486111E-1,1.069359E-3
2.489583E-1,1.070245E-3
2.493056E-1,1.071130E-3
2.496528E-1,1.072016E-3
2.500000E-1,1.072902E-3
2.503472E-1,1.073788E-3
2.506944E-1,1.074674E-3
2.510417E-1,1.075559E-3
2.513889E-1,1.076445E-3
2.517361E-1,1.077331E-3
2.520833E-1,1.078217E-3
2.524306E-1,1.079103E-3
2.527778E-1,1.079988E-3
2.531250E-1,1.080874E-3
2.534722E-1,1.081760E-3
2.538194E-1,1.082646E-3
2.541667E-1,1.083532E-3
2.545139E-1,1.084417E-3
2.548611E-1,1.085303E-3
2.552083E-1,1.086189E-3
2.555556E-1,1.087075E-3
2.559028E-1,1.087961E-3
2.562500E-1,1.088846E-3
2.565972E-1,1.089732E-3
2.569444E-1,1.090618E-3
2.572917E-1,1.091504E-3
2.576389E-1,1.092389E-3
2.579861E-1,1.093275E-3
2.583333E-1,1.094161E-3
2.586806E-1,1.095047E-3
2.590278E-1,1.095933E-3
2.593750E-1,1.096818E-3
2.597222E-1,1.097704E-3
2.600694E-1,1.098590E-3
2.604167E-1,1.099476E-3
2.607639E-1,1.100362E-3
2.611111E-1,1.101247E-3
2.614583E-1,1.102133E-3
2.618056E-1,1.103019E-3
2.621528E-1,1.103905E-3
2.625000E-1,1.104791E-3
2.628472E-1,1.105676E-3
2.631944E-1,1.106562E-3
2.635417E-1,1.107448E-3
2.638889E-1,1.108334E-3
2.642361E-1,1.109220E-3
2.645833E-1,1.110105E-3
2.649306E-1,1.110991E-3
2.652778E-1,1.111877E-3
2.656250E-1,1.112763E-3
2.659722E-1,1.113649E-3
2.663194E-1,1.114534E-3
2.666667E-1,1.115420E-3
2.670139E-1,1.116306E-3
2.673611E-1,1.117192E-3
2.677083E-1,1.118078E-3
2.680556E-1,1.118963E-3
2.684028E-1,1.119849E-3
2.687500E-1,1.120735E-3
2.690972E-1,1.121621E-3
2.694444E-1,1.122507E-3
2.697917E-1,1.123392E-3
2.701389E-1,1.124278E-3
2.704861E-1,1.125164E-3
2.708333E-1,1.126050E-3
2.711806E-1,1.126936E-3
2.715278E-1,1.127821E-3
2.718750E-1,1.128707E-3
2.722222E-1,1.129593E-3
2.725694E-1,1.130479E-3
2.729167E-1,1.131365E-3
2.732639E-1,1.132250E-3
2.736111E-1,1.133136E-3
2.739583E-1,1.134022E-3
2.743056E-1,1.134908E-3
2.746528E-1,1.135794E-3
2.750000E-1,1.136679E-3
2.753472E-1,1.137565E-3
2.756944E-1,1.138451E-3
2.760417E-1,1.139337E-3
2.763889E-1,1.140223E-3
2.767361E-1,1.141108E-3
2.770833E-1,1.141994E-3
2.774306E-1,1.142880E-3
2.777778E-1,1.143766E-3
2.781250E-1,1.144652E-3
2.784722E-1,1.145537E-3
2.788194E-1,1.146423E-3
2.791667E-1,1.147309E-3
2.795139E-1,1.148195E-3
2.798611E-1,1.149081E-3
2.802083E-1,1.149966E-3
2.805556E-1,1.150852E-3
2.809028E-1,1.151738E-3
2.812500E-1,1.152624E-3
2.815972E-1,1.153509E-3
2.819444E-1,1.154395E-3
2.822917E-1,1.155281E-3
2.826389E-1,1.156167E-3
2.829861E-1,1.157053E-3
2.833333E-1,1.157938E-3
2.836806E-1,1.158824E-3
2.840278E-1,1.159710E-3
2.843750E-1,1.160596E-3
2.847222E-1,1.161482E-3
2.850694E-1,1.162367E-3
2.854167E-1,1.163253E-3
2.857639E-1,1.164139E-3
2.861111E-1,1.165025E-3
2.864583E-1,1.165911E-3
2.868056E-1,1.166796E-3
2.871528E-1,1.167682E-3
2.875000E-1,1.168568E-3
2.878472E-1,1.168730E-3
2.881944E-1,1.168065E-3
2.885417E-1,1.167401E-3
2.888889E-1,1.166737E-3
2.892361E-1,1.166072E-3
2.895833E-1,1.165408E-3
2.899306E-1,1.164744E-3
2.902778E-1,1.164079E-3
2.906250E-1,1.163415E-3
2.909722E-1,1.162751E-3
2.913194E-1,1.162086E-3
2.916667E-1,1.161422E-3
2.920139E-1,1.160757E-3
2.923611E-1,1.160093E-3
2.927083E-1,1.159429E-3
2.930556E-1,1.158764E-3
2.934028E-1,1.158100E-3
2.937500E-1,1.157436E-3
2.940972E-1,1.156771E-3
2.944444E-1,1.156107E-3
2.947917E-1,1.155443E-3
2.951389E-1,1.154778E-3
2.954861E-1,1.154114E-3
2.958333E-1,1.153450E-3
2.961806E-1,1.152785E-3
2.965278E-1,1.152121E-3
2.968750E-1,1.151457E-3
2.972222E-1,1.150792E-3
2.975694E-1,1.150128E-3
2.979167E-1,1.149464E-3
2.982639E-1,1.148799E-3
2.986111E-1,1.148135E-3
2.989583E-1,1.147471E-3
2.993056E-1,1.146806E-3
2.996528E-1,1.146142E-3
3.000000E-1,1.145478E-3
3.003472E-1,1.144813E-3
3.006944E-1,1.144149E-3
3.010417E-1,1.143485E-3
3.013889E-1,1.142820E-3
3.017361E-1,1.142156E-3
3.020833E-1,1.141492E-3
3.024306E-1,1.140827E-3
3.027778E-1,1.140163E-3
3.031250E-1,1.139499E-3
3.034722E-1,1.138834E-3
3.038194E-1,1.138170E-3
3.041667E-1,1.137505E-3
3.045139E-1,1.136841E-3
3.048611E-1,1.136177E-3
3.052083E-1,1.135512E-3
3.055556E-1,1.134848E-3
3.059028E-1,1.134184E-3
3.062500E-1,1.133519E-3
3.065972E-1,1.132855E-3
3.069444E-1,1.132191E-3
3.072917E-1,1.131526E-3
3.076389E-1,1.130862E-3
3.079861E-1,1.130198E-3
3.083333E-1,1.129533E-3
3.086806E-1,1.128869E-3
3.090278E-1,1.128205E-3
3.093750E-1,1.127540E-3
3.097222E-1,1.126876E-3
3.100694E-1,1.126212E-3
3.104167E-1,1.125547E-3
3.107639E-1,1.124883E-3
3.111111E-1,1.124219E-3
3.114583E-1,1.123554E-3
3.118056E-1,1.122890E-3
3.121528E-1,1.122226E-3
3.125000E-1,1.121561E-3
3.128472E-1,1.120897E-3
3.131944E-1,1.120233E-3
3.135417E-1,1.119568E-3
3.138889E-1,1.118904E-3
3.142361E-1,1.118240E-3
3.145833E-1,1.117575E-3
3.149306E-1,1.116911E-3
3.152778E-1,1.116247E-3
3.156250E-1,1.115582E-3
3.159722E-1,1.114918E-3
3.163194E-1,1.114253E-3
3.166667E-1,1.113589E-3
3.170139E-1,1.112925E-3
3.173611E-1,1.112260E-3
3.177083E-1,1.111596E-3
3.180556E-1,1.110932E-3
3.184028E-1,1.110267E-3
3.187500E-1,1.109603E-3
3.190972E-1,1.108939E-3
3.194444E-1,1.108274E-3
3.197917E-1,1.107610E-3
3.201389E-1,1.106946E-3
3.204861E-1,1.106281E-3
3.208333E-1,1.105617E-3
3.211806E-1,1.104953E-3
3.215278E-1,1.104288E-3
3.218750E-1,1.103624E-3
3.222222E-1,1.102960E-3
3.225694E-1,1.102295E-3
3.229167E-1,1.101631E-3
3.232639E-1,1.100967E-3
3.236111E-1,1.100302E-3
3.239583E-1,1.099638E-3
3.243056E-1,1.098974E-3
3.246528E-1,1.098309E-3
3.250000E-1,1.097645E-3
3.253472E-1,1.096981E-3
3.256944E-1,1.096316E-3
3.260417E-1,1.095652E-3
3.263889E-1,1.094988E-3
3.267361E-1,1.094323E-3
3.270833E-1,1.093659E-3
3.274306E-1,1.092994E-3
3.277778E-1,1.092330E-3
3.281250E-1,1.091666E-3
3.284722E-1,1.091001E-3
3.288194E-1,1.090337E-3
3.291667E-1,1.089673E-3
3.295139E-1,1.089008E-3
3.298611E-1,1.088344E-3
3.302083E-1,1.087680E-3
3.305556E-1,1.087015E-3
3.309028E-1,1.086351E-3
3.312500E-1,1.086238E-3
3.315972E-1,1.086459E-3
3.319444E-1,1.086680E-3
3.322917E-1,1.086902E-3
3.326389E-1,1.087123E-3
3.329861E-1,1.087345E-3
3.333333E-1,1.087566E-3
3.336806E-1,1.087787E-3
3.340278E-1,1.088009E-3
3.343750E-1,1.088230E-3
3.347222E-1,1.088452E-3
3.350694E-1,1.088673E-3
3.354167E-1,1.088894E-3
3.357639E-1,1.089116E-3
3.361111E-1,1.089337E-3
3.364583E-1,1.089559E-3
3.368056E-1,1.089780E-3
3.371528E-1,1.090001E-3
3.375000E-1,1.090223E-3
3.378472E-1,1.090444E-3
3.381944E-1,1.090666E-3
3.385417E-1,1.090887E-3
3.388889E-1,1.091108E-3
3.392361E-1,1.091330E-3
3.395833E-1,1.091551E-3
3.399306E-1,1.091772E-3
3.402778E-1,1.091994E-3
3.406250E-1,1.092215E-3
3.409722E-1,1.092437E-3
3.413194E-1,1.092658E-3
3.416667E-1,1.092879E-3
3.420139E-1,1.093101E-3
3.423611E-1,1.093322E-3
3.427083E-1,1.093544E-3
3.430556E-1,1.093765E-3
3.434028E-1,1.093986E-3
3.437500E-1,1.094208E-3
3.440972E-1,1.094429E-3
3.444444E-1,1.094651E-3
3.447917E-1,1.094872E-3
3.451389E-1,1.095093E-3
3.454861E-1,1.095315E-3
3.458333E-1,1.095536E-3
3.461806E-1,1.095757E-3
3.465278E-1,1.095979E-3
3.468750E-1,1.096200E-3
3.472222E-1,1.096422E-3
3.475694E-1,1.096643E-3
3.479167E-1,1.096864E-3
3.482639E-1,1.097086E-3
3.486111E-1,1.097307E-3
3.489583E-1,1.097529E-3
3.493056E-1,1.097750E-3
3.496528E-1,1.097971E-3
3.500000E-1,1.098193E-3
3.503472E-1,1.098414E-3
3.506944E-1,1.098636E-3
3.510417E-1,1.098857E-3
3.513889E-1,1.099078E-3
3.517361E-1,1.099300E-3
3.520833E-1,1.099521E-3
3.524306E-1,1.099742E-3
3.527778E-1,1.099964E-3
3.531250E-1,1.100185E-3
3.534722E-1,1.100407E-3
3.538194E-1,1.100628E-3
3.541667E-1,1.100849E-3
3.545139E-1,1.101071E-3
3.548611E-1,1.101292E-3
3.552083E-1,1.101514E-3
3.555556E-1,1.101735E-3
3.559028E-1,1.101956E-3
3.562500E-1,1.102178E-3
3.565972E-1,1.102399E-3
3.569444E-1,1.102621E-3
3.572917E-1,1.102842E-3
3.576389E-1,1.103063E-3
3.579861E-1,1.103285E-3
3.583333E-1,1.103506E-3
3.586806E-1,1.103727E-3
3.590278E-1,1.103949E-3
3.593750E-1,1.104170E-3
3.597222E-1,1.104392E-3
3.600694E-1,1.104613E-3
3.604167E-1,1.104834E-3
3.607639E-1,1.105056E-3
3.611111E-1,1.105277E-3
3.614583E-1,1.105499E-3
3.618056E-1,1.105720E-3
3.621528E-1,1.105941E-3
3.625000E-1,1.106163E-3
3.628472E-1,1.106384E-3
3.631944E-1,1.106606E-3
3.635417E-1,1.106827E-3
3.638889E-1,1.107048E-3
3.642361E-1,1.107270E-3
3.645833E-1,1.107491E-3
3.649306E-1,1.107712E-3
3.652778E-1,1.107934E-3
3.656250E-1,1.108155E-3
3.659722E-1,1.108377E-3
3.663194E-1,1.108598E-3
3.666667E-1,1.108819E-3
3.670139E-1,1.109041E-3
3.673611E-1,1.109262E-3
3.677083E-1,1.109484E-3
3.680556E-1,1.109705E-3
3.684028E-1,1.109926E-3
3.687500E-1,1.110148E-3
3.690972E-1,1.110369E-3
3.694444E-1,1.110591E-3
3.697917E-1,1.110812E-3
3.701389E-1,1.111033E-3
3.704861E-1,1.111255E-3
3.708333E-1,1.111476E-3
3.711806E-1,1.111697E-3
3.715278E-1,1.111919E-3
3.718750E-1,1.112140E-3
3.722222E-1,1.112362E-3
3.725694E-1,1.112583E-3
3.729167E-1,1.112804E-3
3.732639E-1,1.113026E-3
3.736111E-1,1.113247E-3
3.739583E-1,1.113469E-3
3.743056E-1,1.113690E-3
3.746528E-1,1.114357E-3
3.750000E-1,1.115154E-3
3.753472E-1,1.115952E-3
3.756944E-1,1.116749E-3
3.760417E-1,1.117546E-3
3.763889E-1,1.118343E-3
3.767361E-1,1.119140E-3
3.770833E-1,1.119938E-3
3.774306E-1,1.120735E-3
3.777778E-1,1.121532E-3
3.781250E-1,1.122329E-3
3.784722E-1,1.123126E-3
3.788194E-1,1.123924E-3
3.791667E-1,1.124721E-3
3.795139E-1,1.125518E-3
3.798611E-1,1.126315E-3
3.802083E-1,1.127112E-3
3.805556E-1,1.127910E-3
3.809028E-1,1.128707E-3
3.812500E-1,1.129504E-3
3.815972E-1,1.130301E-3
3.819444E-1,1.131098E-3
3.822917E-1,1.131896E-3
3.826389E-1,1.132693E-3
3.829861E-1,1.133490E-3
3.833333E-1,1.134287E-3
3.836806E-1,1.135085E-3
3.840278E-1,1.135882E-3
3.843750E-1,1.136679E-3
3.847222E-1,1.137476E-3
3.850694E-1,1.138273E-3
3.854167E-1,1.139071E-3
3.857639E-1,1.139868E-3
3.861111E-1,1.140665E-3
3.864583E-1,1.141462E-3
3.868056E-1,1.142259E-3
3.871528E-1,1.143057E-3
3.875000E-1,1.143854E-3
3.878472E-1,1.144651E-3
3.881944E-1,1.145448E-3
3.885417E-1,1.146245E-3
3.888889E-1,1.147043E-3
3.892361E-1,1.147840E-3
3.895833E-1,1.148637E-3
3.899306E-1,1.149434E-3
3.902778E-1,1.150232E-3
3.906250E-1,1.151029E-3
3.909722E-1,1.151826E-3
3.913194E-1,1.152623E-3
3.916667E-1,1.153420E-3
3.920139E-1,1.154218E-3
3.923611E-1,1.155015E-3
3.927083E-1,1.155812E-3
3.930556E-1,1.156609E-3
3.934028E-1,1.157406E-3
3.937500E-1,1.158204E-3
3.940972E-1,1.159001E-3
3.944444E-1,1.159798E-3
3.947917E-1,1.160595E-3
3.951389E-1,1.161392E-3
3.954861E-1,1.162190E-3
3.958333E-1,1.162987E-3
3.961806E-1,1.163784E-3
3.965278E-1,1.164581E-3
3.968750E-1,1.165379E-3
3.972222E-1,1.166176E-3
3.975694E-1,1.166973E-3
3.979167E-1,1.167770E-3
3.982639E-1,1.168567E-3
3.986111E-1,1.169365E-3
3.989583E-1,1.170162E-3
3.993056E-1,1.170959E-3
3.996528E-1,1.171756E-3
4.000000E-1,1.172553E-3
4.003472E-1,1.173351E-3
4.006944E-1,1.174148E-3
4.010417E-1,1.174945E-3
4.013889E-1,1.175742E-3
4.017361E-1,1.176539E-3
4.020833E-1,1.177337E-3
4.024306E-1,1.178134E-3
4.027778E-1,1.178931E-3
4.031250E-1,1.179728E-3
4.034722E-1,1.180525E-3
4.038194E-1,1.181323E-3
4.041667E-1,1.182120E-3
4.045139E-1,1.182917E-3
4.048611E-1,1.183714E-3
4.052083E-1,1.184512E-3
4.055556E-1,1.185309E-3
4.059028E-1,1.186106E-3
4.062500E-1,1.186903E-3
4.065972E-1,1.187700E-3
4.069444E-1,1.188498E-3
4.072917E-1,1.189295E-3
4.076389E-1,1.190092E-3
4.079861E-1,1.190889E-3
4.083333E-1,1.191686E-3
4.086806E-1,1.192484E-3
4.090278E-1,1.193281E-3
4.093750E-1,1.194078E-3
4.097222E-1,1.194875E-3
4.100694E-1,1.195672E-3
4.104167E-1,1.196470E-3
4.107639E-1,1.197267E-3
4.111111E-1,1.198064E-3
4.114583E-1,1.198861E-3
4.118056E-1,1.199659E-3
4.121528E-1,1.200456E-3
4.125000E-1,1.201253E-3
4.128472E-1,1.202050E-3
4.131944E-1,1.202847E-3
4.135417E-1,1.203645E-3
4.138889E-1,1.204442E-3
4.142361E-1,1.205239E-3
4.145833E-1,1.206036E-3
4.149306E-1,1.206833E-3
4.152778E-1,1.207631E-3
4.156250E-1,1.208428E-3
4.159722E-1,1.209225E-3
4.163194E-1,1.210022E-3
4.166667E-1,1.210819E-3
4.170139E-1,1.211617E-3
4.173611E-1,1.212414E-3
4.177083E-1,1.213211E-3
4.180556E-1,1.214192E-3
4.184028E-1,1.215188E-3
4.187500E-1,1.216184E-3
4.190972E-1,1.217180E-3
4.194444E-1,1.218176E-3
4.197917E-1,1.219172E-3
4.201389E-1,1.220168E-3
4.204861E-1,1.221164E-3
4.208333E-1,1.222160E-3
4.211806E-1,1.223156E-3
4.215278E-1,1.224152E-3
4.218750E-1,1.225148E-3
4.222222E-1,1.226144E-3
4.225694E-1,1.227140E-3
4.229167E-1,1.228136E-3
4.232639E-1,1.229132E-3
4.236111E-1,1.230128E-3
4.239583E-1,1.231124E-3
4.243056E-1,1.232120E-3
4.246528E-1,1.233116E-3
4.250000E-1,1.234112E-3
4.253472E-1,1.235108E-3
4.256944E-1,1.236104E-3
4.260417E-1,1.237100E-3
4.263889E-1,1.238096E-3
4.267361E-1,1.239092E-3
4.270833E-1,1.240088E-3
4.274306E-1,1.241084E-3
4.277778E-1,1.242079E-3
4.281250E-1,1.243075E-3
4.284722E-1,1.244071E-3
4.288194E-1,1.245067E-3
4.291667E-1,1.246063E-3
4.295139E-1,1.247059E-3
4.298611E-1,1.248055E-3
4.302083E-1,1.249051E-3
4.305556E-1,1.250047E-3
4.309028E-1,1.251043E-3
4.312500E-1,1.252039E-3
4.315972E-1,1.253035E-3
4.319444E-1,1.254031E-3
4.322917E-1,1.255027E-3
4.326389E-1,1.256023E-3
4.329861E-1,1.257019E-3
4.333333E-1,1.258015E-3
4.336806E-1,1.259011E-3
4.340278E-1,1.260007E-3
4.343750E-1,1.261003E-3
4.347222E-1,1.261999E-3
4.350694E-1,1.262995E-3
4.354167E-1,1.263991E-3
4.357639E-1,1.264987E-3
4.361111E-1,1.265983E-3
4.364583E-1,1.266979E-3
4.368056E-1,1.267975E-3
4.371528E-1,1.268971E-3
4.375000E-1,1.269967E-3
4.378472E-1,1.270963E-3
4.381944E-1,1.271958E-3
4.385417E-1,1.272954E-3
4.388889E-1,1.273950E-3
4.392361E-1,1.274946E-3
4.395833E-1,1.275942E-3
4.399306E-1,1.276938E-3
4.402778E-1,1.277934E-3
4.406250E-1,1.278930E-3
4.409722E-1,1.279926E-3
4.413194E-1,1.280922E-3
4.416667E-1,1.281918E-3
4.420139E-1,1.282914E-3
4.423611E-1,1.283910E-3
4.427083E-1,1.284906E-3
4.430556E-1,1.285902E-3
4.434028E-1,1.286898E-3
4.437500E-1,1.287894E-3
4.440972E-1,1.288890E-3
4.444444E-1,1.289886E-3
4.447917E-1,1.290882E-3
4.451389E-1,1.291878E-3
4.454861E-1,1.292874E-3
4.458333E-1,1.293870E-3
4.461806E-1,1.294866E-3
4.465278E-1,1.295862E-3
4.468750E-1,1.296858E-3
4.472222E-1,1.297854E-3
4.475694E-1,1.298850E-3
4.479167E-1,1.299846E-3
4.482639E-1,1.300842E-3
4.486111E-1,1.301838E-3
4.489583E-1,1.302834E-3
4.493056E-1,1.303829E-3
4.496528E-1,1.304825E-3
4.500000E-1,1.305821E-3
4.503472E-1,1.306817E-3
4.506944E-1,1.307813E-3
4.510417E-1,1.308809E-3
4.513889E-1,1.309805E-3
4.517361E-1,1.310801E-3
4.520833E-1,1.311797E-3
4.524306E-1,1.312793E-3
4.527778E-1,1.313789E-3
4.531250E-1,1.314785E-3
4.534722E-1,1.315781E-3
4.538194E-1,1.316777E-3
4.541667E-1,1.317773E-3
4.545139E-1,1.318769E-3
4.548611E-1,1.319765E-3
4.552083E-1,1.320761E-3
4.555556E-1,1.321757E-3
4.559028E-1,1.322753E-3
4.562500E-1,1.323749E-3
4.565972E-1,1.324745E-3
4.569444E-1,1.325741E-3
4.572917E-1,1.326737E-3
4.576389E-1,1.327733E-3
4.579861E-1,1.328729E-3
4.583333E-1,1.329725E-3
4.586806E-1,1.330721E-3
4.590278E-1,1.331717E-3
4.593750E-1,1.332713E-3
4.597222E-1,1.333709E-3
4.600694E-1,1.334704E-3
4.604167E-1,1.335700E-3
4.607639E-1,1.336696E-3
4.611111E-1,1.337692E-3
4.614583E-1,1.338688E-3
4.618056E-1,1.339684E-3
4.621528E-1,1.340541E-3
4.625000E-1,1.340958E-3
4.628472E-1,1.341376E-3
4.631944E-1,1.341794E-3
4.635417E-1,1.342211E-3
4.638889E-1,1.342629E-3
4.642361E-1,1.343047E-3
4.645833E-1,1.343464E-3
4.649306E-1,1.343882E-3
4.652778E-1,1.344299E-3
4.656250E-1,1.344717E-3
4.659722E-1,1.345135E-3
4.663194E-1,1.345552E-3
4.666667E-1,1.345970E-3
4.670139E-1,1.346388E-3
4.673611E-1,1.346805E-3
4.677083E-1,1.347223E-3
4.680556E-1,1.347641E-3
4.684028E-1,1.348058E-3
4.687500E-1,1.348476E-3
4.690972E-1,1.348893E-3
4.694444E-1,1.349311E-3
4.697917E-1,1.349729E-3
4.701389E-1,1.350146E-3
4.704861E-1,1.350564E-3
4.708333E-1,1.350982E-3
4.711806E-1,1.351399E-3
4.715278E-1,1.351817E-3
4.718750E-1,1.352235E-3
4.722222E-1,1.352652E-3
4.725694E-1,1.353070E-3
4.729167E-1,1.353487E-3
4.732639E-1,1.353905E-3
4.736111E-1,1.354323E-3
4.739583E-1,1.354740E-3
4.743056E-1,1.355158E-3
4.746528E-1,1.355576E-3
4.750000E-1,1.355993E-3
4.753472E-1,1.356411E-3
4.756944E-1,1.356828E-3
4.760417E-1,1.357246E-3
4.763889E-1,1.357664E-3
4.767361E-1,1.358081E-3
4.770833E-1,1.358499E-3
4.774306E-1,1.358917E-3
4.777778E-1,1.359334E-3
4.781250E-1,1.359752E-3
4.784722E-1,1.360170E-3
4.788194E-1,1.360587E-3
4.791667E-1,1.361005E-3
4.795139E-1,1.361422E-3
4.798611E-1,1.361840E-3
4.802083E-1,1.362258E-3
4.805556E-1,1.362675E-3
4.809028E-1,1.363093E-3
4.812500E-1,1.363511E-3
4.815972E-1,1.363928E-3
4.819444E-1,1.364346E-3
4.822917E-1,1.364764E-3
4.826389E-1,1.365181E-3
4.829861E-1,1.365599E-3
4.833333E-1,1.366016E-3
4.836806E-1,1.366434E-3
4.840278E-1,1.366852E-3
4.843750E-1,1.367269E-3
4.847222E-1,1.367687E-3
4.850694E-1,1.368105E-3
4.854167E-1,1.368522E-3
4.857639E-1,1.368940E-3
4.861111E-1,1.369357E-3
4.864583E-1,1.369775E-3
4.868056E-1,1.370193E-3
4.871528E-1,1.370610E-3
4.875000E-1,1.371028E-3
4.878472E-1,1.371446E-3
4.881944E-1,1.371863E-3
4.885417E-1,1.372281E-3
4.888889E-1,1.372699E-3
4.892361E-1,1.373116E-3
4.895833E-1,1.373534E-3
4.899306E-1,1.373951E-3
4.902778E-1,1.374369E-3
4.906250E-1,1.374787E-3
4.909722E-1,1.375204E-3
4.913194E-1,1.375622E-3
4.916667E-1,1.376040E-3
4.920139E-1,1.376457E-3
4.923611E-1,1.376875E-3
4.927083E-1,1.377292E-3
4.930556E-1,1.377710E-3
4.934028E-1,1.378128E-3
4.937500E-1,1.378545E-3
4.940972E-1,1.378963E-3
4.944444E-1,1.379381E-3
4.947917E-1,1.379798E-3
4.951389E-1,1.380216E-3
4.954861E-1,1.380634E-3
4.958333E-1,1.381051E-3
4.961806E-1,1.381469E-3
4.965278E-1,1.381886E-3
4.968750E-1,1.382304E-3
4.972222E-1,1.382722E-3
4.975694E-1,1.383139E-3
4.979167E-1,1.383557E-3
4.982639E-1,1.383975E-3
4.986111E-1,1.384392E-3
4.989583E-1,1.384810E-3
4.993056E-1,1.385228E-3
4.996528E-1,1.385645E-3
5.000000E-1,1.386063E-3
5.003472E-1,1.386480E-3
5.006944E-1,1.386898E-3
5.010417E-1,1.387316E-3
5.013889E-1,1.387733E-3
5.017361E-1,1.388151E-3
5.020833E-1,1.388569E-3
5.024306E-1,1.388986E-3
5.027778E-1,1.389404E-3
5.031250E-1,1.389822E-3
5.034722E-1,1.390166E-3
5.038194E-1,1.389530E-3
5.041667E-1,1.388895E-3
5.045139E-1,1.388259E-3
5.048611E-1,1.387624E-3
5.052083E-1,1.386988E-3
5.055556E-1,1.386353E-3
5.059028E-1,1.385718E-3
5.062500E-1,1.385082E-3
5.065972E-1,1.384447E-3
5.069444E-1,1.383811E-3
5.072917E-1,1.383176E-3
5.076389E-1,1.382540E-3
5.079861E-1,1.381905E-3
5.083333E-1,1.381269E-3
5.086806E-1,1.380634E-3
5.090278E-1,1.379998E-3
5.093750E-1,1.379363E-3
5.097222E-1,1.378728E-3
5.100694E-1,1.378092E-3
5.104167E-1,1.377457E-3
5.107639E-1,1.376821E-3
5.111111E-1,1.376186E-3
5.114583E-1,1.375550E-3
5.118056E-1,1.374915E-3
5.121528E-1,1.374279E-3
5.125000E-1,1.373644E-3
5.128472E-1,1.373009E-3
5.131944E-1,1.372373E-3
5.135417E-1,1.371738E-3
5.138889E-1,1.371102E-3
5.142361E-1,1.370467E-3
5.145833E-1,1.369831E-3
5.149306E-1,1.369196E-3
5.152778E-1,1.368560E-3
5.156250E-1,1.367925E-3
5.159722E-1,1.367289E-3
5.163194E-1,1.366654E-3
5.166667E-1,1.366019E-3
5.170139E-1,1.365383E-3
5.173611E-1,1.364748E-3
5.177083E-1,1.364112E-3
5.180556E-1,1.363477E-3
5.184028E-1,1.362841E-3
5.187500E-1,1.362206E-3
5.190972E-1,1.361570E-3
5.194444E-1,1.360935E-3
5.197917E-1,1.360299E-3
5.201389E-1,1.359664E-3
5.204861E-1,1.359029E-3
5.208333E-1,1.358393E-3
5.211806E-1,1.357758E-3
5.215278E-1,1.357122E-3
5.218750E-1,1.356487E-3
5.222222E-1,1.355851E-3
5.225694E-1,1.355216E-3
5.229167E-1,1.354580E-3
5.232639E-1,1.353945E-3
5.236111E-1,1.353310E-3
5.239583E-1,1.352674E-3
5.243056E-1,1.352039E-3
5.246528E-1,1.351403E-3
5.250000E-1,1.350768E-3
5.253472E-1,1.350132E-3
5.256944E-1,1.349497E-3
5.260417E-1,1.348861E-3
5.263889E-1,1.348226E-3
5.267361E-1,1.347590E-3
5.270833E-1,1.346955E-3
5.274306E-1,1.346320E-3
5.277778E-1,1.345684E-3
5.281250E-1,1.345049E-3
5.284722E-1,1.344413E-3
5.288194E-1,1.343778E-3
5.291667E-1,1.343142E-3
5.295139E-1,1.342507E-3
5.298611E-1,1.341871E-3
5.302083E-1,1.341236E-3
5.305556E-1,1.340601E-3
5.309028E-1,1.339965E-3
5.312500E-1,1.339330E-3
5.315972E-1,1.338694E-3
5.319444E-1,1.338059E-3
5.322917E-1,1.337423E-3
5.326389E-1,1.336788E-3
5.329861E-1,1.336152E-3
5.333333E-1,1.335517E-3
5.336806E-1,1.334881E-3
5.340278E-1,1.334246E-3
5.343750E-1,1.333611E-3
5.347222E-1,1.332975E-3
5.350694E-1,1.332340E-3
5.354167E-1,1.331704E-3
5.357639E-1,1.331069E-3
5.361111E-1,1.330433E-3
5.364583E-1,1.329798E-3
5.368056E-1,1.329162E-3
5.371528E-1,1.328527E-3
5.375000E-1,1.327892E-3
5.378472E-1,1.327256E-3
5.381944E-1,1.326621E-3
5.385417E-1,1.325985E-3
5.388889E-1,1.325350E-3
5.392361E-1,1.324714E-3
5.395833E-1,1.324079E-3
5.399306E-1,1.323443E-3
5.402778E-1,1.322808E-3
5.406250E-1,1.322172E-3
5.409722E-1,1.321537E-3
5.413194E-1,1.320902E-3
5.416667E-1,1.320266E-3
5.420139E-1,1.319631E-3
5.423611E-1,1.318995E-3
5.427083E-1,1.318360E-3
5.430556E-1,1.317724E-3
5.434028E-1,1.317089E-3
5.437500E-1,1.316453E-3
5.440972E-1,1.315818E-3
5.444444E-1,1.315183E-3
5.447917E-1,1.314547E-3
5.451389E-1,1.313912E-3
5.454861E-1,1.313276E-3
5.458333E-1,1.312641E-3
5.461806E-1,1.312005E-3
5.465278E-1,1.311370E-3
5.468750E-1,1.310734E-3
5.472222E-1,1.310099E-3
5.475694E-1,1.309463E-3
5.479167E-1,1.308828E-3
5.482639E-1,1.308193E-3
5.486111E-1,1.307557E-3
5.489583E-1,1.307537E-3
5.493056E-1,1.308024E-3
5.496528E-1,1.308511E-3
5.500000E-1,1.308998E-3
5.503472E-1,1.309486E-3
5.506944E-1,1.309973E-3
5.510417E-1,1.310460E-3
5.513889E-1,1.310947E-3
5.517361E-1,1.311434E-3
5.520833E-1,1.311921E-3
5.524306E-1,1.312409E-3
5.527778E-1,1.312896E-3
5.531250E-1,1.313383E-3
5.534722E-1,1.313870E-3
5.538194E-1,1.314357E-3
5.541667E-1,1.314844E-3
5.545139E-1,1.315331E-3
5.548611E-1,1.315819E-3
5.552083E-1,1.316306E-3
5.555556E-1,1.316793E-3
5.559028E-1,1.317280E-3
5.562500E-1,1.317767E-3
5.565972E-1,1.318254E-3
5.569444E-1,1.318742E-3
5.572917E-1,1.319229E-3
5.576389E-1,1.319716E-3
5.579861E-1,1.320203E-3
5.583333E-1,1.320690E-3
5.586806E-1,1.321177E-3
5.590278E-1,1.321664E-3
5.593750E-1,1.322152E-3
5.597222E-1,1.322639E-3
5.600694E-1,1.323126E-3
5.604167E-1,1.323613E-3
5.607639E-1,1.324100E-3
5.611111E-1,1.324587E-3
5.614583E-1,1.325075E-3
5.618056E-1,1.325562E-3
5.621528E-1,1.326049E-3
5.625000E-1,1.326536E-3
5.628472E-1,1.327023E-3
5.631944E-1,1.327510E-3
5.635417E-1,1.327997E-3
5.638889E-1,1.328485E-3
5.642361E-1,1.328972E-3
5.645833E-1,1.329459E-3
5.649306E-1,1.329946E-3
5.652778E-1,1.330433E-3
5.656250E-1,1.330920E-3
5.659722E-1,1.331408E-3
5.663194E-1,1.331895E-3
5.666667E-1,1.332382E-3
5.670139E-1,1.332869E-3
5.673611E-1,1.333356E-3
5.677083E-1,1.333843E-3
5.680556E-1,1.334330E-3
5.684028E-1,1.334818E-3
5.687500E-1,1.335305E-3
5.690972E-1,1.335792E-3
5.694444E-1,1.336279E-3
5.697917E-1,1.336766E-3
5.701389E-1,1.337253E-3
5.704861E-1,1.337740E-3
5.708333E-1,1.338228E-3
5.711806E-1,1.338715E-3
5.715278E-1,1.339202E-3
5.718750E-1,1.339689E-3
5.722222E-1,1.340176E-3
5.725694E-1,1.340663E-3
5.729167E-1,1.341151E-3
5.732639E-1,1.341638E-3
5.736111E-1,1.342125E-3
5.739583E-1,1.342612E-3
5.743056E-1,1.343099E-3
5.746528E-1,1.343586E-3
5.750000E-1,1.344073E-3
5.753472E-1,1.344561E-3
5.756944E-1,1.345048E-3
5.760417E-1,1.345535E-3
5.763889E-1,1.346022E-3
5.767361E-1,1.346509E-3
5.770833E-1,1.346996E-3
5.774306E-1,1.347484E-3
5.777778E-1,1.347971E-3
5.781250E-1,1.348458E-3
5.784722E-1,1.348945E-3
5.788194E-1,1.349432E-3
5.791667E-1,1.349919E-3
5.795139E-1,1.350406E-3
5.798611E-1,1.350894E-3
5.802083E-1,1.351381E-3
5.805556E-1,1.351868E-3
5.809028E-1,1.352355E-3
5.812500E-1,1.352842E-3
5.815972E-1,1.353329E-3
5.819444E-1,1.353817E-3
5.822917E-1,1.354304E-3
5.826389E-1,1.354791E-3
5.829861E-1,1.355278E-3
5.833333E-1,1.355765E-3
5.836806E-1,1.356252E-3
5.840278E-1,1.356739E-3
5.843750E-1,1.357227E-3
5.847222E-1,1.357714E-3
5.850694E-1,1.358201E-3
5.854167E-1,1.358688E-3
5.857639E-1,1.359175E-3
5.861111E-1,1.359662E-3
5.864583E-1,1.360149E-3
5.868056E-1,1.360637E-3
5.871528E-1,1.361124E-3
5.875000E-1,1.361611E-3
5.878472E-1,1.362098E-3
5.881944E-1,1.362585E-3
5.885417E-1,1.363072E-3
5.888889E-1,1.363560E-3
5.892361E-1,1.364047E-3
5.895833E-1,1.364534E-3
5.899306E-1,1.365021E-3
5.902778E-1,1.365508E-3
5.906250E-1,1.365995E-3
5.909722E-1,1.366482E-3
5.913194E-1,1.366970E-3
5.916667E-1,1.367457E-3
5.920139E-1,1.367944E-3
5.923611E-1,1.367764E-3
5.927083E-1,1.367298E-3
5.930556E-1,1.366832E-3
5.934028E-1,1.366366E-3
5.937500E-1,1.365900E-3
5.940972E-1,1.365434E-3
5.944444E-1,1.364968E-3
5.947917E-1,1.364502E-3
5.951389E-1,1.364036E-3
5.954861E-1,1.363570E-3
5.958333E-1,1.363104E-3
5.961806E-1,1.362638E-3
5.965278E-1,1.362172E-3
5.968750E-1,1.361706E-3
5.972222E-1,1.361240E-3
5.975694E-1,1.360774E-3
5.979167E-1,1.360308E-3
5.982639E-1,1.359842E-3
5.986111E-1,1.359376E-3
5.989583E-1,1.358910E-3
5.993056E-1,1.358444E-3
5.996528E-1,1.357978E-3
6.000000E-1,1.357512E-3
6.003472E-1,1.357046E-3
6.006944E-1,1.356580E-3
6.010417E-1,1.356114E-3
6.013889E-1,1.355648E-3
6.017361E-1,1.355182E-3
6.020833E-1,1.354716E-3
6.024306E-1,1.354250E-3
6.027778E-1,1.353784E-3
6.031250E-1,1.353318E-3
6.034722E-1,1.352852E-3
6.038194E-1,1.352387E-3
6.041667E-1,1.351921E-3
6.045139E-1,1.351455E-3
6.048611E-1,1.350989E-3
6.052083E-1,1.350523E-3
6.055556E-1,1.350057E-3
6.059028E-1,1.349591E-3
6.062500E-1,1.349125E-3
6.065972E-1,1.348659E-3
6.069444E-1,1.348193E-3
6.072917E-1,1.347727E-3
6.076389E-1,1.347261E-3
6.079861E-1,1.346795E-3
6.083333E-1,1.346329E-3
6.086806E-1,1.345863E-3
6.090278E-1,1.345397E-3
6.093750E-1,1.344931E-3
6.097222E-1,1.344465E-3
6.100694E-1,1.343999E-3
6.104167E-1,1.343533E-3
6.107639E-1,1.343067E-3
6.111111E-1,1.342601E-3
6.114583E-1,1.342135E-3
6.118056E-1,1.341669E-3
6.121528E-1,1.341203E-3
6.125000E-1,1.340737E-3
6.128472E-1,1.340271E-3
6.131944E-1,1.339805E-3
6.135417E-1,1.339339E-3
6.138889E-1,1.338873E-3
6.142361E-1,1.338407E-3
6.145833E-1,1.337941E-3
6.149306E-1,1.337475E-3
6.152778E-1,1.337009E-3
6.156250E-1,1.336543E-3
6.159722E-1,1.336077E-3
6.163194E-1,1.335611E-3
6.166667E-1,1.335145E-3
6.170139E-1,1.334679E-3
6.173611E-1,1.334213E-3
6.177083E-1,1.333747E-3
6.180556E-1,1.333281E-3
6.184028E-1,1.332816E-3
6.187500E-1,1.332350E-3
6.190972E-1,1.331884E-3
6.194444E-1,1.331418E-3
6.197917E-1,1.330952E-3
6.201389E-1,1.330486E-3
6.204861E-1,1.330020E-3
6.208333E-1,1.329554E-3
6.211806E-1,1.329088E-3
6.215278E-1,1.328622E-3
6.218750E-1,1.328156E-3
6.222222E-1,1.327690E-3
6.225694E-1,1.327224E-3
6.229167E-1,1.326758E-3
6.232639E-1,1.326292E-3
6.236111E-1,1.325826E-3
6.239583E-1,1.325360E-3
6.243056E-1,1.324894E-3
6.246528E-1,1.324428E-3
6.250000E-1,1.323962E-3
6.253472E-1,1.323496E-3
6.256944E-1,1.323030E-3
6.260417E-1,1.322564E-3
6.263889E-1,1.322098E-3
6.267361E-1,1.321632E-3
6.270833E-1,1.321166E-3
6.274306E-1,1.320700E-3
6.277778E-1,1.320234E-3
6.281250E-1,1.319768E-3
6.284722E-1,1.319302E-3
6.288194E-1,1.318836E-3
6.291667E-1,1.318370E-3
6.295139E-1,1.317904E-3
6.298611E-1,1.317438E-3
6.302083E-1,1.316972E-3
6.305556E-1,1.316506E-3
6.309028E-1,1.316040E-3
6.312500E-1,1.315574E-3
6.315972E-1,1.315108E-3
6.319444E-1,1.314642E-3
6.322917E-1,1.314176E-3
6.326389E-1,1.313710E-3
6.329861E-1,1.313244E-3
6.333333E-1,1.312779E-3
6.336806E-1,1.312313E-3
6.340278E-1,1.311847E-3
6.343750E-1,1.311381E-3
6.347222E-1,1.310915E-3
6.350694E-1,1.310449E-3
6.354167E-1,1.309983E-3
6.357639E-1,1.309517E-3
6.361111E-1,1.309051E-3
6.364583E-1,1.308585E-3
6.368056E-1,1.308119E-3
6.371528E-1,1.307653E-3
6.375000E-1,1.307245E-3
6.378472E-1,1.307106E-3
6.381944E-1,1.306967E-3
6.385417E-1,1.306828E-3
6.388889E-1,1.306688E-3
6.392361E-1,1.306549E-3
6.395833E-1,1.306410E-3
6.399306E-1,1.306271E-3
6.402778E-1,1.306131E-3
6.406250E-1,1.305992E-3
6.409722E-1,1.305853E-3
6.413194E-1,1.305714E-3
6.416667E-1,1.305575E-3
6.420139E-1,1.305435E-3
6.423611E-1,1.305296E-3
6.427083E-1,1.305157E-3
6.430556E-1,1.305018E-3
6.434028E-1,1.304879E-3
6.437500E-1,1.304739E-3
6.440972E-1,1.304600E-3
6.444444E-1,1.304461E-3
6.447917E-1,1.304322E-3
6.451389E-1,1.304183E-3
6.454861E-1,1.304043E-3
6.458333E-1,1.303904E-3
6.461806E-1,1.303765E-3
6.465278E-1,1.303626E-3
6.468750E-1,1.303487E-3
6.472222E-1,1.303347E-3
6.475694E-1,1.303208E-3
6.479167E-1,1.303069E-3
6.482639E-1,1.302930E-3
6.486111E-1,1.302790E-3
6.489583E-1,1.302651E-3
6.493056E-1,1.302512E-3
6.496528E-1,1.302373E-3
6.500000E-1,1.302234E-3
6.503472E-1,1.302094E-3
6.506944E-1,1.301955E-3
6.510417E-1,1.301816E-3
6.513889E-1,1.301677E-3
6.517361E-1,1.301538E-3
6.520833E-1,1.301398E-3
6.524306E-1,1.301259E-3
6.527778E-1,1.301120E-3
6.531250E-1,1.300981E-3
6.534722E-1,1.300842E-3
6.538194E-1,1.300702E-3
6.541667E-1,1.300563E-3
6.545139E-1,1.300424E-3
6.548611E-1,1.300285E-3
6.552083E-1,1.300146E-3
6.555556E-1,1.300006E-3
6.559028E-1,1.299867E-3
6.562500E-1,1.299728E-3
6.565972E-1,1.299589E-3
6.569444E-1,1.299450E-3
6.572917E-1,1.299310E-3
6.576389E-1,1.299171E-3
6.579861E-1,1.299032E-3
6.583333E-1,1.298893E-3
6.586806E-1,1.298753E-3
6.590278E-1,1.298614E-3
6.593750E-1,1.298475E-3
6.597222E-1,1.298336E-3
6.600694E-1,1.298197E-3
6.604167E-1,1.298057E-3
6.607639E-1,1.297918E-3
6.611111E-1,1.297779E-3
6.614583E-1,1.297640E-3
6.618056E-1,1.297501E-3
6.621528E-1,1.297361E-3
6.625000E-1,1.297222E-3
6.628472E-1,1.297083E-3
6.631944E-1,1.296944E-3
6.635417E-1,1.296805E-3
6.638889E-1,1.296665E-3
6.642361E-1,1.296526E-3
6.645833E-1,1.296387E-3
6.649306E-1,1.296248E-3
6.652778E-1,1.296109E-3
6.656250E-1,1.295969E-3
6.659722E-1,1.295830E-3
6.663194E-1,1.295691E-3
6.666667E-1,1.295552E-3
6.670139E-1,1.295412E-3
6.673611E-1,1.295273E-3
6.677083E-1,1.295134E-3
6.680556E-1,1.294995E-3
6.684028E-1,1.294856E-3
6.687500E-1,1.294716E-3
6.690972E-1,1.294577E-3
6.694444E-1,1.294438E-3
6.697917E-1,1.294299E-3
6.701389E-1,1.294160E-3
6.704861E-1,1.294020E-3
6.708333E-1,1.293881E-3
6.711806E-1,1.293742E-3
6.715278E-1,1.293603E-3
6.718750E-1,1.293464E-3
6.722222E-1,1.293324E-3
6.725694E-1,1.293185E-3
6.729167E-1,1.293046E-3
6.732639E-1,1.292907E-3
6.736111E-1,1.292768E-3
6.739583E-1,1.292628E-3
6.743056E-1,1.292489E-3
6.746528E-1,1.292350E-3
6.750000E-1,1.292211E-3
6.753472E-1,1.292071E-3
6.756944E-1,1.291932E-3
6.760417E-1,1.291793E-3
6.763889E-1,1.291654E-3
6.767361E-1,1.291515E-3
6.770833E-1,1.291375E-3
6.774306E-1,1.291236E-3
6.777778E-1,1.291097E-3
6.781250E-1,1.290958E-3
6.784722E-1,1.290819E-3
6.788194E-1,1.290677E-3
6.791667E-1,1.289984E-3
6.795139E-1,1.289291E-3
6.798611E-1,1.288598E-3
6.802083E-1,1.287906E-3
6.805556E-1,1.287213E-3
6.809028E-1,1.286520E-3
6.812500E-1,1.285827E-3
6.815972E-1,1.285134E-3
6.819444E-1,1.284441E-3
6.822917E-1,1.283748E-3
6.826389E-1,1.283055E-3
6.829861E-1,1.282363E-3
6.833333E-1,1.281670E-3
6.836806E-1,1.280977E-3
6.840278E-1,1.280284E-3
6.843750E-1,1.279591E-3
6.847222E-1,1.278898E-3
6.850694E-1,1.278205E-3
6.854167E-1,1.277512E-3
6.857639E-1,1.276820E-3
6.861111E-1,1.276127E-3
6.864583E-1,1.275434E-3
6.868056E-1,1.274741E-3
6.871528E-1,1.274048E-3
6.875000E-1,1.273355E-3
6.878472E-1,1.272662E-3
6.881944E-1,1.271969E-3
6.885417E-1,1.271277E-3
6.888889E-1,1.270584E-3
6.892361E-1,1.269891E-3
6.895833E-1,1.269198E-3
6.899306E-1,1.268505E-3
6.902778E-1,1.267812E-3
6.906250E-1,1.267119E-3
6.909722E-1,1.266426E-3
6.913194E-1,1.265734E-3
6.916667E-1,1.265041E-3
6.920139E-1,1.264348E-3
6.923611E-1,1.263655E-3
6.927083E-1,1.262962E-3
6.930556E-1,1.262269E-3
6.934028E-1,1.261576E-3
6.937500E-1,1.260883E-3
6.940972E-1,1.260190E-3
6.944444E-1,1.259498E-3
6.947917E-1,1.258805E-3
6.951389E-1,1.258112E-3
6.954861E-1,1.257419E-3
6.958333E-1,1.256726E-3
6.961806E-1,1.256033E-3
6.965278E-1,1.255340E-3
6.968750E-1,1.254647E-3
6.972222E-1,1.253955E-3
6.975694E-1,1.253262E-3
6.979167E-1,1.252569E-3
6.982639E-1,1.251876E-3
6.986111E-1,1.251183E-3
6.989583E-1,1.250490E-3
6.993056E-1,1.249797E-3
6.996528E-1,1.249104E-3
7.000000E-1,1.248412E-3
7.003472E-1,1.247719E-3
7.006944E-1,1.247026E-3
7.010417E-1,1.246333E-3
7.013889E-1,1.245640E-3
7.017361E-1,1.244947E-3
7.020833E-1,1.244254E-3
7.024306E-1,1.243561E-3
7.027778E-1,1.242869E-3
7.031250E-1,1.242176E-3
7.034722E-1,1.241483E-3
7.038194E-1,1.240790E-3
7.041667E-1,1.240097E-3
7.045139E-1,1.239404E-3
7.048611E-1,1.238711E-3
7.052083E-1,1.238018E-3
7.055556E-1,1.237325E-3
7.059028E-1,1.236633E-3
7.062500E-1,1.235940E-3
7.065972E-1,1.235247E-3
7.069444E-1,1.234554E-3
7.072917E-1,1.233861E-3
7.076389E-1,1.233168E-3
7.079861E-1,1.232475E-3
7.083333E-1,1.231782E-3
7.086806E-1,1.231090E-3
7.090278E-1,1.230397E-3
7.093750E-1,1.229704E-3
7.097222E-1,1.229011E-3
7.100694E-1,1.228318E-3
7.104167E-1,1.227625E-3
7.107639E-1,1.226932E-3
7.111111E-1,1.226239E-3
7.114583E-1,1.225547E-3
7.118056E-1,1.224854E-3
7.121528E-1,1.224161E-3
7.125000E-1,1.223468E-3
7.128472E-1,1.222775E-3
7.131944E-1,1.222082E-3
7.135417E-1,1.221389E-3
7.138889E-1,1.220696E-3
7.142361E-1,1.220004E-3
7.145833E-1,1.219311E-3
7.149306E-1,1.218618E-3
7.152778E-1,1.217925E-3
7.156250E-1,1.217232E-3
7.159722E-1,1.216539E-3
7.163194E-1,1.215846E-3
7.166667E-1,1.215153E-3
7.170139E-1,1.214461E-3
7.173611E-1,1.213768E-3
7.177083E-1,1.213075E-3
7.180556E-1,1.212382E-3
7.184028E-1,1.211689E-3
7.187500E-1,1.210996E-3
7.190972E-1,1.210303E-3
7.194444E-1,1.209610E-3
7.197917E-1,1.208917E-3
7.201389E-1,1.208225E-3
7.204861E-1,1.207532E-3
7.208333E-1,1.206839E-3
7.211806E-1,1.206146E-3
7.215278E-1,1.205453E-3
7.218750E-1,1.204760E-3
7.222222E-1,1.204067E-3
7.225694E-1,1.203374E-3
7.229167E-1,1.202682E-3
7.232639E-1,1.202369E-3
7.236111E-1,1.202868E-3
7.239583E-1,1.203366E-3
7.243056E-1,1.203865E-3
7.246528E-1,1.204363E-3
7.250000E-1,1.204862E-3
7.253472E-1,1.205360E-3
7.256944E-1,1.205859E-3
7.260417E-1,1.206357E-3
7.263889E-1,1.206856E-3
7.267361E-1,1.207354E-3
7.270833E-1,1.207853E-3
7.274306E-1,1.208351E-3
7.277778E-1,1.208850E-3
7.281250E-1,1.209348E-3
7.284722E-1,1.209847E-3
7.288194E-1,1.210345E-3
7.291667E-1,1.210844E-3
7.295139E-1,1.211342E-3
7.298611E-1,1.211841E-3
7.302083E-1,1.212339E-3
7.305556E-1,1.212838E-3
7.309028E-1,1.213336E-3
7.312500E-1,1.213834E-3
7.315972E-1,1.214333E-3
7.319444E-1,1.214831E-3
7.322917E-1,1.215330E-3
7.326389E-1,1.215828E-3
7.329861E-1,1.216327E-3
7.333333E-1,1.216825E-3
7.336806E-1,1.217324E-3
7.340278E-1,1.217822E-3
7.343750E-1,1.218321E-3
7.347222E-1,1.218819E-3
7.350694E-1,1.219318E-3
7.354167E-1,1.219816E-3
7.357639E-1,1.220315E-3
7.361111E-1,1.220813E-3
7.364583E-1,1.221312E-3
7.368056E-1,1.221810E-3
7.371528E-1,1.222309E-3
7.375000E-1,1.222807E-3
7.378472E-1,1.223306E-3
7.381944E-1,1.223804E-3
7.385417E-1,1.224303E-3
7.388889E-1,1.224801E-3
7.392361E-1,1.225300E-3
7.395833E-1,1.225798E-3
7.399306E-1,1.226297E-3
7.402778E-1,1.226795E-3
7.406250E-1,1.227294E-3
7.409722E-1,1.227792E-3
7.413194E-1,1.228291E-3
7.416667E-1,1.228789E-3
7.420139E-1,1.229288E-3
7.423611E-1,1.229786E-3
7.427083E-1,1.230285E-3
7.430556E-1,1.230783E-3
7.434028E-1,1.231282E-3
7.437500E-1,1.231780E-3
7.440972E-1,1.232279E-3
7.444444E-1,1.232777E-3
7.447917E-1,1.233276E-3
7.451389E-1,1.233774E-3
7.454861E-1,1.234273E-3
7.458333E-1,1.234771E-3
7.461806E-1,1.235270E-3
7.465278E-1,1.235768E-3
7.468750E-1,1.236267E-3
7.472222E-1,1.236765E-3
7.475694E-1,1.237264E-3
7.479167E-1,1.237762E-3
7.482639E-1,1.238261E-3
7.486111E-1,1.238759E-3
7.489583E-1,1.239257E-3
7.493056E-1,1.239756E-3
7.496528E-1,1.240254E-3
7.500000E-1,1.240753E-3
7.503472E-1,1.241251E-3
7.506944E-1,1.241750E-3
7.510417E-1,1.242248E-3
7.513889E-1,1.242747E-3
7.517361E-1,1.243245E-3
7.520833E-1,1.243744E-3
7.524306E-1,1.244242E-3
7.527778E-1,1.244741E-3
7.531250E-1,1.245239E-3
7.534722E-1,1.245738E-3
7.538194E-1,1.246236E-3
7.541667E-1,1.246735E-3
7.545139E-1,1.247233E-3
7.548611E-1,1.247732E-3
7.552083E-1,1.248230E-3
7.555556E-1,1.248729E-3
7.559028E-1,1.249227E-3
7.562500E-1,1.249726E-3
7.565972E-1,1.250224E-3
7.569444E-1,1.250723E-3
7.572917E-1,1.251221E-3
7.576389E-1,1.251720E-3
7.579861E-1,1.252218E-3
7.583333E-1,1.252717E-3
7.586806E-1,1.253215E-3
7.590278E-1,1.253714E-3
7.593750E-1,1.254212E-3
7.597222E-1,1.254711E-3
7.600694E-1,1.255209E-3
7.604167E-1,1.255708E-3
7.607639E-1,1.256206E-3
7.611111E-1,1.256705E-3
7.614583E-1,1.257203E-3
7.618056E-1,1.257702E-3
7.621528E-1,1.258200E-3
7.625000E-1,1.258699E-3
7.628472E-1,1.259197E-3
7.631944E-1,1.259696E-3
7.635417E-1,1.260194E-3
7.638889E-1,1.260693E-3
7.642361E-1,1.261191E-3
7.645833E-1,1.261690E-3
7.649306E-1,1.262188E-3
7.652778E-1,1.262687E-3
7.656250E-1,1.263185E-3
7.659722E-1,1.263684E-3
7.663194E-1,1.264182E-3
7.666667E-1,1.264681E-3
7.670139E-1,1.265179E-3
7.673611E-1,1.265678E-3
7.677083E-1,1.266176E-3
7.680556E-1,1.266674E-3
7.684028E-1,1.267173E-3
7.687500E-1,1.267671E-3
7.690972E-1,1.268170E-3
7.694444E-1,1.268668E-3
7.697917E-1,1.269167E-3
7.701389E-1,1.269665E-3
7.704861E-1,1.270164E-3
7.708333E-1,1.270662E-3
7.711806E-1,1.271161E-3
7.715278E-1,1.271659E-3
7.718750E-1,1.272158E-3
7.722222E-1,1.272656E-3
7.725694E-1,1.273155E-3
7.729167E-1,1.273653E-3
7.732639E-1,1.274152E-3
7.736111E-1,1.274650E-3
7.739583E-1,1.275149E-3
7.743056E-1,1.275647E-3
7.746528E-1,1.276146E-3
7.750000E-1,1.276644E-3
7.753472E-1,1.277143E-3
7.756944E-1,1.277641E-3
7.760417E-1,1.278140E-3
7.763889E-1,1.278638E-3
7.767361E-1,1.279137E-3
7.770833E-1,1.279635E-3
7.774306E-1,1.280134E-3
7.777778E-1,1.280632E-3
7.781250E-1,1.281131E-3
7.784722E-1,1.281629E-3
7.788194E-1,1.282128E-3
7.791667E-1,1.282626E-3
7.795139E-1,1.283125E-3
7.798611E-1,1.283623E-3
7.802083E-1,1.284122E-3
7.805556E-1,1.284620E-3
7.809028E-1,1.285119E-3
7.812500E-1,1.285617E-3
7.815972E-1,1.286116E-3
7.819444E-1,1.286614E-3
7.822917E-1,1.287113E-3
7.826389E-1,1.287611E-3
7.829861E-1,1.288110E-3
7.833333E-1,1.288608E-3
7.836806E-1,1.289107E-3
7.840278E-1,1.289605E-3
7.843750E-1,1.290104E-3
7.847222E-1,1.290602E-3
7.850694E-1,1.291101E-3
7.854167E-1,1.291599E-3
7.857639E-1,1.292098E-3
7.861111E-1,1.292596E-3
7.864583E-1,1.293094E-3
7.868056E-1,1.293593E-3
7.871528E-1,1.294091E-3
7.875000E-1,1.294590E-3
7.878472E-1,1.295088E-3
7.881944E-1,1.295587E-3
7.885417E-1,1.296085E-3
7.888889E-1,1.296584E-3
7.892361E-1,1.297082E-3
7.895833E-1,1.297581E-3
7.899306E-1,1.298079E-3
7.902778E-1,1.298578E-3
7.906250E-1,1.299076E-3
7.909722E-1,1.299575E-3
7.913194E-1,1.300073E-3
7.916667E-1,1.300572E-3
7.920139E-1,1.301070E-3
7.923611E-1,1.301569E-3
7.927083E-1,1.302067E-3
7.930556E-1,1.302566E-3
7.934028E-1,1.303064E-3
7.937500E-1,1.303563E-3
7.940972E-1,1.304061E-3
7.944444E-1,1.304560E-3
7.947917E-1,1.305058E-3
7.951389E-1,1.305557E-3
7.954861E-1,1.306055E-3
7.958333E-1,1.306554E-3
7.961806E-1,1.307052E-3
7.965278E-1,1.307551E-3
7.968750E-1,1.308049E-3
7.972222E-1,1.308548E-3
7.975694E-1,1.309046E-3
7.979167E-1,1.309545E-3
7.982639E-1,1.310043E-3
7.986111E-1,1.310542E-3
7.989583E-1,1.311040E-3
7.993056E-1,1.311539E-3
7.996528E-1,1.312037E-3
8.000000E-1,1.312536E-3
8.003472E-1,1.313034E-3
8.006944E-1,1.313533E-3
8.010417E-1,1.314031E-3
8.013889E-1,1.314530E-3
8.017361E-1,1.315028E-3
8.020833E-1,1.315527E-3
8.024306E-1,1.316025E-3
8.027778E-1,1.316524E-3
8.031250E-1,1.317022E-3
8.034722E-1,1.317521E-3
8.038194E-1,1.318019E-3
8.041667E-1,1.318518E-3
8.045139E-1,1.319016E-3
8.048611E-1,1.319514E-3
8.052083E-1,1.320013E-3
8.055556E-1,1.320511E-3
8.059028E-1,1.321010E-3
8.062500E-1,1.321508E-3
8.065972E-1,1.322007E-3
8.069444E-1,1.322505E-3
8.072917E-1,1.323004E-3
8.076389E-1,1.323502E-3
8.079861E-1,1.324001E-3
8.083333E-1,1.324499E-3
8.086806E-1,1.324998E-3
8.090278E-1,1.325496E-3
8.093750E-1,1.325995E-3
8.097222E-1,1.326493E-3
8.100694E-1,1.326992E-3
8.104167E-1,1.327490E-3
8.107639E-1,1.327989E-3
8.111111E-1,1.328487E-3
8.114583E-1,1.328986E-3
8.118056E-1,1.329484E-3
8.121528E-1,1.329983E-3
8.125000E-1,1.330481E-3
8.128472E-1,1.330980E-3
8.131944E-1,1.331478E-3
8.135417E-1,1.331977E-3
8.138889E-1,1.332475E-3
8.142361E-1,1.332974E-3
8.145833E-1,1.333472E-3
8.149306E-1,1.333971E-3
8.152778E-1,1.334469E-3
8.156250E-1,1.334968E-3
8.159722E-1,1.335466E-3
8.163194E-1,1.335965E-3
8.166667E-1,1.336463E-3
8.170139E-1,1.336962E-3
8.173611E-1,1.337460E-3
8.177083E-1,1.337959E-3
8.180556E-1,1.338457E-3
8.184028E-1,1.338956E-3
8.187500E-1,1.339454E-3
8.190972E-1,1.339953E-3
8.194444E-1,1.340451E-3
8.197917E-1,1.340950E-3
8.201389E-1,1.341448E-3
8.204861E-1,1.341947E-3
8.208333E-1,1.342445E-3
8.211806E-1,1.342944E-3
8.215278E-1,1.343442E-3
8.218750E-1,1.343941E-3
8.222222E-1,1.344439E-3
8.225694E-1,1.344938E-3
8.229167E-1,1.345436E-3
8.232639E-1,1.345934E-3
8.236111E-1,1.346433E-3
8.239583E-1,1.346931E-3
8.243056E-1,1.347430E-3
8.246528E-1,1.347928E-3
8.250000E-1,1.348427E-3
8.253472E-1,1.348925E-3
8.256944E-1,1.349424E-3
8.260417E-1,1.349922E-3
8.263889E-1,1.350421E-3
8.267361E-1,1.350919E-3
8.270833E-1,1.351418E-3
8.274306E-1,1.351916E-3
8.277778E-1,1.352415E-3
8.281250E-1,1.352913E-3
8.284722E-1,1.353412E-3
8.288194E-1,1.353910E-3
8.291667E-1,1.354409E-3
8.295139E-1,1.354907E-3
8.298611E-1,1.355406E-3
8.302083E-1,1.355904E-3
8.305556E-1,1.356403E-3
8.309028E-1,1.356901E-3
8.312500E-1,1.357400E-3
8.315972E-1,1.357898E-3
8.319444E-1,1.358397E-3
8.322917E-1,1.358895E-3
8.326389E-1,1.359394E-3
8.329861E-1,1.359892E-3
8.333333E-1,1.360391E-3
8.336806E-1,1.360889E-3
8.340278E-1,1.361388E-3
8.343750E-1,1.361886E-3
8.347222E-1,1.362385E-3
8.350694E-1,1.362883E-3
8.354167E-1,1.363382E-3
8.357639E-1,1.363880E-3
8.361111E-1,1.364379E-3
8.364583E-1,1.364877E-3
8.368056E-1,1.365376E-3
8.371528E-1,1.365874E-3
8.375000E-1,1.366373E-3
8.378472E-1,1.366871E-3
8.381944E-1,1.367370E-3
8.385417E-1,1.367868E-3
8.388889E-1,1.368367E-3
8.392361E-1,1.368865E-3
8.395833E-1,1.369364E-3
8.399306E-1,1.369862E-3
8.402778E-1,1.370361E-3
8.406250E-1,1.370859E-3
8.409722E-1,1.371358E-3
8.413194E-1,1.371856E-3
8.416667E-1,1.372354E-3
8.420139E-1,1.372853E-3
8.423611E-1,1.373351E-3
8.427083E-1,1.373850E-3
8.430556E-1,1.374348E-3
8.434028E-1,1.374847E-3
8.437500E-1,1.375345E-3
8.440972E-1,1.375844E-3
8.444444E-1,1.376342E-3
8.447917E-1,1.376841E-3
8.451389E-1,1.377339E-3
8.454861E-1,1.377838E-3
8.458333E-1,1.378336E-3
8.461806E-1,1.378835E-3
8.465278E-1,1.379333E-3
8.468750E-1,1.379832E-3
8.472222E-1,1.380330E-3
8.475694E-1,1.380829E-3
8.479167E-1,1.381327E-3
8.482639E-1,1.381826E-3
8.486111E-1,1.382324E-3
8.489583E-1,1.382823E-3
8.493056E-1,1.383321E-3
8.496528E-1,1.383820E-3
8.500000E-1,1.384318E-3
8.503472E-1,1.384817E-3
8.506944E-1,1.385315E-3
8.510417E-1,1.385814E-3
8.513889E-1,1.386312E-3
8.517361E-1,1.386811E-3
8.520833E-1,1.387309E-3
8.524306E-1,1.387808E-3
8.527778E-1,1.388306E-3
8.531250E-1,1.388805E-3
8.534722E-1,1.389303E-3
8.538194E-1,1.389802E-3
8.541667E-1,1.390300E-3
8.545139E-1,1.390799E-3
8.548611E-1,1.391297E-3
8.552083E-1,1.391796E-3
8.555556E-1,1.392294E-3
8.559028E-1,1.392793E-3
8.562500E-1,1.393291E-3
8.565972E-1,1.393790E-3
8.569444E-1,1.394288E-3
8.572917E-1,1.394787E-3
8.576389E-1,1.395285E-3
8.579861E-1,1.395784E-3
8.583333E-1,1.396282E-3
8.586806E-1,1.396781E-3
8.590278E-1,1.397279E-3
8.593750E-1,1.397778E-3
8.597222E-1,1.398276E-3
8.600694E-1,1.398774E-3
8.604167E-1,1.399273E-3
8.607639E-1,1.399771E-3
8.611111E-1,1.400270E-3
8.614583E-1,1.400768E-3
8.618056E-1,1.401267E-3
8.621528E-1,1.401765E-3
8.625000E-1,1.402264E-3
8.628472E-1,1.402762E-3
8.631944E-1,1.403261E-3
8.635417E-1,1.403759E-3
8.638889E-1,1.404258E-3
8.642361E-1,1.404756E-3
8.645833E-1,1.405255E-3
8.649306E-1,1.405753E-3
8.652778E-1,1.406252E-3
8.656250E-1,1.406750E-3
8.659722E-1,1.407249E-3
8.663194E-1,1.407747E-3
8.666667E-1,1.408246E-3
8.670139E-1,1.408744E-3
8.673611E-1,1.409243E-3
8.677083E-1,1.409741E-3
8.680556E-1,1.410240E-3
8.684028E-1,1.410738E-3
8.687500E-1,1.411237E-3
8.690972E-1,1.411735E-3
8.694444E-1,1.412234E-3
8.697917E-1,1.412732E-3
8.701389E-1,1.413231E-3
8.704861E-1,1.413729E-3
8.708333E-1,1.414228E-3
8.711806E-1,1.414726E-3
8.715278E-1,1.415225E-3
8.718750E-1,1.415723E-3
8.722222E-1,1.416222E-3
8.725694E-1,1.416720E-3
8.729167E-1,1.417219E-3
8.732639E-1,1.417717E-3
8.736111E-1,1.418216E-3
8.739583E-1,1.418714E-3
8.743056E-1,1.419213E-3
8.746528E-1,1.419711E-3
8.750000E-1,1.420210E-3
8.753472E-1,1.420708E-3
8.756944E-1,1.421207E-3
8.760417E-1,1.421705E-3
8.763889E-1,1.422204E-3
8.767361E-1,1.422702E-3
8.770833E-1,1.423201E-3
8.774306E-1,1.423699E-3
8.777778E-1,1.424198E-3
8.781250E-1,1.424696E-3
8.784722E-1,1.425194E-3
8.788194E-1,1.425693E-3
8.791667E-1,1.426191E-3
8.795139E-1,1.426690E-3
8.798611E-1,1.427188E-3
8.802083E-1,1.427687E-3
8.805556E-1,1.428185E-3
8.809028E-1,1.428684E-3
8.812500E-1,1.429182E-3
8.815972E-1,1.429681E-3
8.819444E-1,1.430179E-3
8.822917E-1,1.430678E-3
8.826389E-1,1.431176E-3
8.829861E-1,1.431675E-3
8.833333E-1,1.432173E-3
8.836806E-1,1.432672E-3
8.840278E-1,1.433170E-3
8.843750E-1,1.433669E-3
8.847222E-1,1.434167E-3
8.850694E-1,1.434666E-3
8.854167E-1,1.435164E-3
8.857639E-1,1.435663E-3
8.861111E-1,1.436161E-3
8.864583E-1,1.436660E-3
8.868056E-1,1.437158E-3
8.871528E-1,1.437657E-3
8.875000E-1,1.438155E-3
8.878472E-1,1.438654E-3
8.881944E-1,1.439152E-3
8.885417E-1,1.439651E-3
8.888889E-1,1.440149E-3
8.892361E-1,1.440648E-3
8.895833E-1,1.441146E-3
8.899306E-1,1.441645E-3
8.902778E-1,1.442143E-3
8.906250E-1,1.442642E-3
8.909722E-1,1.443140E-3
8.913194E-1,1.443639E-3
8.916667E-1,1.444137E-3
8.920139E-1,1.444636E-3
8.923611E-1,1.445134E-3
8.927083E-1,1.445633E-3
8.930556E-1,1.446131E-3
8.934028E-1,1.446630E-3
8.937500E-1,1.447128E-3
8.940972E-1,1.447627E-3
8.944444E-1,1.448125E-3
8.947917E-1,1.448624E-3
8.951389E-1,1.449122E-3
8.954861E-1,1.449621E-3
8.958333E-1,1.450119E-3
8.961806E-1,1.450618E-3
8.965278E-1,1.451116E-3
8.968750E-1,1.451614E-3
8.972222E-1,1.452113E-3
8.975694E-1,1.452611E-3
8.979167E-1,1.453110E-3
8.982639E-1,1.453608E-3
8.986111E-1,1.454107E-3
8.989583E-1,1.454605E-3
8.993056E-1,1.455104E-3
8.996528E-1,1.455602E-3
9.000000E-1,1.456101E-3
9.003472E-1,1.456599E-3
9.006944E-1,1.457098E-3
9.010417E-1,1.457596E-3
9.013889E-1,1.458095E-3
9.017361E-1,1.458593E-3
9.020833E-1,1.459092E-3
9.024306E-1,1.459590E-3
9.027778E-1,1.460089E-3
9.031250E-1,1.460587E-3
9.034722E-1,1.461086E-3
9.038194E-1,1.461584E-3
9.041667E-1,1.462083E-3
9.045139E-1,1.462581E-3
9.048611E-1,1.463080E-3
9.052083E-1,1.463578E-3
9.055556E-1,1.464077E-3
9.059028E-1,1.464575E-3
9.062500E-1,1.465074E-3
9.065972E-1,1.465572E-3
9.069444E-1,1.466071E-3
9.072917E-1,1.466569E-3
9.076389E-1,1.467068E-3
9.079861E-1,1.467566E-3
9.083333E-1,1.468065E-3
9.086806E-1,1.468563E-3
9.090278E-1,1.469062E-3
9.093750E-1,1.469560E-3
9.097222E-1,1.470059E-3
9.100694E-1,1.470557E-3
9.104167E-1,1.471056E-3
9.107639E-1,1.471554E-3
9.111111E-1,1.472053E-3
9.114583E-1,1.472551E-3
9.118056E-1,1.473050E-3
9.121528E-1,1.473548E-3
9.125000E-1,1.474047E-3
9.128472E-1,1.474545E-3
9.131944E-1,1.475044E-3
9.135417E-1,1.475542E-3
9.138889E-1,1.476041E-3
9.142361E-1,1.476539E-3
9.145833E-1,1.477038E-3
9.149306E-1,1.477536E-3
9.152778E-1,1.478035E-3
9.156250E-1,1.478533E-3
9.159722E-1,1.479031E-3
9.163194E-1,1.479530E-3
9.166667E-1,1.480028E-3
9.170139E-1,1.480527E-3
9.173611E-1,1.481025E-3
9.177083E-1,1.481524E-3
9.180556E-1,1.482022E-3
9.184028E-1,1.482521E-3
9.187500E-1,1.483019E-3
9.190972E-1,1.483518E-3
9.194444E-1,1.484016E-3
9.197917E-1,1.484515E-3
9.201389E-1,1.485013E-3
9.204861E-1,1.485512E-3
9.208333E-1,1.486010E-3
9.211806E-1,1.486509E-3
9.215278E-1,1.487007E-3
9.218750E-1,1.487506E-3
9.222222E-1,1.488004E-3
9.225694E-1,1.488503E-3
9.229167E-1,1.489001E-3
9.232639E-1,1.489500E-3
9.236111E-1,1.489998E-3
9.239583E-1,1.490497E-3
9.243056E-1,1.490995E-3
9.246528E-1,1.491494E-3
9.250000E-1,1.491992E-3
9.253472E-1,1.492491E-3
9.256944E-1,1.492989E-3
9.260417E-1,1.493488E-3
9.263889E-1,1.493986E-3
9.267361E-1,1.494485E-3
9.270833E-1,1.494983E-3
9.274306E-1,1.495482E-3
9.277778E-1,1.495980E-3
9.281250E-1,1.496479E-3
9.284722E-1,1.496977E-3
9.288194E-1,1.497476E-3
9.291667E-1,1.497974E-3
9.295139E-1,1.498473E-3
9.298611E-1,1.498971E-3
9.302083E-1,1.499470E-3
9.305556E-1,1.499968E-3
9.309028E-1,1.500467E-3
9.312500E-1,1.500965E-3
9.315972E-1,1.501464E-3
9.319444E-1,1.501962E-3
9.322917E-1,1.502461E-3
9.326389E-1,1.502959E-3
9.329861E-1,1.503458E-3
9.333333E-1,1.503956E-3
9.336806E-1,1.504455E-3
9.340278E-1,1.504953E-3
9.343750E-1,1.505451E-3
9.347222E-1,1.505950E-3
9.350694E-1,1.506448E-3
9.354167E-1,1.506947E-3
9.357639E-1,1.507445E-3
9.361111E-1,1.507944E-3
9.364583E-1,1.508442E-3
9.368056E-1,1.508941E-3
9.371528E-1,1.509439E-3
9.375000E-1,1.509938E-3
9.378472E-1,1.510436E-3
9.381944E-1,1.510935E-3
9.385417E-1,1.511433E-3
9.388889E-1,1.511932E-3
9.392361E-1,1.512430E-3
9.395833E-1,1.512929E-3
9.399306E-1,1.513427E-3
9.402778E-1,1.513926E-3
9.406250E-1,1.514424E-3
9.409722E-1,1.514923E-3
9.413194E-1,1.515421E-3
9.416667E-1,1.515920E-3
9.420139E-1,1.516418E-3
9.423611E-1,1.516917E-3
9.427083E-1,1.517415E-3
9.430556E-1,1.517914E-3
9.434028E-1,1.518412E-3
9.437500E-1,1.518911E-3
9.440972E-1,1.519409E-3
9.444444E-1,1.519908E-3
9.447917E-1,1.520406E-3
9.451389E-1,1.520905E-3
9.454861E-1,1.521403E-3
9.458333E-1,1.521902E-3
9.461806E-1,1.522400E-3
9.465278E-1,1.522899E-3
9.468750E-1,1.523397E-3
9.472222E-1,1.523896E-3
9.475694E-1,1.524394E-3
9.479167E-1,1.524893E-3
9.482639E-1,1.525391E-3
9.486111E-1,1.525890E-3
9.489583E-1,1.526388E-3
9.493056E-1,1.526887E-3
9.496528E-1,1.527385E-3
9.500000E-1,1.527884E-3
9.503472E-1,1.528382E-3
9.506944E-1,1.528881E-3
9.510417E-1,1.529379E-3
9.513889E-1,1.529878E-3
9.517361E-1,1.530376E-3
9.520833E-1,1.530874E-3
9.524306E-1,1.531373E-3
9.527778E-1,1.531871E-3
9.531250E-1,1.532370E-3
9.534722E-1,1.532868E-3
9.538194E-1,1.533367E-3
9.541667E-1,1.533865E-3
9.545139E-1,1.534364E-3
9.548611E-1,1.534862E-3
9.552083E-1,1.535361E-3
9.555556E-1,1.535859E-3
9.559028E-1,1.536358E-3
9.562500E-1,1.536856E-3
9.565972E-1,1.537355E-3
9.569444E-1,1.537853E-3
9.572917E-1,1.538352E-3
9.576389E-1,1.538850E-3
9.579861E-1,1.539349E-3
9.583333E-1,1.539847E-3
9.586806E-1,1.540346E-3
9.590278E-1,1.540844E-3
9.593750E-1,1.541343E-3
9.597222E-1,1.541841E-3
9.600694E-1,1.542340E-3
9.604167E-1,1.542838E-3
9.607639E-1,1.543337E-3
9.611111E-1,1.543835E-3
9.614583E-1,1.544334E-3
9.618056E-1,1.544832E-3
9.621528E-1,1.545331E-3
9.625000E-1,1.545829E-3
9.628472E-1,1.546328E-3
9.631944E-1,1.546826E-3
9.635417E-1,1.547325E-3
9.638889E-1,1.547823E-3
9.642361E-1,1.548322E-3
9.645833E-1,1.548820E-3
9.649306E-1,1.549319E-3
9.652778E-1,1.549817E-3
9.656250E-1,1.550316E-3
9.659722E-1,1.550814E-3
9.663194E-1,1.551313E-3
9.666667E-1,1.551811E-3
9.670139E-1,1.552310E-3
9.673611E-1,1.552808E-3
9.677083E-1,1.553307E-3
9.680556E-1,1.553805E-3
9.684028E-1,1.554304E-3
9.687500E-1,1.554802E-3
9.690972E-1,1.555301E-3
9.694444E-1,1.555799E-3
9.697917E-1,1.556298E-3
9.701389E-1,1.556796E-3
9.704861E-1,1.557294E-3
9.708333E-1,1.557793E-3
9.711806E-1,1.558291E-3
9.715278E-1,1.558790E-3
9.718750E-1,1.559288E-3
9.722222E-1,1.559787E-3
9.725694E-1,1.560285E-3
9.729167E-1,1.560784E-3
9.732639E-1,1.561282E-3
9.736111E-1,1.561781E-3
9.739583E-1,1.562279E-3
9.743056E-1,1.562778E-3
9.746528E-1,1.563276E-3
9.750000E-1,1.563775E-3
9.753472E-1,1.564273E-3
9.756944E-1,1.564772E-3
9.760417E-1,1.565270E-3
9.763889E-1,1.565769E-3
9.767361E-1,1.566267E-3
9.770833E-1,1.566766E-3
9.774306E-1,1.567264E-3
9.777778E-1,1.567763E-3
9.781250E-1,1.568261E-3
9.784722E-1,1.568760E-3
9.788194E-1,1.569258E-3
9.791667E-1,1.569757E-3
9.795139E-1,1.570255E-3
9.798611E-1,1.570754E-3
9.802083E-1,1.571252E-3
9.805556E-1,1.571751E-3
9.809028E-1,1.572249E-3
9.812500E-1,1.572748E-3
9.815972E-1,1.573246E-3
9.819444E-1,1.573745E-3
9.822917E-1,1.574243E-3
9.826389E-1,1.574742E-3
9.829861E-1,1.575240E-3
9.833333E-1,1.575739E-3
9.836806E-1,1.576237E-3
9.840278E-1,1.576736E-3
9.843750E-1,1.577234E-3
9.847222E-1,1.577733E-3
9.850694E-1,1.578231E-3
9.854167E-1,1.578730E-3
9.857639E-1,1.579228E-3
9.861111E-1,1.579727E-3
9.864583E-1,1.580225E-3
9.868056E-1,1.580724E-3
9.871528E-1,1.581222E-3
9.875000E-1,1.581721E-3
9.878472E-1,1.582219E-3
9.881944E-1,1.582718E-3
9.885417E-1,1.583216E-3
9.888889E-1,1.583715E-3
9.892361E-1,1.584213E-3
9.895833E-1,1.584711E-3
9.899306E-1,1.585210E-3
9.902778E-1,1.585708E-3
9.906250E-1,1.586207E-3
9.909722E-1,1.586705E-3
9.913194E-1,1.587204E-3
9.916667E-1,1.587702E-3
9.920139E-1,1.588201E-3
9.923611E-1,1.588699E-3
9.927083E-1,1.589198E-3
9.930556E-1,1.589696E-3
9.934028E-1,1.590195E-3
9.937500E-1,1.590693E-3
9.940972E-1,1.591192E-3
9.944444E-1,1.591690E-3
9.947917E-1,1.592189E-3
9.951389E-1,1.592687E-3
9.954861E-1,1.593186E-3
9.958333E-1,1.593684E-3
9.961806E-1,1.594183E-3
9.965278E-1,1.594681E-3
9.968750E-1,1.595180E-3
9.972222E-1,1.595678E-3
9.975694E-1,1.596177E-3
9.979167E-1,1.596675E-3
9.982639E-1,1.597174E-3
9.986111E-1,1.597672E-3
9.989583E-1,1.598171E-3
9.993056E-1,1.598669E-3
9.996528E-1,1.599168E-3
