7.139351E-14,3.876408E-3
3.472222E-4,3.873376E-3
6.944444E-4,3.870344E-3
1.041667E-3,3.867312E-3
1.388889E-3,3.864280E-3
1.736111E-3,3.861247E-3
2.083333E-3,3.858215E-3
2.430556E-3,3.855183E-3
2.777778E-3,3.852151E-3
3.125000E-3,3.849119E-3
3.472222E-3,3.846087E-3
3.819444E-3,3.843054E-3
4.166667E-3,3.840022E-3
4.513889E-3,3.836990E-3
4.861111E-3,3.833958E-3
5.208333E-3,3.830926E-3
5.555556E-3,3.827893E-3
5.902778E-3,3.824861E-3
6.250000E-3,3.821829E-3
6.597222E-3,3.818797E-3
6.944444E-3,3.815765E-3
7.291667E-3,3.812733E-3
7.638889E-3,3.809700E-3
7.986111E-3,3.806668E-3
8.333333E-3,3.803636E-3
8.680556E-3,3.800604E-3
9.027778E-3,3.797572E-3
9.375000E-3,3.794540E-3
9.722222E-3,3.791507E-3
1.006944E-2,3.788475E-3
1.041667E-2,3.785443E-3
1.076389E-2,3.782411E-3
1.111111E-2,3.779379E-3
1.145833E-2,3.776347E-3
1.180556E-2,3.773314E-3
1.215278E-2,3.770282E-3
1.250000E-2,3.767250E-3
1.284722E-2,3.764218E-3
1.319444E-2,3.761186E-3
1.354167E-2,3.758153E-3
1.388889E-2,3.755121E-3
1.423611E-2,3.752089E-3
1.458333E-2,3.749057E-3
1.493056E-2,3.746025E-3
1.527778E-2,3.742993E-3
1.562500E-2,3.739960E-3
1.597222E-2,3.736928E-3
1.631944E-2,3.733896E-3
1.666667E-2,3.730864E-3
1.701389E-2,3.727832E-3
1.736111E-2,3.724800E-3
1.770833E-2,3.721767E-3
1.805556E-2,3.718735E-3
1.840278E-2,3.715703E-3
1.875000E-2,3.712671E-3
1.909722E-2,3.709639E-3
1.944444E-2,3.706606E-3
1.979167E-2,3.703574E-3
2.013889E-2,3.700542E-3
2.048611E-2,3.697510E-3
2.083333E-2,3.694478E-3
2.118056E-2,3.691446E-3
2.152778E-2,3.688413E-3
2.187500E-2,3.685381E-3
2.222222E-2,3.682349E-3
2.256944E-2,3.679317E-3
2.291667E-2,3.676285E-3
2.326389E-2,3.673253E-3
2.361111E-2,3.670220E-3
2.395833E-2,3.667188E-3
2.430556E-2,3.664156E-3
2.465278E-2,3.661124E-3
2.500000E-2,3.658092E-3
2.534722E-2,3.655060E-3
2.569444E-2,3.652027E-3
2.604167E-2,3.648995E-3
2.638889E-2,3.645963E-3
2.673611E-2,3.642931E-3
2.708333E-2,3.639899E-3
2.743056E-2,3.636866E-3
2.777778E-2,3.633834E-3
2.812500E-2,3.630802E-3
2.847222E-2,3.627770E-3
2.881944E-2,3.624738E-3
2.916667E-2,3.621706E-3
2.951389E-2,3.618673E-3
2.986111E-2,3.615641E-3
3.020833E-2,3.612609E-3
3.055556E-2,3.609577E-3
3.090278E-2,3.606545E-3
3.125000E-2,3.603513E-3
3.159722E-2,3.600480E-3
3.194444E-2,3.597448E-3
3.229167E-2,3.594416E-3
3.263889E-2,3.591384E-3
3.298611E-2,3.588352E-3
3.333333E-2,3.585320E-3
3.368056E-2,3.582287E-3
3.402778E-2,3.579255E-3
3.437500E-2,3.576223E-3
3.472222E-2,3.573191E-3
3.506944E-2,3.570159E-3
3.541667E-2,3.567126E-3
3.576389E-2,3.564094E-3
3.611111E-2,3.561062E-3
3.645833E-2,3.558030E-3
3.680556E-2,3.554998E-3
3.715278E-2,3.551966E-3
3.750000E-2,3.548933E-3
3.784722E-2,3.545901E-3
3.819444E-2,3.542869E-3
3.854167E-2,3.539837E-3
3.888889E-2,3.536805E-3
3.923611E-2,3.533773E-3
3.958333E-2,3.530740E-3
3.993056E-2,3.527708E-3
4.027778E-2,3.524676E-3
4.062500E-2,3.521644E-3
4.097222E-2,3.518612E-3
4.131944E-2,3.515579E-3
4.166667E-2,3.512547E-3
4.201389E-2,3.509515E-3
4.236111E-2,3.506483E-3
4.270833E-2,3.503451E-3
4.305556E-2,3.500419E-3
4.340278E-2,3.497386E-3
4.375000E-2,3.494354E-3
4.409722E-2,3.491322E-3
4.444444E-2,3.488290E-3
4.479167E-2,3.485258E-3
4.513889E-2,3.482226E-3
4.548611E-2,3.479193E-3
4.583333E-2,3.476161E-3
4.618056E-2,3.473129E-3
4.652778E-2,3.470097E-3
4.687500E-2,3.467065E-3
4.722222E-2,3.464033E-3
4.756944E-2,3.461000E-3
4.791667E-2,3.457968E-3
4.826389E-2,3.454936E-3
4.861111E-2,3.451904E-3
4.895833E-2,3.448872E-3
4.930556E-2,3.445839E-3
4.965278E-2,3.442807E-3
5.000000E-2,3.439775E-3
5.034722E-2,3.436743E-3
5.069444E-2,3.433711E-3
5.104167E-2,3.430679E-3
5.138889E-2,3.427646E-3
5.173611E-2,3.424614E-3
5.208333E-2,3.421582E-3
5.243056E-2,3.418550E-3
5.277778E-2,3.415518E-3
5.312500E-2,3.412486E-3
5.347222E-2,3.409453E-3
5.381944E-2,3.406421E-3
5.416667E-2,3.403389E-3
5.451389E-2,3.400357E-3
5.486111E-2,3.397325E-3
5.520833E-2,3.394292E-3
5.555556E-2,3.391260E-3
5.590278E-2,3.388228E-3
5.625000E-2,3.385196E-3
5.659722E-2,3.382164E-3
5.694444E-2,3.379132E-3
5.729167E-2,3.376099E-3
5.763889E-2,3.373067E-3
5.798611E-2,3.370035E-3
5.833333E-2,3.367003E-3
5.868056E-2,3.363971E-3
5.902778E-2,3.360939E-3
5.937500E-2,3.357906E-3
5.972222E-2,3.354874E-3
6.006944E-2,3.351842E-3
6.041667E-2,3.348810E-3
6.076389E-2,3.345778E-3
6.111111E-2,3.342746E-3
6.145833E-2,3.339713E-3
6.180556E-2,3.336681E-3
6.215278E-2,3.333649E-3
6.250000E-2,3.330617E-3
6.284722E-2,3.327585E-3
6.319444E-2,3.324552E-3
6.354167E-2,3.321520E-3
6.388889E-2,3.318488E-3
6.423611E-2,3.315456E-3
6.458333E-2,3.312424E-3
6.493056E-2,3.309392E-3
6.527778E-2,3.306359E-3
6.562500E-2,3.303327E-3
6.597222E-2,3.300295E-3
6.631944E-2,3.297263E-3
6.666667E-2,3.294231E-3
6.701389E-2,3.291199E-3
6.736111E-2,3.288166E-3
6.770833E-2,3.285134E-3
6.805556E-2,3.282102E-3
6.840278E-2,3.279070E-3
6.875000E-2,3.276038E-3
6.909722E-2,3.273005E-3
6.944444E-2,3.269973E-3
6.979167E-2,3.266941E-3
7.013889E-2,3.263909E-3
7.048611E-2,3.260877E-3
7.083333E-2,3.257845E-3
7.118056E-2,3.254812E-3
7.152778E-2,3.251780E-3
7.187500E-2,3.248748E-3
7.222222E-2,3.245716E-3
7.256944E-2,3.242684E-3
7.291667E-2,3.239652E-3
7.326389E-2,3.236619E-3
7.361111E-2,3.233587E-3
7.395833E-2,3.230555E-3
7.430556E-2,3.227523E-3
7.465278E-2,3.224491E-3
7.500000E-2,3.221459E-3
7.534722E-2,3.218426E-3
7.569444E-2,3.215394E-3
7.604167E-2,3.212362E-3
7.638889E-2,3.209330E-3
7.673611E-2,3.206298E-3
7.708333E-2,3.203265E-3
7.743056E-2,3.200233E-3
7.777778E-2,3.197201E-3
7.812500E-2,3.194169E-3
7.847222E-2,3.191137E-3
7.881944E-2,3.188105E-3
7.916667E-2,3.185072E-3
7.951389E-2,3.182040E-3
7.986111E-2,3.179008E-3
8.020833E-2,3.175976E-3
8.055556E-2,3.172944E-3
8.090278E-2,3.169912E-3
8.125000E-2,3.166879E-3
8.159722E-2,3.163847E-3
8.194444E-2,3.160815E-3
8.229167E-2,3.157783E-3
8.263889E-2,3.154751E-3
8.298611E-2,3.151719E-3
8.333333E-2,3.148686E-3
8.368056E-2,3.145654E-3
8.402778E-2,3.142622E-3
8.437500E-2,3.139590E-3
8.472222E-2,3.136558E-3
8.506944E-2,3.133525E-3
8.541667E-2,3.130493E-3
8.576389E-2,3.127461E-3
8.611111E-2,3.124429E-3
8.645833E-2,3.121397E-3
8.680556E-2,3.118365E-3
8.715278E-2,3.115332E-3
8.750000E-2,3.112300E-3
8.784722E-2,3.109268E-3
8.819444E-2,3.106236E-3
8.854167E-2,3.103204E-3
8.888889E-2,3.100172E-3
8.923611E-2,3.097139E-3
8.958333E-2,3.094107E-3
8.993056E-2,3.091075E-3
9.027778E-2,3.088043E-3
9.062500E-2,3.085011E-3
9.097222E-2,3.081978E-3
9.131944E-2,3.078946E-3
9.166667E-2,3.075914E-3
9.201389E-2,3.072882E-3
9.236111E-2,3.069850E-3
9.270833E-2,3.066818E-3
9.305556E-2,3.063785E-3
9.340278E-2,3.060753E-3
9.375000E-2,3.057721E-3
9.409722E-2,3.054689E-3
9.444444E-2,3.051657E-3
9.479167E-2,3.048625E-3
9.513889E-2,3.045592E-3
9.548611E-2,3.042560E-3
9.583333E-2,3.039528E-3
9.618056E-2,3.036496E-3
9.652778E-2,3.033464E-3
9.687500E-2,3.030432E-3
9.722222E-2,3.027399E-3
9.756944E-2,3.024367E-3
9.791667E-2,3.021335E-3
9.826389E-2,3.018303E-3
9.861111E-2,3.015271E-3
9.895833E-2,3.012238E-3
9.930556E-2,3.009206E-3
9.965278E-2,3.006174E-3
1.000000E-1,3.003142E-3
1.003472E-1,3.000110E-3
1.006944E-1,2.997078E-3
1.010417E-1,2.994045E-3
1.013889E-1,2.991013E-3
1.017361E-1,2.987981E-3
1.020833E-1,2.984949E-3
1.024306E-1,2.981917E-3
1.027778E-1,2.978885E-3
1.031250E-1,2.975852E-3
1.034722E-1,2.972820E-3
1.038194E-1,2.969788E-3
1.041667E-1,2.966756E-3
1.045139E-1,2.963724E-3
1.048611E-1,2.960691E-3
1.052083E-1,2.957659E-3
1.055556E-1,2.954627E-3
1.059028E-1,2.951595E-3
1.062500E-1,2.948563E-3
1.065972E-1,2.945531E-3
1.069444E-1,2.942498E-3
1.072917E-1,2.939466E-3
1.076389E-1,2.936434E-3
1.079861E-1,2.933402E-3
1.083333E-1,2.930370E-3
1.086806E-1,2.927338E-3
1.090278E-1,2.924305E-3
1.093750E-1,2.921273E-3
1.097222E-1,2.918241E-3
1.100694E-1,2.915209E-3
1.104167E-1,2.912177E-3
1.107639E-1,2.909145E-3
1.111111E-1,2.906112E-3
1.114583E-1,2.903080E-3
1.118056E-1,2.900048E-3
1.121528E-1,2.897016E-3
1.125000E-1,2.893984E-3
1.128472E-1,2.890951E-3
1.131944E-1,2.887919E-3
1.135417E-1,2.884887E-3
1.138889E-1,2.881855E-3
1.142361E-1,2.878823E-3
1.145833E-1,2.875791E-3
1.149306E-1,2.872758E-3
1.152778E-1,2.869726E-3
1.156250E-1,2.866694E-3
1.159722E-1,2.863662E-3
1.163194E-1,2.860630E-3
1.166667E-1,2.857598E-3
1.170139E-1,2.854565E-3
1.173611E-1,2.851533E-3
1.177083E-1,2.848501E-3
1.180556E-1,2.845469E-3
1.184028E-1,2.842437E-3
1.187500E-1,2.839404E-3
1.190972E-1,2.836372E-3
1.194444E-1,2.833340E-3
1.197917E-1,2.830308E-3
1.201389E-1,2.827276E-3
1.204861E-1,2.824244E-3
1.208333E-1,2.821211E-3
1.211806E-1,2.818179E-3
1.215278E-1,2.815147E-3
1.218750E-1,2.812115E-3
1.222222E-1,2.809083E-3
1.225694E-1,2.806051E-3
1.229167E-1,2.803018E-3
1.232639E-1,2.799986E-3
1.236111E-1,2.796954E-3
1.239583E-1,2.793922E-3
1.243056E-1,2.790890E-3
1.246528E-1,2.787858E-3
1.250000E-1,2.784825E-3
1.253472E-1,2.781793E-3
1.256944E-1,2.778761E-3
1.260417E-1,2.775729E-3
1.263889E-1,2.772697E-3
1.267361E-1,2.769664E-3
1.270833E-1,2.766632E-3
1.274306E-1,2.763600E-3
1.277778E-1,2.760568E-3
1.281250E-1,2.757536E-3
1.284722E-1,2.754504E-3
1.288194E-1,2.751471E-3
1.291667E-1,2.748439E-3
1.295139E-1,2.745407E-3
1.298611E-1,2.742375E-3
1.302083E-1,2.739343E-3
1.305556E-1,2.736311E-3
1.309028E-1,2.733278E-3
1.312500E-1,2.730246E-3
1.315972E-1,2.727214E-3
1.319444E-1,2.724182E-3
1.322917E-1,2.721150E-3
1.326389E-1,2.718117E-3
1.329861E-1,2.715085E-3
1.333333E-1,2.712053E-3
1.336806E-1,2.709021E-3
1.340278E-1,2.705989E-3
1.343750E-1,2.702957E-3
1.347222E-1,2.699924E-3
1.350694E-1,2.696892E-3
1.354167E-1,2.693860E-3
1.357639E-1,2.690828E-3
1.361111E-1,2.687796E-3
1.364583E-1,2.684764E-3
1.368056E-1,2.681731E-3
1.371528E-1,2.678699E-3
1.375000E-1,2.675667E-3
1.378472E-1,2.672635E-3
1.381944E-1,2.669603E-3
1.385417E-1,2.666571E-3
1.388889E-1,2.663538E-3
1.392361E-1,2.660506E-3
1.395833E-1,2.657474E-3
1.399306E-1,2.654442E-3
1.402778E-1,2.651410E-3
1.406250E-1,2.648377E-3
1.409722E-1,2.645345E-3
1.413194E-1,2.642313E-3
1.416667E-1,2.639281E-3
1.420139E-1,2.636249E-3
1.423611E-1,2.633217E-3
1.427083E-1,2.630184E-3
1.430556E-1,2.627152E-3
1.434028E-1,2.624120E-3
1.437500E-1,2.621088E-3
1.440972E-1,2.618056E-3
1.444444E-1,2.615024E-3
1.447917E-1,2.611991E-3
1.451389E-1,2.608959E-3
1.454861E-1,2.605927E-3
1.458333E-1,2.602895E-3
1.461806E-1,2.599863E-3
1.465278E-1,2.596830E-3
1.468750E-1,2.593798E-3
1.472222E-1,2.590766E-3
1.475694E-1,2.587734E-3
1.479167E-1,2.584702E-3
1.482639E-1,2.581670E-3
1.486111E-1,2.578637E-3
1.489583E-1,2.575605E-3
1.493056E-1,2.572573E-3
1.496528E-1,2.569541E-3
1.500000E-1,2.566509E-3
1.503472E-1,2.563477E-3
1.506944E-1,2.560444E-3
1.510417E-1,2.557412E-3
1.513889E-1,2.554380E-3
1.517361E-1,2.551348E-3
1.520833E-1,2.548316E-3
1.524306E-1,2.545283E-3
1.527778E-1,2.542251E-3
1.531250E-1,2.539219E-3
1.534722E-1,2.536187E-3
1.538194E-1,2.533155E-3
1.541667E-1,2.530123E-3
1.545139E-1,2.527090E-3
1.548611E-1,2.524058E-3
1.552083E-1,2.521026E-3
1.555556E-1,2.517994E-3
1.559028E-1,2.514962E-3
1.562500E-1,2.511930E-3
1.565972E-1,2.508897E-3
1.569444E-1,2.505865E-3
1.572917E-1,2.502833E-3
1.576389E-1,2.499801E-3
1.579861E-1,2.496769E-3
1.583333E-1,2.493737E-3
1.586806E-1,2.490704E-3
1.590278E-1,2.487672E-3
1.593750E-1,2.484640E-3
1.597222E-1,2.481608E-3
1.600694E-1,2.478576E-3
1.604167E-1,2.475543E-3
1.607639E-1,2.472511E-3
1.611111E-1,2.469479E-3
1.614583E-1,2.466447E-3
1.618056E-1,2.463415E-3
1.621528E-1,2.460383E-3
1.625000E-1,2.457350E-3
1.628472E-1,2.454318E-3
1.631944E-1,2.451286E-3
1.635417E-1,2.448254E-3
1.638889E-1,2.445222E-3
1.642361E-1,2.442190E-3
1.645833E-1,2.439157E-3
1.649306E-1,2.436125E-3
1.652778E-1,2.433093E-3
1.656250E-1,2.430061E-3
1.659722E-1,2.427029E-3
1.663194E-1,2.423997E-3
1.666667E-1,2.420964E-3
1.670139E-1,2.417932E-3
1.673611E-1,2.414900E-3
1.677083E-1,2.411868E-3
1.680556E-1,2.408836E-3
1.684028E-1,2.405803E-3
1.687500E-1,2.402771E-3
1.690972E-1,2.399739E-3
1.694444E-1,2.396707E-3
1.697917E-1,2.393675E-3
1.701389E-1,2.390643E-3
1.704861E-1,2.387610E-3
1.708333E-1,2.384578E-3
1.711806E-1,2.381546E-3
1.715278E-1,2.378514E-3
1.718750E-1,2.375482E-3
1.722222E-1,2.372450E-3
1.725694E-1,2.369417E-3
1.729167E-1,2.366385E-3
1.732639E-1,2.363353E-3
1.736111E-1,2.360321E-3
1.739583E-1,2.357289E-3
1.743056E-1,2.354256E-3
1.746528E-1,2.351224E-3
1.750000E-1,2.348192E-3
1.753472E-1,2.345160E-3
1.756944E-1,2.342128E-3
1.760417E-1,2.339096E-3
1.763889E-1,2.336063E-3
1.767361E-1,2.333031E-3
1.770833E-1,2.329999E-3
1.774306E-1,2.326967E-3
1.777778E-1,2.323935E-3
1.781250E-1,2.320903E-3
1.784722E-1,2.317870E-3
1.788194E-1,2.314838E-3
1.791667E-1,2.311806E-3
1.795139E-1,2.308774E-3
1.798611E-1,2.305742E-3
1.802083E-1,2.302710E-3
1.805556E-1,2.299677E-3
1.809028E-1,2.296645E-3
1.812500E-1,2.293613E-3
1.815972E-1,2.290581E-3
1.819444E-1,2.287549E-3
1.822917E-1,2.284516E-3
1.826389E-1,2.281484E-3
1.829861E-1,2.278452E-3
1.833333E-1,2.275420E-3
1.836806E-1,2.272388E-3
1.840278E-1,2.269356E-3
1.843750E-1,2.266323E-3
1.847222E-1,2.263291E-3
1.850694E-1,2.260259E-3
1.854167E-1,2.257227E-3
1.857639E-1,2.254195E-3
1.861111E-1,2.251163E-3
1.864583E-1,2.248130E-3
1.868056E-1,2.245098E-3
1.871528E-1,2.242066E-3
1.875000E-1,2.239034E-3
1.878472E-1,2.236002E-3
1.881944E-1,2.232970E-3
1.885417E-1,2.229937E-3
1.888889E-1,2.226905E-3
1.892361E-1,2.223873E-3
1.895833E-1,2.220841E-3
1.899306E-1,2.217809E-3
1.902778E-1,2.214776E-3
1.906250E-1,2.211744E-3
1.909722E-1,2.208712E-3
1.913194E-1,2.205680E-3
1.916667E-1,2.202648E-3
1.920139E-1,2.199616E-3
1.923611E-1,2.196583E-3
1.927083E-1,2.193551E-3
1.930556E-1,2.190519E-3
1.934028E-1,2.187487E-3
1.937500E-1,2.184455E-3
1.940972E-1,2.181423E-3
1.944444E-1,2.178390E-3
1.947917E-1,2.175358E-3
1.951389E-1,2.172326E-3
1.954861E-1,2.169294E-3
1.958333E-1,2.166262E-3
1.961806E-1,2.163229E-3
1.965278E-1,2.160197E-3
1.968750E-1,2.157165E-3
1.972222E-1,2.154133E-3
1.975694E-1,2.151101E-3
1.979167E-1,2.148069E-3
1.982639E-1,2.145036E-3
1.986111E-1,2.142004E-3
1.989583E-1,2.138972E-3
1.993056E-1,2.135940E-3
1.996528E-1,2.132908E-3
2.000000E-1,2.129876E-3
2.003472E-1,2.126843E-3
2.006944E-1,2.123811E-3
2.010417E-1,2.120779E-3
2.013889E-1,2.117747E-3
2.017361E-1,2.114715E-3
2.020833E-1,2.111683E-3
2.024306E-1,2.108650E-3
2.027778E-1,2.105618E-3
2.031250E-1,2.102586E-3
2.034722E-1,2.099554E-3
2.038194E-1,2.096522E-3
2.041667E-1,2.093489E-3
2.045139E-1,2.090457E-3
2.048611E-1,2.087425E-3
2.052083E-1,2.084393E-3
2.055556E-1,2.081361E-3
2.059028E-1,2.078329E-3
2.062500E-1,2.075296E-3
2.065972E-1,2.072264E-3
2.069444E-1,2.069232E-3
2.072917E-1,2.066200E-3
2.076389E-1,2.063168E-3
2.079861E-1,2.060136E-3
2.083333E-1,2.057103E-3
2.086806E-1,2.054071E-3
2.090278E-1,2.051039E-3
2.093750E-1,2.048007E-3
2.097222E-1,2.044975E-3
2.100694E-1,2.041943E-3
2.104167E-1,2.038910E-3
2.107639E-1,2.035878E-3
2.111111E-1,2.032846E-3
2.114583E-1,2.029814E-3
2.118056E-1,2.026782E-3
2.121528E-1,2.023749E-3
2.125000E-1,2.020717E-3
2.128472E-1,2.017685E-3
2.131944E-1,2.014653E-3
2.135417E-1,2.011621E-3
2.138889E-1,2.008589E-3
2.142361E-1,2.005556E-3
2.145833E-1,2.002524E-3
2.149306E-1,1.999492E-3
2.152778E-1,1.996460E-3
2.156250E-1,1.993428E-3
2.159722E-1,1.990396E-3
2.163194E-1,1.987363E-3
2.166667E-1,1.984331E-3
2.170139E-1,1.981299E-3
2.173611E-1,1.978267E-3
2.177083E-1,1.975235E-3
2.180556E-1,1.972202E-3
2.184028E-1,1.969170E-3
2.187500E-1,1.966138E-3
2.190972E-1,1.963106E-3
2.194444E-1,1.960074E-3
2.197917E-1,1.957042E-3
2.201389E-1,1.954009E-3
2.204861E-1,1.950977E-3
2.208333E-1,1.947945E-3
2.211806E-1,1.944913E-3
2.215278E-1,1.941881E-3
2.218750E-1,1.938849E-3
2.222222E-1,1.935816E-3
2.225694E-1,1.932784E-3
2.229167E-1,1.929752E-3
2.232639E-1,1.926720E-3
2.236111E-1,1.923688E-3
2.239583E-1,1.920656E-3
2.243056E-1,1.917623E-3
2.246528E-1,1.914591E-3
2.250000E-1,1.911559E-3
2.253472E-1,1.908527E-3
2.256944E-1,1.905495E-3
2.260417E-1,1.902462E-3
2.263889E-1,1.899430E-3
2.267361E-1,1.896398E-3
2.270833E-1,1.893366E-3
2.274306E-1,1.890334E-3
2.277778E-1,1.887302E-3
2.281250E-1,1.884269E-3
2.284722E-1,1.881237E-3
2.288194E-1,1.878205E-3
2.291667E-1,1.875173E-3
2.295139E-1,1.872141E-3
2.298611E-1,1.869109E-3
2.302083E-1,1.866076E-3
2.305556E-1,1.863044E-3
2.309028E-1,1.860012E-3
2.312500E-1,1.856980E-3
2.315972E-1,1.853948E-3
2.319444E-1,1.850916E-3
2.322917E-1,1.847883E-3
2.326389E-1,1.844851E-3
2.329861E-1,1.841819E-3
2.333333E-1,1.838787E-3
2.336806E-1,1.835755E-3
2.340278E-1,1.832722E-3
2.343750E-1,1.829690E-3
2.347222E-1,1.826658E-3
2.350694E-1,1.823626E-3
2.354167E-1,1.820594E-3
2.357639E-1,1.817562E-3
2.361111E-1,1.814529E-3
2.364583E-1,1.811497E-3
2.368056E-1,1.808465E-3
2.371528E-1,1.805433E-3
2.375000E-1,1.802401E-3
2.378472E-1,1.799369E-3
2.381944E-1,1.796336E-3
2.385417E-1,1.793304E-3
2.388889E-1,1.790272E-3
2.392361E-1,1.787240E-3
2.395833E-1,1.784208E-3
2.399306E-1,1.781175E-3
2.402778E-1,1.778143E-3
2.406250E-1,1.775111E-3
2.409722E-1,1.772079E-3
2.413194E-1,1.769047E-3
2.416667E-1,1.766015E-3
2.420139E-1,1.762982E-3
2.423611E-1,1.759950E-3
2.427083E-1,1.756918E-3
2.430556E-1,1.753886E-3
2.434028E-1,1.750854E-3
2.437500E-1,1.747822E-3
2.440972E-1,1.744789E-3
2.444444E-1,1.741757E-3
2.447917E-1,1.738725E-3
2.451389E-1,1.735693E-3
2.454861E-1,1.732661E-3
2.458333E-1,1.729629E-3
2.461806E-1,1.726596E-3
2.465278E-1,1.723564E-3
2.468750E-1,1.720532E-3
2.472222E-1,1.717500E-3
2.475694E-1,1.714468E-3
2.479167E-1,1.711435E-3
2.482639E-1,1.708403E-3
2.486111E-1,1.705371E-3
2.489583E-1,1.702339E-3
2.493056E-1,1.699307E-3
2.496528E-1,1.696275E-3
2.500000E-1,1.693242E-3
2.503472E-1,1.690210E-3
2.506944E-1,1.687178E-3
2.510417E-1,1.684146E-3
2.513889E-1,1.681114E-3
2.517361E-1,1.678082E-3
2.520833E-1,1.675049E-3
2.524306E-1,1.672017E-3
2.527778E-1,1.668985E-3
2.531250E-1,1.665953E-3
2.534722E-1,1.662921E-3
2.538194E-1,1.659889E-3
2.541667E-1,1.656856E-3
2.545139E-1,1.653824E-3
2.548611E-1,1.650792E-3
2.552083E-1,1.647760E-3
2.555556E-1,1.644728E-3
2.559028E-1,1.641695E-3
2.562500E-1,1.638663E-3
2.565972E-1,1.635631E-3
2.569444E-1,1.632599E-3
2.572917E-1,1.629567E-3
2.576389E-1,1.626535E-3
2.579861E-1,1.623502E-3
2.583333E-1,1.620470E-3
2.586806E-1,1.617438E-3
2.590278E-1,1.614406E-3
2.593750E-1,1.611374E-3
2.597222E-1,1.608342E-3
2.600694E-1,1.605309E-3
2.604167E-1,1.602277E-3
2.607639E-1,1.599245E-3
2.611111E-1,1.596213E-3
2.614583E-1,1.593181E-3
2.618056E-1,1.590148E-3
2.621528E-1,1.587116E-3
2.625000E-1,1.584084E-3
2.628472E-1,1.581052E-3
2.631944E-1,1.578020E-3
2.635417E-1,1.574988E-3
2.638889E-1,1.571955E-3
2.642361E-1,1.568923E-3
2.645833E-1,1.565891E-3
2.649306E-1,1.562859E-3
2.652778E-1,1.559827E-3
2.656250E-1,1.556795E-3
2.659722E-1,1.553762E-3
2.663194E-1,1.550730E-3
2.666667E-1,1.547698E-3
2.670139E-1,1.544666E-3
2.673611E-1,1.541634E-3
2.677083E-1,1.538602E-3
2.680556E-1,1.535569E-3
2.684028E-1,1.532537E-3
2.687500E-1,1.529505E-3
2.690972E-1,1.526473E-3
2.694444E-1,1.523441E-3
2.697917E-1,1.520408E-3
2.701389E-1,1.517376E-3
2.704861E-1,1.514344E-3
2.708333E-1,1.511312E-3
2.711806E-1,1.508280E-3
2.715278E-1,1.505248E-3
2.718750E-1,1.502215E-3
2.722222E-1,1.499183E-3
2.725694E-1,1.496151E-3
2.729167E-1,1.493119E-3
2.732639E-1,1.490087E-3
2.736111E-1,1.487055E-3
2.739583E-1,1.484022E-3
2.743056E-1,1.480990E-3
2.746528E-1,1.477958E-3
2.750000E-1,1.474926E-3
2.753472E-1,1.471894E-3
2.756944E-1,1.468862E-3
2.760417E-1,1.465829E-3
2.763889E-1,1.462797E-3
2.767361E-1,1.459765E-3
2.770833E-1,1.456733E-3
2.774306E-1,1.453701E-3
2.777778E-1,1.450668E-3
2.781250E-1,1.447636E-3
2.784722E-1,1.445483E-3
2.788194E-1,1.444778E-3
2.791667E-1,1.444073E-3
2.795139E-1,1.443368E-3
2.798611E-1,1.442663E-3
2.802083E-1,1.441957E-3
2.805556E-1,1.441252E-3
2.809028E-1,1.440547E-3
2.812500E-1,1.439842E-3
2.815972E-1,1.439137E-3
2.819444E-1,1.438431E-3
2.822917E-1,1.437726E-3
2.826389E-1,1.437021E-3
2.829861E-1,1.436316E-3
2.833333E-1,1.435610E-3
2.836806E-1,1.434905E-3
2.840278E-1,1.434200E-3
2.843750E-1,1.433495E-3
2.847222E-1,1.432790E-3
2.850694E-1,1.432084E-3
2.854167E-1,1.431379E-3
2.857639E-1,1.430674E-3
2.861111E-1,1.429969E-3
2.864583E-1,1.429263E-3
2.868056E-1,1.428558E-3
2.871528E-1,1.427853E-3
2.875000E-1,1.427148E-3
2.878472E-1,1.426443E-3
2.881944E-1,1.425737E-3
2.885417E-1,1.425032E-3
2.888889E-1,1.424327E-3
2.892361E-1,1.423622E-3
2.895833E-1,1.422917E-3
2.899306E-1,1.422211E-3
2.902778E-1,1.421506E-3
2.906250E-1,1.420801E-3
2.909722E-1,1.420096E-3
2.913194E-1,1.419390E-3
2.916667E-1,1.418685E-3
2.920139E-1,1.417980E-3
2.923611E-1,1.417275E-3
2.927083E-1,1.416570E-3
2.930556E-1,1.415864E-3
2.934028E-1,1.415159E-3
2.937500E-1,1.414454E-3
2.940972E-1,1.413749E-3
2.944444E-1,1.413043E-3
2.947917E-1,1.412338E-3
2.951389E-1,1.411633E-3
2.954861E-1,1.410928E-3
2.958333E-1,1.410223E-3
2.961806E-1,1.409517E-3
2.965278E-1,1.408812E-3
2.968750E-1,1.408107E-3
2.972222E-1,1.407402E-3
2.975694E-1,1.406697E-3
2.979167E-1,1.405991E-3
2.982639E-1,1.405286E-3
2.986111E-1,1.404581E-3
2.989583E-1,1.403876E-3
2.993056E-1,1.403170E-3
2.996528E-1,1.402465E-3
3.000000E-1,1.401760E-3
3.003472E-1,1.401055E-3
3.006944E-1,1.400350E-3
3.010417E-1,1.399644E-3
3.013889E-1,1.398939E-3
3.017361E-1,1.398234E-3
3.020833E-1,1.397529E-3
3.024306E-1,1.396823E-3
3.027778E-1,1.396118E-3
3.031250E-1,1.395413E-3
3.034722E-1,1.394708E-3
3.038194E-1,1.394003E-3
3.041667E-1,1.393297E-3
3.045139E-1,1.392592E-3
3.048611E-1,1.391887E-3
3.052083E-1,1.391182E-3
3.055556E-1,1.390477E-3
3.059028E-1,1.389771E-3
3.062500E-1,1.389066E-3
3.065972E-1,1.388361E-3
3.069444E-1,1.387656E-3
3.072917E-1,1.386950E-3
3.076389E-1,1.386245E-3
3.079861E-1,1.385540E-3
3.083333E-1,1.384835E-3
3.086806E-1,1.384130E-3
3.090278E-1,1.383424E-3
3.093750E-1,1.382719E-3
3.097222E-1,1.382014E-3
3.100694E-1,1.381309E-3
3.104167E-1,1.380603E-3
3.107639E-1,1.379898E-3
3.111111E-1,1.379193E-3
3.114583E-1,1.378488E-3
3.118056E-1,1.377783E-3
3.121528E-1,1.377077E-3
3.125000E-1,1.376372E-3
3.128472E-1,1.375667E-3
3.131944E-1,1.374962E-3
3.135417E-1,1.374257E-3
3.138889E-1,1.373551E-3
3.142361E-1,1.372846E-3
3.145833E-1,1.372141E-3
3.149306E-1,1.371436E-3
3.152778E-1,1.370730E-3
3.156250E-1,1.370025E-3
3.159722E-1,1.369320E-3
3.163194E-1,1.368615E-3
3.166667E-1,1.367910E-3
3.170139E-1,1.367204E-3
3.173611E-1,1.366499E-3
3.177083E-1,1.365794E-3
3.180556E-1,1.365089E-3
3.184028E-1,1.364383E-3
3.187500E-1,1.363678E-3
3.190972E-1,1.362973E-3
3.194444E-1,1.362268E-3
3.197917E-1,1.361563E-3
3.201389E-1,1.360857E-3
3.204861E-1,1.360152E-3
3.208333E-1,1.359447E-3
3.211806E-1,1.358742E-3
3.215278E-1,1.358037E-3
3.218750E-1,1.358612E-3
3.222222E-1,1.359965E-3
3.225694E-1,1.361319E-3
3.229167E-1,1.362672E-3
3.232639E-1,1.364025E-3
3.236111E-1,1.365379E-3
3.239583E-1,1.366732E-3
3.243056E-1,1.368086E-3
3.246528E-1,1.369439E-3
3.250000E-1,1.370792E-3
3.253472E-1,1.372146E-3
3.256944E-1,1.373499E-3
3.260417E-1,1.374853E-3
3.263889E-1,1.376206E-3
3.267361E-1,1.377559E-3
3.270833E-1,1.378913E-3
3.274306E-1,1.380266E-3
3.277778E-1,1.381619E-3
3.281250E-1,1.382973E-3
3.284722E-1,1.384326E-3
3.288194E-1,1.385680E-3
3.291667E-1,1.387033E-3
3.295139E-1,1.388386E-3
3.298611E-1,1.389740E-3
3.302083E-1,1.391093E-3
3.305556E-1,1.392447E-3
3.309028E-1,1.393800E-3
3.312500E-1,1.395153E-3
3.315972E-1,1.396507E-3
3.319444E-1,1.397860E-3
3.322917E-1,1.399213E-3
3.326389E-1,1.400567E-3
3.329861E-1,1.401920E-3
3.333333E-1,1.403274E-3
3.336806E-1,1.404627E-3
3.340278E-1,1.405980E-3
3.343750E-1,1.407334E-3
3.347222E-1,1.408687E-3
3.350694E-1,1.410041E-3
3.354167E-1,1.411394E-3
3.357639E-1,1.412747E-3
3.361111E-1,1.414101E-3
3.364583E-1,1.415454E-3
3.368056E-1,1.416807E-3
3.371528E-1,1.418161E-3
3.375000E-1,1.419514E-3
3.378472E-1,1.420868E-3
3.381944E-1,1.422221E-3
3.385417E-1,1.423574E-3
3.388889E-1,1.424928E-3
3.392361E-1,1.426281E-3
3.395833E-1,1.427635E-3
3.399306E-1,1.428988E-3
3.402778E-1,1.430341E-3
3.406250E-1,1.431695E-3
3.409722E-1,1.433048E-3
3.413194E-1,1.434401E-3
3.416667E-1,1.435755E-3
3.420139E-1,1.437108E-3
3.423611E-1,1.438462E-3
3.427083E-1,1.439815E-3
3.430556E-1,1.441168E-3
3.434028E-1,1.442522E-3
3.437500E-1,1.443875E-3
3.440972E-1,1.445229E-3
3.444444E-1,1.446582E-3
3.447917E-1,1.447935E-3
3.451389E-1,1.449289E-3
3.454861E-1,1.450642E-3
3.458333E-1,1.451995E-3
3.461806E-1,1.453349E-3
3.465278E-1,1.454702E-3
3.468750E-1,1.456056E-3
3.472222E-1,1.457409E-3
3.475694E-1,1.458762E-3
3.479167E-1,1.460116E-3
3.482639E-1,1.461469E-3
3.486111E-1,1.462823E-3
3.489583E-1,1.464176E-3
3.493056E-1,1.465529E-3
3.496528E-1,1.466883E-3
3.500000E-1,1.468236E-3
3.503472E-1,1.469590E-3
3.506944E-1,1.470943E-3
3.510417E-1,1.472296E-3
3.513889E-1,1.473650E-3
3.517361E-1,1.475003E-3
3.520833E-1,1.476356E-3
3.524306E-1,1.477710E-3
3.527778E-1,1.479063E-3
3.531250E-1,1.480417E-3
3.534722E-1,1.481770E-3
3.538194E-1,1.483123E-3
3.541667E-1,1.484477E-3
3.545139E-1,1.485830E-3
3.548611E-1,1.487184E-3
3.552083E-1,1.488537E-3
3.555556E-1,1.489890E-3
3.559028E-1,1.491244E-3
3.562500E-1,1.492597E-3
3.565972E-1,1.493950E-3
3.569444E-1,1.495304E-3
3.572917E-1,1.496657E-3
3.576389E-1,1.498011E-3
3.579861E-1,1.499364E-3
3.583333E-1,1.500717E-3
3.586806E-1,1.502071E-3
3.590278E-1,1.503424E-3
3.593750E-1,1.504778E-3
3.597222E-1,1.506131E-3
3.600694E-1,1.507484E-3
3.604167E-1,1.508838E-3
3.607639E-1,1.510191E-3
3.611111E-1,1.511544E-3
3.614583E-1,1.512898E-3
3.618056E-1,1.514251E-3
3.621528E-1,1.515605E-3
3.625000E-1,1.516958E-3
3.628472E-1,1.518311E-3
3.631944E-1,1.519665E-3
3.635417E-1,1.521018E-3
3.638889E-1,1.522372E-3
3.642361E-1,1.523725E-3
3.645833E-1,1.525078E-3
3.649306E-1,1.526432E-3
3.652778E-1,1.527785E-3
3.656250E-1,1.529138E-3
3.659722E-1,1.530492E-3
3.663194E-1,1.531845E-3
3.666667E-1,1.533199E-3
3.670139E-1,1.534552E-3
3.673611E-1,1.535905E-3
3.677083E-1,1.537259E-3
3.680556E-1,1.538041E-3
3.684028E-1,1.538761E-3
3.687500E-1,1.539482E-3
3.690972E-1,1.540202E-3
3.694444E-1,1.540923E-3
3.697917E-1,1.541643E-3
3.701389E-1,1.542364E-3
3.704861E-1,1.543085E-3
3.708333E-1,1.543805E-3
3.711806E-1,1.544526E-3
3.715278E-1,1.545246E-3
3.718750E-1,1.545967E-3
3.722222E-1,1.546687E-3
3.725694E-1,1.547408E-3
3.729167E-1,1.548128E-3
3.732639E-1,1.548849E-3
3.736111E-1,1.549570E-3
3.739583E-1,1.550290E-3
3.743056E-1,1.551011E-3
3.746528E-1,1.551731E-3
3.750000E-1,1.552452E-3
3.753472E-1,1.553172E-3
3.756944E-1,1.553893E-3
3.760417E-1,1.554613E-3
3.763889E-1,1.555334E-3
3.767361E-1,1.556055E-3
3.770833E-1,1.556775E-3
3.774306E-1,1.557496E-3
3.777778E-1,1.558216E-3
3.781250E-1,1.558937E-3
3.784722E-1,1.559657E-3
3.788194E-1,1.560378E-3
3.791667E-1,1.561098E-3
3.795139E-1,1.561819E-3
3.798611E-1,1.562540E-3
3.802083E-1,1.563260E-3
3.805556E-1,1.563981E-3
3.809028E-1,1.564701E-3
3.812500E-1,1.565422E-3
3.815972E-1,1.566142E-3
3.819444E-1,1.566863E-3
3.822917E-1,1.567583E-3
3.826389E-1,1.568304E-3
3.829861E-1,1.569025E-3
3.833333E-1,1.569745E-3
3.836806E-1,1.570466E-3
3.840278E-1,1.571186E-3
3.843750E-1,1.571907E-3
3.847222E-1,1.572627E-3
3.850694E-1,1.573348E-3
3.854167E-1,1.574068E-3
3.857639E-1,1.574789E-3
3.861111E-1,1.575509E-3
3.864583E-1,1.576230E-3
3.868056E-1,1.576951E-3
3.871528E-1,1.577671E-3
3.875000E-1,1.578392E-3
3.878472E-1,1.579112E-3
3.881944E-1,1.579833E-3
3.885417E-1,1.580553E-3
3.888889E-1,1.581274E-3
3.892361E-1,1.581994E-3
3.895833E-1,1.582715E-3
3.899306E-1,1.583436E-3
3.902778E-1,1.584156E-3
3.906250E-1,1.584877E-3
3.909722E-1,1.585597E-3
3.913194E-1,1.586318E-3
3.916667E-1,1.587038E-3
3.920139E-1,1.587759E-3
3.923611E-1,1.588479E-3
3.927083E-1,1.589200E-3
3.930556E-1,1.589921E-3
3.934028E-1,1.590641E-3
3.937500E-1,1.591362E-3
3.940972E-1,1.592082E-3
3.944444E-1,1.592803E-3
3.947917E-1,1.593523E-3
3.951389E-1,1.594244E-3
3.954861E-1,1.594964E-3
3.958333E-1,1.595685E-3
3.961806E-1,1.596406E-3
3.965278E-1,1.597126E-3
3.968750E-1,1.597847E-3
3.972222E-1,1.598567E-3
3.975694E-1,1.599288E-3
3.979167E-1,1.600008E-3
3.982639E-1,1.600729E-3
3.986111E-1,1.601449E-3
3.989583E-1,1.602170E-3
3.993056E-1,1.602891E-3
3.996528E-1,1.603611E-3
4.000000E-1,1.604332E-3
4.003472E-1,1.605052E-3
4.006944E-1,1.605773E-3
4.010417E-1,1.606493E-3
4.013889E-1,1.607214E-3
4.017361E-1,1.607934E-3
4.020833E-1,1.608655E-3
4.024306E-1,1.609376E-3
4.027778E-1,1.610096E-3
4.031250E-1,1.610817E-3
4.034722E-1,1.611537E-3
4.038194E-1,1.612258E-3
4.041667E-1,1.612978E-3
4.045139E-1,1.613699E-3
4.048611E-1,1.614419E-3
4.052083E-1,1.615140E-3
4.055556E-1,1.615861E-3
4.059028E-1,1.616581E-3
4.062500E-1,1.617302E-3
4.065972E-1,1.618022E-3
4.069444E-1,1.618743E-3
4.072917E-1,1.619463E-3
4.076389E-1,1.620184E-3
4.079861E-1,1.620904E-3
4.083333E-1,1.621625E-3
4.086806E-1,1.622346E-3
4.090278E-1,1.623066E-3
4.093750E-1,1.623787E-3
4.097222E-1,1.624507E-3
4.100694E-1,1.625228E-3
4.104167E-1,1.623861E-3
4.107639E-1,1.621980E-3
4.111111E-1,1.620100E-3
4.114583E-1,1.618219E-3
4.118056E-1,1.616339E-3
4.121528E-1,1.614458E-3
4.125000E-1,1.612577E-3
4.128472E-1,1.610697E-3
4.131944E-1,1.608816E-3
4.135417E-1,1.606936E-3
4.138889E-1,1.605055E-3
4.142361E-1,1.603175E-3
4.145833E-1,1.601294E-3
4.149306E-1,1.599414E-3
4.152778E-1,1.597533E-3
4.156250E-1,1.595652E-3
4.159722E-1,1.593772E-3
4.163194E-1,1.591891E-3
4.166667E-1,1.590011E-3
4.170139E-1,1.588130E-3
4.173611E-1,1.586250E-3
4.177083E-1,1.584369E-3
4.180556E-1,1.582489E-3
4.184028E-1,1.580608E-3
4.187500E-1,1.578727E-3
4.190972E-1,1.576847E-3
4.194444E-1,1.574966E-3
4.197917E-1,1.573086E-3
4.201389E-1,1.571205E-3
4.204861E-1,1.569325E-3
4.208333E-1,1.567444E-3
4.211806E-1,1.565564E-3
4.215278E-1,1.563683E-3
4.218750E-1,1.561802E-3
4.222222E-1,1.559922E-3
4.225694E-1,1.558041E-3
4.229167E-1,1.556161E-3
4.232639E-1,1.554280E-3
4.236111E-1,1.552400E-3
4.239583E-1,1.550519E-3
4.243056E-1,1.548639E-3
4.246528E-1,1.546758E-3
4.250000E-1,1.544878E-3
4.253472E-1,1.542997E-3
4.256944E-1,1.541116E-3
4.260417E-1,1.539236E-3
4.263889E-1,1.537355E-3
4.267361E-1,1.535475E-3
4.270833E-1,1.533594E-3
4.274306E-1,1.531714E-3
4.277778E-1,1.529833E-3
4.281250E-1,1.527953E-3
4.284722E-1,1.526072E-3
4.288194E-1,1.524191E-3
4.291667E-1,1.522311E-3
4.295139E-1,1.520430E-3
4.298611E-1,1.518550E-3
4.302083E-1,1.516669E-3
4.305556E-1,1.514789E-3
4.309028E-1,1.512908E-3
4.312500E-1,1.511028E-3
4.315972E-1,1.509147E-3
4.319444E-1,1.507266E-3
4.322917E-1,1.505386E-3
4.326389E-1,1.503505E-3
4.329861E-1,1.501625E-3
4.333333E-1,1.499744E-3
4.336806E-1,1.497864E-3
4.340278E-1,1.495983E-3
4.343750E-1,1.494103E-3
4.347222E-1,1.492222E-3
4.350694E-1,1.490341E-3
4.354167E-1,1.488461E-3
4.357639E-1,1.486580E-3
4.361111E-1,1.484700E-3
4.364583E-1,1.482819E-3
4.368056E-1,1.480939E-3
4.371528E-1,1.479058E-3
4.375000E-1,1.477178E-3
4.378472E-1,1.475297E-3
4.381944E-1,1.473417E-3
4.385417E-1,1.471536E-3
4.388889E-1,1.469655E-3
4.392361E-1,1.467775E-3
4.395833E-1,1.465894E-3
4.399306E-1,1.464014E-3
4.402778E-1,1.462133E-3
4.406250E-1,1.460253E-3
4.409722E-1,1.458372E-3
4.413194E-1,1.456492E-3
4.416667E-1,1.454611E-3
4.420139E-1,1.452730E-3
4.423611E-1,1.450850E-3
4.427083E-1,1.448969E-3
4.430556E-1,1.447089E-3
4.434028E-1,1.445208E-3
4.437500E-1,1.443328E-3
4.440972E-1,1.441447E-3
4.444444E-1,1.439567E-3
4.447917E-1,1.437686E-3
4.451389E-1,1.435805E-3
4.454861E-1,1.433925E-3
4.458333E-1,1.432044E-3
4.461806E-1,1.430164E-3
4.465278E-1,1.428283E-3
4.468750E-1,1.426403E-3
4.472222E-1,1.424522E-3
4.475694E-1,1.422642E-3
4.479167E-1,1.420761E-3
4.482639E-1,1.418880E-3
4.486111E-1,1.417000E-3
4.489583E-1,1.415119E-3
4.493056E-1,1.413239E-3
4.496528E-1,1.411358E-3
4.500000E-1,1.409478E-3
4.503472E-1,1.407597E-3
4.506944E-1,1.405717E-3
4.510417E-1,1.403836E-3
4.513889E-1,1.401955E-3
4.517361E-1,1.400075E-3
4.520833E-1,1.398194E-3
4.524306E-1,1.396314E-3
4.527778E-1,1.394433E-3
4.531250E-1,1.392553E-3
4.534722E-1,1.390706E-3
4.538194E-1,1.389551E-3
4.541667E-1,1.388395E-3
4.545139E-1,1.387240E-3
4.548611E-1,1.386084E-3
4.552083E-1,1.384929E-3
4.555556E-1,1.383773E-3
4.559028E-1,1.382618E-3
4.562500E-1,1.381462E-3
4.565972E-1,1.380307E-3
4.569444E-1,1.379151E-3
4.572917E-1,1.377996E-3
4.576389E-1,1.376840E-3
4.579861E-1,1.375685E-3
4.583333E-1,1.374529E-3
4.586806E-1,1.373374E-3
4.590278E-1,1.372218E-3
4.593750E-1,1.371063E-3
4.597222E-1,1.369907E-3
4.600694E-1,1.368752E-3
4.604167E-1,1.367596E-3
4.607639E-1,1.366441E-3
4.611111E-1,1.365285E-3
4.614583E-1,1.364130E-3
4.618056E-1,1.362974E-3
4.621528E-1,1.361819E-3
4.625000E-1,1.360663E-3
4.628472E-1,1.359508E-3
4.631944E-1,1.358352E-3
4.635417E-1,1.357197E-3
4.638889E-1,1.356041E-3
4.642361E-1,1.354886E-3
4.645833E-1,1.353730E-3
4.649306E-1,1.352575E-3
4.652778E-1,1.351420E-3
4.656250E-1,1.350264E-3
4.659722E-1,1.349109E-3
4.663194E-1,1.347953E-3
4.666667E-1,1.346798E-3
4.670139E-1,1.345642E-3
4.673611E-1,1.344487E-3
4.677083E-1,1.343331E-3
4.680556E-1,1.342176E-3
4.684028E-1,1.341020E-3
4.687500E-1,1.339865E-3
4.690972E-1,1.338709E-3
4.694444E-1,1.337554E-3
4.697917E-1,1.336398E-3
4.701389E-1,1.335243E-3
4.704861E-1,1.334087E-3
4.708333E-1,1.332932E-3
4.711806E-1,1.331776E-3
4.715278E-1,1.330621E-3
4.718750E-1,1.329465E-3
4.722222E-1,1.328310E-3
4.725694E-1,1.327154E-3
4.729167E-1,1.325999E-3
4.732639E-1,1.324843E-3
4.736111E-1,1.323688E-3
4.739583E-1,1.322532E-3
4.743056E-1,1.321377E-3
4.746528E-1,1.320221E-3
4.750000E-1,1.319066E-3
4.753472E-1,1.317910E-3
4.756944E-1,1.316755E-3
4.760417E-1,1.315599E-3
4.763889E-1,1.314444E-3
4.767361E-1,1.313289E-3
4.770833E-1,1.312133E-3
4.774306E-1,1.310978E-3
4.777778E-1,1.309822E-3
4.781250E-1,1.308667E-3
4.784722E-1,1.307511E-3
4.788194E-1,1.306356E-3
4.791667E-1,1.305200E-3
4.795139E-1,1.304045E-3
4.798611E-1,1.302889E-3
4.802083E-1,1.301734E-3
4.805556E-1,1.300578E-3
4.809028E-1,1.299423E-3
4.812500E-1,1.298267E-3
4.815972E-1,1.297112E-3
4.819444E-1,1.295956E-3
4.822917E-1,1.294801E-3
4.826389E-1,1.293645E-3
4.829861E-1,1.292490E-3
4.833333E-1,1.291334E-3
4.836806E-1,1.290179E-3
4.840278E-1,1.289023E-3
4.843750E-1,1.287868E-3
4.847222E-1,1.286712E-3
4.850694E-1,1.285557E-3
4.854167E-1,1.284401E-3
4.857639E-1,1.283246E-3
4.861111E-1,1.282090E-3
4.864583E-1,1.280935E-3
4.868056E-1,1.279779E-3
4.871528E-1,1.278624E-3
4.875000E-1,1.277468E-3
4.878472E-1,1.276313E-3
4.881944E-1,1.275157E-3
4.885417E-1,1.274002E-3
4.888889E-1,1.272847E-3
4.892361E-1,1.271691E-3
4.895833E-1,1.270536E-3
4.899306E-1,1.269380E-3
4.902778E-1,1.268225E-3
4.906250E-1,1.267069E-3
4.909722E-1,1.265914E-3
4.913194E-1,1.264758E-3
4.916667E-1,1.263603E-3
4.920139E-1,1.262447E-3
4.923611E-1,1.261292E-3
4.927083E-1,1.260136E-3
4.930556E-1,1.258981E-3
4.934028E-1,1.257825E-3
4.937500E-1,1.256670E-3
4.940972E-1,1.255514E-3
4.944444E-1,1.254359E-3
4.947917E-1,1.253203E-3
4.951389E-1,1.252048E-3
4.954861E-1,1.250892E-3
4.958333E-1,1.249737E-3
4.961806E-1,1.248581E-3
4.965278E-1,1.247426E-3
4.968750E-1,1.246270E-3
4.972222E-1,1.245115E-3
4.975694E-1,1.243959E-3
4.979167E-1,1.242804E-3
4.982639E-1,1.241648E-3
4.986111E-1,1.240493E-3
4.989583E-1,1.239455E-3
4.993056E-1,1.238419E-3
4.996528E-1,1.237383E-3
5.000000E-1,1.236347E-3
5.003472E-1,1.235312E-3
5.006944E-1,1.234276E-3
5.010417E-1,1.233240E-3
5.013889E-1,1.232204E-3
5.017361E-1,1.231168E-3
5.020833E-1,1.230133E-3
5.024306E-1,1.229097E-3
5.027778E-1,1.228061E-3
5.031250E-1,1.227025E-3
5.034722E-1,1.225989E-3
5.038194E-1,1.224954E-3
5.041667E-1,1.223918E-3
5.045139E-1,1.222882E-3
5.048611E-1,1.221846E-3
5.052083E-1,1.220810E-3
5.055556E-1,1.219774E-3
5.059028E-1,1.218739E-3
5.062500E-1,1.217703E-3
5.065972E-1,1.216667E-3
5.069444E-1,1.215631E-3
5.072917E-1,1.214595E-3
5.076389E-1,1.213560E-3
5.079861E-1,1.212524E-3
5.083333E-1,1.211488E-3
5.086806E-1,1.210452E-3
5.090278E-1,1.209416E-3
5.093750E-1,1.208381E-3
5.097222E-1,1.207345E-3
5.100694E-1,1.206309E-3
5.104167E-1,1.205273E-3
5.107639E-1,1.204237E-3
5.111111E-1,1.203202E-3
5.114583E-1,1.202166E-3
5.118056E-1,1.201130E-3
5.121528E-1,1.200094E-3
5.125000E-1,1.199058E-3
5.128472E-1,1.198023E-3
5.131944E-1,1.196987E-3
5.135417E-1,1.195951E-3
5.138889E-1,1.194915E-3
5.142361E-1,1.193879E-3
5.145833E-1,1.192844E-3
5.149306E-1,1.191808E-3
5.152778E-1,1.190772E-3
5.156250E-1,1.189736E-3
5.159722E-1,1.188700E-3
5.163194E-1,1.187665E-3
5.166667E-1,1.186629E-3
5.170139E-1,1.185593E-3
5.173611E-1,1.184557E-3
5.177083E-1,1.183521E-3
5.180556E-1,1.182486E-3
5.184028E-1,1.181450E-3
5.187500E-1,1.180414E-3
5.190972E-1,1.179378E-3
5.194444E-1,1.178342E-3
5.197917E-1,1.177307E-3
5.201389E-1,1.176271E-3
5.204861E-1,1.175235E-3
5.208333E-1,1.174199E-3
5.211806E-1,1.173163E-3
5.215278E-1,1.172128E-3
5.218750E-1,1.171092E-3
5.222222E-1,1.170056E-3
5.225694E-1,1.169020E-3
5.229167E-1,1.167984E-3
5.232639E-1,1.166948E-3
5.236111E-1,1.165913E-3
5.239583E-1,1.164877E-3
5.243056E-1,1.163841E-3
5.246528E-1,1.162805E-3
5.250000E-1,1.161769E-3
5.253472E-1,1.160734E-3
5.256944E-1,1.159698E-3
5.260417E-1,1.158662E-3
5.263889E-1,1.157626E-3
5.267361E-1,1.156590E-3
5.270833E-1,1.155555E-3
5.274306E-1,1.154519E-3
5.277778E-1,1.153483E-3
5.281250E-1,1.152447E-3
5.284722E-1,1.151411E-3
5.288194E-1,1.150376E-3
5.291667E-1,1.149340E-3
5.295139E-1,1.148304E-3
5.298611E-1,1.147268E-3
5.302083E-1,1.146232E-3
5.305556E-1,1.145197E-3
5.309028E-1,1.144161E-3
5.312500E-1,1.143125E-3
5.315972E-1,1.142089E-3
5.319444E-1,1.141053E-3
5.322917E-1,1.140018E-3
5.326389E-1,1.138982E-3
5.329861E-1,1.137946E-3
5.333333E-1,1.136910E-3
5.336806E-1,1.135874E-3
5.340278E-1,1.134839E-3
5.343750E-1,1.133803E-3
5.347222E-1,1.132767E-3
5.350694E-1,1.131731E-3
5.354167E-1,1.130695E-3
5.357639E-1,1.129660E-3
5.361111E-1,1.128624E-3
5.364583E-1,1.127588E-3
5.368056E-1,1.126552E-3
5.371528E-1,1.125516E-3
5.375000E-1,1.124481E-3
5.378472E-1,1.123445E-3
5.381944E-1,1.122409E-3
5.385417E-1,1.121373E-3
5.388889E-1,1.120337E-3
5.392361E-1,1.119302E-3
5.395833E-1,1.118266E-3
5.399306E-1,1.117230E-3
5.402778E-1,1.116194E-3
5.406250E-1,1.115158E-3
5.409722E-1,1.114123E-3
5.413194E-1,1.113087E-3
5.416667E-1,1.112051E-3
5.420139E-1,1.111015E-3
5.423611E-1,1.109979E-3
5.427083E-1,1.108943E-3
5.430556E-1,1.108184E-3
5.434028E-1,1.107632E-3
5.437500E-1,1.107079E-3
5.440972E-1,1.106527E-3
5.444444E-1,1.105975E-3
5.447917E-1,1.105422E-3
5.451389E-1,1.104870E-3
5.454861E-1,1.104318E-3
5.458333E-1,1.103765E-3
5.461806E-1,1.103213E-3
5.465278E-1,1.102660E-3
5.468750E-1,1.102108E-3
5.472222E-1,1.101556E-3
5.475694E-1,1.101003E-3
5.479167E-1,1.100451E-3
5.482639E-1,1.099899E-3
5.486111E-1,1.099346E-3
5.489583E-1,1.098794E-3
5.493056E-1,1.098241E-3
5.496528E-1,1.097689E-3
5.500000E-1,1.097137E-3
5.503472E-1,1.096584E-3
5.506944E-1,1.096032E-3
5.510417E-1,1.095480E-3
5.513889E-1,1.094927E-3
5.517361E-1,1.094375E-3
5.520833E-1,1.093822E-3
5.524306E-1,1.093270E-3
5.527778E-1,1.092718E-3
5.531250E-1,1.092165E-3
5.534722E-1,1.091613E-3
5.538194E-1,1.091061E-3
5.541667E-1,1.090508E-3
5.545139E-1,1.089956E-3
5.548611E-1,1.089403E-3
5.552083E-1,1.088851E-3
5.555556E-1,1.088299E-3
5.559028E-1,1.087746E-3
5.562500E-1,1.087194E-3
5.565972E-1,1.086642E-3
5.569444E-1,1.086089E-3
5.572917E-1,1.085537E-3
5.576389E-1,1.084984E-3
5.579861E-1,1.084432E-3
5.583333E-1,1.083880E-3
5.586806E-1,1.083327E-3
5.590278E-1,1.082775E-3
5.593750E-1,1.082223E-3
5.597222E-1,1.081670E-3
5.600694E-1,1.081118E-3
5.604167E-1,1.080565E-3
5.607639E-1,1.080013E-3
5.611111E-1,1.079461E-3
5.614583E-1,1.078908E-3
5.618056E-1,1.078356E-3
5.621528E-1,1.077804E-3
5.625000E-1,1.077251E-3
5.628472E-1,1.076699E-3
5.631944E-1,1.076146E-3
5.635417E-1,1.075594E-3
5.638889E-1,1.075042E-3
5.642361E-1,1.074489E-3
5.645833E-1,1.073937E-3
5.649306E-1,1.073385E-3
5.652778E-1,1.072832E-3
5.656250E-1,1.072280E-3
5.659722E-1,1.071727E-3
5.663194E-1,1.071175E-3
5.666667E-1,1.070623E-3
5.670139E-1,1.070070E-3
5.673611E-1,1.069518E-3
5.677083E-1,1.068966E-3
5.680556E-1,1.068413E-3
5.684028E-1,1.067861E-3
5.687500E-1,1.067308E-3
5.690972E-1,1.066756E-3
5.694444E-1,1.066204E-3
5.697917E-1,1.065651E-3
5.701389E-1,1.065099E-3
5.704861E-1,1.064547E-3
5.708333E-1,1.063994E-3
5.711806E-1,1.063442E-3
5.715278E-1,1.062889E-3
5.718750E-1,1.062337E-3
5.722222E-1,1.061785E-3
5.725694E-1,1.061232E-3
5.729167E-1,1.060680E-3
5.732639E-1,1.060128E-3
5.736111E-1,1.059575E-3
5.739583E-1,1.059023E-3
5.743056E-1,1.058470E-3
5.746528E-1,1.057918E-3
5.750000E-1,1.057366E-3
5.753472E-1,1.056813E-3
5.756944E-1,1.056261E-3
5.760417E-1,1.055709E-3
5.763889E-1,1.055156E-3
5.767361E-1,1.054604E-3
5.770833E-1,1.054051E-3
5.774306E-1,1.053499E-3
5.777778E-1,1.052947E-3
5.781250E-1,1.052394E-3
5.784722E-1,1.051842E-3
5.788194E-1,1.051290E-3
5.791667E-1,1.050737E-3
5.795139E-1,1.050185E-3
5.798611E-1,1.049632E-3
5.802083E-1,1.049080E-3
5.805556E-1,1.048528E-3
5.809028E-1,1.047975E-3
5.812500E-1,1.047423E-3
5.815972E-1,1.046871E-3
5.819444E-1,1.046318E-3
5.822917E-1,1.045766E-3
5.826389E-1,1.045213E-3
5.829861E-1,1.044661E-3
5.833333E-1,1.044109E-3
5.836806E-1,1.043556E-3
5.840278E-1,1.043004E-3
5.843750E-1,1.042467E-3
5.847222E-1,1.042035E-3
5.850694E-1,1.041603E-3
5.854167E-1,1.041172E-3
5.857639E-1,1.040740E-3
5.861111E-1,1.040309E-3
5.864583E-1,1.039877E-3
5.868056E-1,1.039446E-3
5.871528E-1,1.039014E-3
5.875000E-1,1.038583E-3
5.878472E-1,1.038151E-3
5.881944E-1,1.037719E-3
5.885417E-1,1.037288E-3
5.888889E-1,1.036856E-3
5.892361E-1,1.036425E-3
5.895833E-1,1.035993E-3
5.899306E-1,1.035562E-3
5.902778E-1,1.035130E-3
5.906250E-1,1.034699E-3
5.909722E-1,1.034267E-3
5.913194E-1,1.033836E-3
5.916667E-1,1.033404E-3
5.920139E-1,1.032972E-3
5.923611E-1,1.032541E-3
5.927083E-1,1.032109E-3
5.930556E-1,1.031678E-3
5.934028E-1,1.031246E-3
5.937500E-1,1.030815E-3
5.940972E-1,1.030383E-3
5.944444E-1,1.029952E-3
5.947917E-1,1.029520E-3
5.951389E-1,1.029088E-3
5.954861E-1,1.028657E-3
5.958333E-1,1.028225E-3
5.961806E-1,1.027794E-3
5.965278E-1,1.027362E-3
5.968750E-1,1.026931E-3
5.972222E-1,1.026499E-3
5.975694E-1,1.026068E-3
5.979167E-1,1.025636E-3
5.982639E-1,1.025204E-3
5.986111E-1,1.024773E-3
5.989583E-1,1.024341E-3
5.993056E-1,1.023910E-3
5.996528E-1,1.023478E-3
6.000000E-1,1.023047E-3
6.003472E-1,1.022615E-3
6.006944E-1,1.022184E-3
6.010417E-1,1.021752E-3
6.013889E-1,1.021321E-3
6.017361E-1,1.020889E-3
6.020833E-1,1.020457E-3
6.024306E-1,1.020026E-3
6.027778E-1,1.019594E-3
6.031250E-1,1.019163E-3
6.034722E-1,1.018731E-3
6.038194E-1,1.018300E-3
6.041667E-1,1.017868E-3
6.045139E-1,1.017437E-3
6.048611E-1,1.017005E-3
6.052083E-1,1.016573E-3
6.055556E-1,1.016142E-3
6.059028E-1,1.015710E-3
6.062500E-1,1.015279E-3
6.065972E-1,1.014847E-3
6.069444E-1,1.014416E-3
6.072917E-1,1.013984E-3
6.076389E-1,1.013553E-3
6.079861E-1,1.013121E-3
6.083333E-1,1.012689E-3
6.086806E-1,1.012258E-3
6.090278E-1,1.011826E-3
6.093750E-1,1.011395E-3
6.097222E-1,1.010963E-3
6.100694E-1,1.010532E-3
6.104167E-1,1.010100E-3
6.107639E-1,1.009669E-3
6.111111E-1,1.009237E-3
6.114583E-1,1.008806E-3
6.118056E-1,1.008374E-3
6.121528E-1,1.007942E-3
6.125000E-1,1.007511E-3
6.128472E-1,1.007079E-3
6.131944E-1,1.006648E-3
6.135417E-1,1.006216E-3
6.138889E-1,1.005785E-3
6.142361E-1,1.005353E-3
6.145833E-1,1.004922E-3
6.149306E-1,1.004490E-3
6.152778E-1,1.004058E-3
6.156250E-1,1.003627E-3
6.159722E-1,1.003195E-3
6.163194E-1,1.002764E-3
6.166667E-1,1.002332E-3
6.170139E-1,1.001901E-3
6.173611E-1,1.001469E-3
6.177083E-1,1.001038E-3
6.180556E-1,1.000606E-3
6.184028E-1,1.000174E-3
6.187500E-1,9.997429E-4
6.190972E-1,9.993114E-4
6.194444E-1,9.988798E-4
6.197917E-1,9.984483E-4
6.201389E-1,9.980167E-4
6.204861E-1,9.975852E-4
6.208333E-1,9.971536E-4
6.211806E-1,9.967221E-4
6.215278E-1,9.962905E-4
6.218750E-1,9.958590E-4
6.222222E-1,9.954274E-4
6.225694E-1,9.949959E-4
6.229167E-1,9.945643E-4
6.232639E-1,9.941327E-4
6.236111E-1,9.937012E-4
6.239583E-1,9.932696E-4
6.243056E-1,9.928381E-4
6.246528E-1,9.924065E-4
6.250000E-1,9.919750E-4
6.253472E-1,9.915434E-4
6.256944E-1,9.911119E-4
6.260417E-1,9.906803E-4
6.263889E-1,9.902488E-4
6.267361E-1,9.898172E-4
6.270833E-1,9.893857E-4
6.274306E-1,9.889541E-4
6.277778E-1,9.885226E-4
6.281250E-1,9.880910E-4
6.284722E-1,9.876595E-4
6.288194E-1,9.879992E-4
6.291667E-1,9.886456E-4
6.295139E-1,9.892920E-4
6.298611E-1,9.899384E-4
6.302083E-1,9.905848E-4
6.305556E-1,9.912313E-4
6.309028E-1,9.918777E-4
6.312500E-1,9.925241E-4
6.315972E-1,9.931705E-4
6.319444E-1,9.938169E-4
6.322917E-1,9.944633E-4
6.326389E-1,9.951097E-4
6.329861E-1,9.957561E-4
6.333333E-1,9.964025E-4
6.336806E-1,9.970490E-4
6.340278E-1,9.976954E-4
6.343750E-1,9.983418E-4
6.347222E-1,9.989882E-4
6.350694E-1,9.996346E-4
6.354167E-1,1.000281E-3
6.357639E-1,1.000927E-3
6.361111E-1,1.001574E-3
6.364583E-1,1.002220E-3
6.368056E-1,1.002867E-3
6.371528E-1,1.003513E-3
6.375000E-1,1.004159E-3
6.378472E-1,1.004806E-3
6.381944E-1,1.005452E-3
6.385417E-1,1.006099E-3
6.388889E-1,1.006745E-3
6.392361E-1,1.007391E-3
6.395833E-1,1.008038E-3
6.399306E-1,1.008684E-3
6.402778E-1,1.009331E-3
6.406250E-1,1.009977E-3
6.409722E-1,1.010624E-3
6.413194E-1,1.011270E-3
6.416667E-1,1.011916E-3
6.420139E-1,1.012563E-3
6.423611E-1,1.013209E-3
6.427083E-1,1.013856E-3
6.430556E-1,1.014502E-3
6.434028E-1,1.015148E-3
6.437500E-1,1.015795E-3
6.440972E-1,1.016441E-3
6.444444E-1,1.017088E-3
6.447917E-1,1.017734E-3
6.451389E-1,1.018380E-3
6.454861E-1,1.019027E-3
6.458333E-1,1.019673E-3
6.461806E-1,1.020320E-3
6.465278E-1,1.020966E-3
6.468750E-1,1.021612E-3
6.472222E-1,1.022259E-3
6.475694E-1,1.022905E-3
6.479167E-1,1.023552E-3
6.482639E-1,1.024198E-3
6.486111E-1,1.024845E-3
6.489583E-1,1.025491E-3
6.493056E-1,1.026137E-3
6.496528E-1,1.026784E-3
6.500000E-1,1.027430E-3
6.503472E-1,1.028077E-3
6.506944E-1,1.028723E-3
6.510417E-1,1.029369E-3
6.513889E-1,1.030016E-3
6.517361E-1,1.030662E-3
6.520833E-1,1.031309E-3
6.524306E-1,1.031955E-3
6.527778E-1,1.032601E-3
6.531250E-1,1.033248E-3
6.534722E-1,1.033894E-3
6.538194E-1,1.034541E-3
6.541667E-1,1.035187E-3
6.545139E-1,1.035833E-3
6.548611E-1,1.036480E-3
6.552083E-1,1.037126E-3
6.555556E-1,1.037773E-3
6.559028E-1,1.038419E-3
6.562500E-1,1.039066E-3
6.565972E-1,1.039712E-3
6.569444E-1,1.040358E-3
6.572917E-1,1.041005E-3
6.576389E-1,1.041651E-3
6.579861E-1,1.042298E-3
6.583333E-1,1.042944E-3
6.586806E-1,1.043590E-3
6.590278E-1,1.044237E-3
6.593750E-1,1.044883E-3
6.597222E-1,1.045530E-3
6.600694E-1,1.046176E-3
6.604167E-1,1.046822E-3
6.607639E-1,1.047469E-3
6.611111E-1,1.048115E-3
6.614583E-1,1.048762E-3
6.618056E-1,1.049408E-3
6.621528E-1,1.050054E-3
6.625000E-1,1.050701E-3
6.628472E-1,1.051347E-3
6.631944E-1,1.051994E-3
6.635417E-1,1.052640E-3
6.638889E-1,1.053287E-3
6.642361E-1,1.053933E-3
6.645833E-1,1.054579E-3
6.649306E-1,1.055226E-3
6.652778E-1,1.055872E-3
6.656250E-1,1.056519E-3
6.659722E-1,1.057165E-3
6.663194E-1,1.057811E-3
6.666667E-1,1.058458E-3
6.670139E-1,1.059104E-3
6.673611E-1,1.059751E-3
6.677083E-1,1.060397E-3
6.680556E-1,1.061043E-3
6.684028E-1,1.061690E-3
6.687500E-1,1.062336E-3
6.690972E-1,1.062983E-3
6.694444E-1,1.063629E-3
6.697917E-1,1.064275E-3
6.701389E-1,1.064922E-3
6.704861E-1,1.065568E-3
6.708333E-1,1.066215E-3
6.711806E-1,1.066861E-3
6.715278E-1,1.067508E-3
6.718750E-1,1.068154E-3
6.722222E-1,1.070097E-3
6.725694E-1,1.072096E-3
6.729167E-1,1.074094E-3
6.732639E-1,1.076092E-3
6.736111E-1,1.078090E-3
6.739583E-1,1.080088E-3
6.743056E-1,1.082086E-3
6.746528E-1,1.084084E-3
6.750000E-1,1.086082E-3
6.753472E-1,1.088080E-3
6.756944E-1,1.090078E-3
6.760417E-1,1.092076E-3
6.763889E-1,1.094074E-3
6.767361E-1,1.096072E-3
6.770833E-1,1.098070E-3
6.774306E-1,1.100068E-3
6.777778E-1,1.102067E-3
6.781250E-1,1.104065E-3
6.784722E-1,1.106063E-3
6.788194E-1,1.108061E-3
6.791667E-1,1.110059E-3
6.795139E-1,1.112057E-3
6.798611E-1,1.114055E-3
6.802083E-1,1.116053E-3
6.805556E-1,1.118051E-3
6.809028E-1,1.120049E-3
6.812500E-1,1.122047E-3
6.815972E-1,1.124045E-3
6.819444E-1,1.126043E-3
6.822917E-1,1.128041E-3
6.826389E-1,1.130039E-3
6.829861E-1,1.132037E-3
6.833333E-1,1.134035E-3
6.836806E-1,1.136034E-3
6.840278E-1,1.138032E-3
6.843750E-1,1.140030E-3
6.847222E-1,1.142028E-3
6.850694E-1,1.144026E-3
6.854167E-1,1.146024E-3
6.857639E-1,1.148022E-3
6.861111E-1,1.150020E-3
6.864583E-1,1.152018E-3
6.868056E-1,1.154016E-3
6.871528E-1,1.156014E-3
6.875000E-1,1.158012E-3
6.878472E-1,1.160010E-3
6.881944E-1,1.162008E-3
6.885417E-1,1.164006E-3
6.888889E-1,1.166005E-3
6.892361E-1,1.168003E-3
6.895833E-1,1.170001E-3
6.899306E-1,1.171999E-3
6.902778E-1,1.173997E-3
6.906250E-1,1.175995E-3
6.909722E-1,1.177993E-3
6.913194E-1,1.179991E-3
6.916667E-1,1.181989E-3
6.920139E-1,1.183987E-3
6.923611E-1,1.185985E-3
6.927083E-1,1.187983E-3
6.930556E-1,1.189981E-3
6.934028E-1,1.191979E-3
6.937500E-1,1.193977E-3
6.940972E-1,1.195975E-3
6.944444E-1,1.197973E-3
6.947917E-1,1.199972E-3
6.951389E-1,1.201970E-3
6.954861E-1,1.203968E-3
6.958333E-1,1.205966E-3
6.961806E-1,1.207964E-3
6.965278E-1,1.209962E-3
6.968750E-1,1.211960E-3
6.972222E-1,1.213958E-3
6.975694E-1,1.215956E-3
6.979167E-1,1.217954E-3
6.982639E-1,1.219952E-3
6.986111E-1,1.221950E-3
6.989583E-1,1.223948E-3
6.993056E-1,1.225946E-3
6.996528E-1,1.227944E-3
7.000000E-1,1.229943E-3
7.003472E-1,1.231941E-3
7.006944E-1,1.233939E-3
7.010417E-1,1.235937E-3
7.013889E-1,1.237935E-3
7.017361E-1,1.239933E-3
7.020833E-1,1.241931E-3
7.024306E-1,1.243929E-3
7.027778E-1,1.245927E-3
7.031250E-1,1.247925E-3
7.034722E-1,1.249923E-3
7.038194E-1,1.251921E-3
7.041667E-1,1.253919E-3
7.045139E-1,1.255917E-3
7.048611E-1,1.257915E-3
7.052083E-1,1.259913E-3
7.055556E-1,1.261912E-3
7.059028E-1,1.263910E-3
7.062500E-1,1.265908E-3
7.065972E-1,1.267906E-3
7.069444E-1,1.269904E-3
7.072917E-1,1.271902E-3
7.076389E-1,1.273900E-3
7.079861E-1,1.275898E-3
7.083333E-1,1.277896E-3
7.086806E-1,1.279894E-3
7.090278E-1,1.281892E-3
7.093750E-1,1.283890E-3
7.097222E-1,1.285888E-3
7.100694E-1,1.287886E-3
7.104167E-1,1.289884E-3
7.107639E-1,1.291882E-3
7.111111E-1,1.293881E-3
7.114583E-1,1.295879E-3
7.118056E-1,1.297877E-3
7.121528E-1,1.299875E-3
7.125000E-1,1.301873E-3
7.128472E-1,1.303871E-3
7.131944E-1,1.305869E-3
7.135417E-1,1.307867E-3
7.138889E-1,1.309865E-3
7.142361E-1,1.311863E-3
7.145833E-1,1.313861E-3
7.149306E-1,1.315859E-3
7.152778E-1,1.317522E-3
7.156250E-1,1.317874E-3
7.159722E-1,1.318227E-3
7.163194E-1,1.318580E-3
7.166667E-1,1.318932E-3
7.170139E-1,1.319285E-3
7.173611E-1,1.319638E-3
7.177083E-1,1.319990E-3
7.180556E-1,1.320343E-3
7.184028E-1,1.320695E-3
7.187500E-1,1.321048E-3
7.190972E-1,1.321401E-3
7.194444E-1,1.321753E-3
7.197917E-1,1.322106E-3
7.201389E-1,1.322458E-3
7.204861E-1,1.322811E-3
7.208333E-1,1.323164E-3
7.211806E-1,1.323516E-3
7.215278E-1,1.323869E-3
7.218750E-1,1.324221E-3
7.222222E-1,1.324574E-3
7.225694E-1,1.324927E-3
7.229167E-1,1.325279E-3
7.232639E-1,1.325632E-3
7.236111E-1,1.325984E-3
7.239583E-1,1.326337E-3
7.243056E-1,1.326690E-3
7.246528E-1,1.327042E-3
7.250000E-1,1.327395E-3
7.253472E-1,1.327748E-3
7.256944E-1,1.328100E-3
7.260417E-1,1.328453E-3
7.263889E-1,1.328805E-3
7.267361E-1,1.329158E-3
7.270833E-1,1.329511E-3
7.274306E-1,1.329863E-3
7.277778E-1,1.330216E-3
7.281250E-1,1.330568E-3
7.284722E-1,1.330921E-3
7.288194E-1,1.331274E-3
7.291667E-1,1.331626E-3
7.295139E-1,1.331979E-3
7.298611E-1,1.332331E-3
7.302083E-1,1.332684E-3
7.305556E-1,1.333037E-3
7.309028E-1,1.333389E-3
7.312500E-1,1.333742E-3
7.315972E-1,1.334094E-3
7.319444E-1,1.334447E-3
7.322917E-1,1.334800E-3
7.326389E-1,1.335152E-3
7.329861E-1,1.335505E-3
7.333333E-1,1.335858E-3
7.336806E-1,1.336210E-3
7.340278E-1,1.336563E-3
7.343750E-1,1.336915E-3
7.347222E-1,1.337268E-3
7.350694E-1,1.337621E-3
7.354167E-1,1.337973E-3
7.357639E-1,1.338326E-3
7.361111E-1,1.338678E-3
7.364583E-1,1.339031E-3
7.368056E-1,1.339384E-3
7.371528E-1,1.339736E-3
7.375000E-1,1.340089E-3
7.378472E-1,1.340441E-3
7.381944E-1,1.340794E-3
7.385417E-1,1.341147E-3
7.388889E-1,1.341499E-3
7.392361E-1,1.341852E-3
7.395833E-1,1.342204E-3
7.399306E-1,1.342557E-3
7.402778E-1,1.342910E-3
7.406250E-1,1.343262E-3
7.409722E-1,1.343615E-3
7.413194E-1,1.343968E-3
7.416667E-1,1.344320E-3
7.420139E-1,1.344673E-3
7.423611E-1,1.345025E-3
7.427083E-1,1.345378E-3
7.430556E-1,1.345731E-3
7.434028E-1,1.346083E-3
7.437500E-1,1.346436E-3
7.440972E-1,1.346788E-3
7.444444E-1,1.347141E-3
7.447917E-1,1.347494E-3
7.451389E-1,1.347846E-3
7.454861E-1,1.348199E-3
7.458333E-1,1.348551E-3
7.461806E-1,1.348904E-3
7.465278E-1,1.349257E-3
7.468750E-1,1.349609E-3
7.472222E-1,1.349962E-3
7.475694E-1,1.350314E-3
7.479167E-1,1.350667E-3
7.482639E-1,1.351020E-3
7.486111E-1,1.351372E-3
7.489583E-1,1.351725E-3
7.493056E-1,1.352078E-3
7.496528E-1,1.352430E-3
7.500000E-1,1.352783E-3
7.503472E-1,1.353135E-3
7.506944E-1,1.353488E-3
7.510417E-1,1.353841E-3
7.513889E-1,1.354193E-3
7.517361E-1,1.354546E-3
7.520833E-1,1.354898E-3
7.524306E-1,1.355251E-3
7.527778E-1,1.355604E-3
7.531250E-1,1.355956E-3
7.534722E-1,1.356309E-3
7.538194E-1,1.356661E-3
7.541667E-1,1.357014E-3
7.545139E-1,1.357367E-3
7.548611E-1,1.357719E-3
7.552083E-1,1.358072E-3
7.555556E-1,1.358424E-3
7.559028E-1,1.358777E-3
7.562500E-1,1.359130E-3
7.565972E-1,1.359482E-3
7.569444E-1,1.359835E-3
7.572917E-1,1.360188E-3
7.576389E-1,1.360540E-3
7.579861E-1,1.360893E-3
7.583333E-1,1.361245E-3
7.586806E-1,1.361848E-3
7.590278E-1,1.362759E-3
7.593750E-1,1.363670E-3
7.597222E-1,1.364580E-3
7.600694E-1,1.365491E-3
7.604167E-1,1.366402E-3
7.607639E-1,1.367313E-3
7.611111E-1,1.368224E-3
7.614583E-1,1.369135E-3
7.618056E-1,1.370045E-3
7.621528E-1,1.370956E-3
7.625000E-1,1.371867E-3
7.628472E-1,1.372778E-3
7.631944E-1,1.373689E-3
7.635417E-1,1.374600E-3
7.638889E-1,1.375510E-3
7.642361E-1,1.376421E-3
7.645833E-1,1.377332E-3
7.649306E-1,1.378243E-3
7.652778E-1,1.379154E-3
7.656250E-1,1.380064E-3
7.659722E-1,1.380975E-3
7.663194E-1,1.381886E-3
7.666667E-1,1.382797E-3
7.670139E-1,1.383708E-3
7.673611E-1,1.384619E-3
7.677083E-1,1.385529E-3
7.680556E-1,1.386440E-3
7.684028E-1,1.387351E-3
7.687500E-1,1.388262E-3
7.690972E-1,1.389173E-3
7.694444E-1,1.390083E-3
7.697917E-1,1.390994E-3
7.701389E-1,1.391905E-3
7.704861E-1,1.392816E-3
7.708333E-1,1.393727E-3
7.711806E-1,1.394638E-3
7.715278E-1,1.395548E-3
7.718750E-1,1.396459E-3
7.722222E-1,1.397370E-3
7.725694E-1,1.398281E-3
7.729167E-1,1.399192E-3
7.732639E-1,1.400102E-3
7.736111E-1,1.401013E-3
7.739583E-1,1.401924E-3
7.743056E-1,1.402835E-3
7.746528E-1,1.403746E-3
7.750000E-1,1.404657E-3
7.753472E-1,1.405567E-3
7.756944E-1,1.406478E-3
7.760417E-1,1.407389E-3
7.763889E-1,1.408300E-3
7.767361E-1,1.409211E-3
7.770833E-1,1.410121E-3
7.774306E-1,1.411032E-3
7.777778E-1,1.411943E-3
7.781250E-1,1.412854E-3
7.784722E-1,1.413765E-3
7.788194E-1,1.414676E-3
7.791667E-1,1.415586E-3
7.795139E-1,1.416497E-3
7.798611E-1,1.417408E-3
7.802083E-1,1.418319E-3
7.805556E-1,1.419230E-3
7.809028E-1,1.420140E-3
7.812500E-1,1.421051E-3
7.815972E-1,1.421962E-3
7.819444E-1,1.422873E-3
7.822917E-1,1.423784E-3
7.826389E-1,1.424695E-3
7.829861E-1,1.425605E-3
7.833333E-1,1.426516E-3
7.836806E-1,1.427427E-3
7.840278E-1,1.428338E-3
7.843750E-1,1.429249E-3
7.847222E-1,1.430159E-3
7.850694E-1,1.431070E-3
7.854167E-1,1.431981E-3
7.857639E-1,1.432892E-3
7.861111E-1,1.433803E-3
7.864583E-1,1.434714E-3
7.868056E-1,1.435624E-3
7.871528E-1,1.436535E-3
7.875000E-1,1.437446E-3
7.878472E-1,1.438357E-3
7.881944E-1,1.439268E-3
7.885417E-1,1.440178E-3
7.888889E-1,1.441089E-3
7.892361E-1,1.442000E-3
7.895833E-1,1.442911E-3
7.899306E-1,1.443822E-3
7.902778E-1,1.444733E-3
7.906250E-1,1.445643E-3
7.909722E-1,1.446554E-3
7.913194E-1,1.447465E-3
7.916667E-1,1.448376E-3
7.920139E-1,1.449287E-3
7.923611E-1,1.450197E-3
7.927083E-1,1.451108E-3
7.930556E-1,1.452019E-3
7.934028E-1,1.452930E-3
7.937500E-1,1.453841E-3
7.940972E-1,1.454752E-3
7.944444E-1,1.455662E-3
7.947917E-1,1.456573E-3
7.951389E-1,1.457484E-3
7.954861E-1,1.458395E-3
7.958333E-1,1.459306E-3
7.961806E-1,1.460217E-3
7.965278E-1,1.461127E-3
7.968750E-1,1.462038E-3
7.972222E-1,1.462949E-3
7.975694E-1,1.463860E-3
7.979167E-1,1.464771E-3
7.982639E-1,1.465681E-3
7.986111E-1,1.466592E-3
7.989583E-1,1.467503E-3
7.993056E-1,1.468414E-3
7.996528E-1,1.469325E-3
8.000000E-1,1.470236E-3
8.003472E-1,1.471146E-3
8.006944E-1,1.472057E-3
8.010417E-1,1.472968E-3
8.013889E-1,1.473879E-3
8.017361E-1,1.474790E-3
8.020833E-1,1.474643E-3
8.024306E-1,1.474026E-3
8.027778E-1,1.473409E-3
8.031250E-1,1.472792E-3
8.034722E-1,1.472175E-3
8.038194E-1,1.471558E-3
8.041667E-1,1.470941E-3
8.045139E-1,1.470324E-3
8.048611E-1,1.469707E-3
8.052083E-1,1.469090E-3
8.055556E-1,1.468472E-3
8.059028E-1,1.467855E-3
8.062500E-1,1.467238E-3
8.065972E-1,1.466621E-3
8.069444E-1,1.466004E-3
8.072917E-1,1.465387E-3
8.076389E-1,1.464770E-3
8.079861E-1,1.464153E-3
8.083333E-1,1.463536E-3
8.086806E-1,1.462919E-3
8.090278E-1,1.462302E-3
8.093750E-1,1.461685E-3
8.097222E-1,1.461068E-3
8.100694E-1,1.460451E-3
8.104167E-1,1.459834E-3
8.107639E-1,1.459217E-3
8.111111E-1,1.458600E-3
8.114583E-1,1.457983E-3
8.118056E-1,1.457366E-3
8.121528E-1,1.456749E-3
8.125000E-1,1.456132E-3
8.128472E-1,1.455515E-3
8.131944E-1,1.454897E-3
8.135417E-1,1.454280E-3
8.138889E-1,1.453663E-3
8.142361E-1,1.453046E-3
8.145833E-1,1.452429E-3
8.149306E-1,1.451812E-3
8.152778E-1,1.451195E-3
8.156250E-1,1.450578E-3
8.159722E-1,1.449961E-3
8.163194E-1,1.449344E-3
8.166667E-1,1.448727E-3
8.170139E-1,1.448110E-3
8.173611E-1,1.447493E-3
8.177083E-1,1.446876E-3
8.180556E-1,1.446259E-3
8.184028E-1,1.445642E-3
8.187500E-1,1.445025E-3
8.190972E-1,1.444408E-3
8.194444E-1,1.443791E-3
8.197917E-1,1.443174E-3
8.201389E-1,1.442557E-3
8.204861E-1,1.441940E-3
8.208333E-1,1.441322E-3
8.211806E-1,1.440705E-3
8.215278E-1,1.440088E-3
8.218750E-1,1.439471E-3
8.222222E-1,1.438854E-3
8.225694E-1,1.438237E-3
8.229167E-1,1.437620E-3
8.232639E-1,1.437003E-3
8.236111E-1,1.436386E-3
8.239583E-1,1.435769E-3
8.243056E-1,1.435152E-3
8.246528E-1,1.434535E-3
8.250000E-1,1.433918E-3
8.253472E-1,1.433301E-3
8.256944E-1,1.432684E-3
8.260417E-1,1.432067E-3
8.263889E-1,1.431450E-3
8.267361E-1,1.430833E-3
8.270833E-1,1.430216E-3
8.274306E-1,1.429599E-3
8.277778E-1,1.428982E-3
8.281250E-1,1.428365E-3
8.284722E-1,1.427747E-3
8.288194E-1,1.427130E-3
8.291667E-1,1.426513E-3
8.295139E-1,1.425896E-3
8.298611E-1,1.425279E-3
8.302083E-1,1.424662E-3
8.305556E-1,1.424045E-3
8.309028E-1,1.423428E-3
8.312500E-1,1.422811E-3
8.315972E-1,1.422194E-3
8.319444E-1,1.421577E-3
8.322917E-1,1.420960E-3
8.326389E-1,1.420343E-3
8.329861E-1,1.419726E-3
8.333333E-1,1.419109E-3
8.336806E-1,1.418492E-3
8.340278E-1,1.417875E-3
8.343750E-1,1.417258E-3
8.347222E-1,1.416641E-3
8.350694E-1,1.416024E-3
8.354167E-1,1.415407E-3
8.357639E-1,1.414790E-3
8.361111E-1,1.414172E-3
8.364583E-1,1.413555E-3
8.368056E-1,1.412938E-3
8.371528E-1,1.412321E-3
8.375000E-1,1.411704E-3
8.378472E-1,1.411087E-3
8.381944E-1,1.410470E-3
8.385417E-1,1.409853E-3
8.388889E-1,1.409236E-3
8.392361E-1,1.408619E-3
8.395833E-1,1.408002E-3
8.399306E-1,1.407385E-3
8.402778E-1,1.406768E-3
8.406250E-1,1.406151E-3
8.409722E-1,1.405534E-3
8.413194E-1,1.404917E-3
8.416667E-1,1.404300E-3
8.420139E-1,1.403683E-3
8.423611E-1,1.403066E-3
8.427083E-1,1.402449E-3
8.430556E-1,1.401832E-3
8.434028E-1,1.401215E-3
8.437500E-1,1.400597E-3
8.440972E-1,1.399980E-3
8.444444E-1,1.399363E-3
8.447917E-1,1.398746E-3
8.451389E-1,1.398129E-3
8.454861E-1,1.396608E-3
8.458333E-1,1.395026E-3
8.461806E-1,1.393444E-3
8.465278E-1,1.391861E-3
8.468750E-1,1.390279E-3
8.472222E-1,1.388697E-3
8.475694E-1,1.387114E-3
8.479167E-1,1.385532E-3
8.482639E-1,1.383950E-3
8.486111E-1,1.382367E-3
8.489583E-1,1.380785E-3
8.493056E-1,1.379202E-3
8.496528E-1,1.377620E-3
8.500000E-1,1.376038E-3
8.503472E-1,1.374455E-3
8.506944E-1,1.372873E-3
8.510417E-1,1.371291E-3
8.513889E-1,1.369708E-3
8.517361E-1,1.368126E-3
8.520833E-1,1.366544E-3
8.524306E-1,1.364961E-3
8.527778E-1,1.363379E-3
8.531250E-1,1.361797E-3
8.534722E-1,1.360214E-3
8.538194E-1,1.358632E-3
8.541667E-1,1.357049E-3
8.545139E-1,1.355467E-3
8.548611E-1,1.353885E-3
8.552083E-1,1.352302E-3
8.555556E-1,1.350720E-3
8.559028E-1,1.349138E-3
8.562500E-1,1.347555E-3
8.565972E-1,1.345973E-3
8.569444E-1,1.344391E-3
8.572917E-1,1.342808E-3
8.576389E-1,1.341226E-3
8.579861E-1,1.339644E-3
8.583333E-1,1.338061E-3
8.586806E-1,1.336479E-3
8.590278E-1,1.334896E-3
8.593750E-1,1.333314E-3
8.597222E-1,1.331732E-3
8.600694E-1,1.330149E-3
8.604167E-1,1.328567E-3
8.607639E-1,1.326985E-3
8.611111E-1,1.325402E-3
8.614583E-1,1.323820E-3
8.618056E-1,1.322238E-3
8.621528E-1,1.320655E-3
8.625000E-1,1.319073E-3
8.628472E-1,1.317491E-3
8.631944E-1,1.315908E-3
8.635417E-1,1.314326E-3
8.638889E-1,1.312743E-3
8.642361E-1,1.311161E-3
8.645833E-1,1.309579E-3
8.649306E-1,1.307996E-3
8.652778E-1,1.306414E-3
8.656250E-1,1.304832E-3
8.659722E-1,1.303249E-3
8.663194E-1,1.301667E-3
8.666667E-1,1.300085E-3
8.670139E-1,1.298502E-3
8.673611E-1,1.296920E-3
8.677083E-1,1.295338E-3
8.680556E-1,1.293755E-3
8.684028E-1,1.292173E-3
8.687500E-1,1.290590E-3
8.690972E-1,1.289008E-3
8.694444E-1,1.287426E-3
8.697917E-1,1.285843E-3
8.701389E-1,1.284261E-3
8.704861E-1,1.282679E-3
8.708333E-1,1.281096E-3
8.711806E-1,1.279514E-3
8.715278E-1,1.277932E-3
8.718750E-1,1.276349E-3
8.722222E-1,1.274767E-3
8.725694E-1,1.273185E-3
8.729167E-1,1.271602E-3
8.732639E-1,1.270020E-3
8.736111E-1,1.268437E-3
8.739583E-1,1.266855E-3
8.743056E-1,1.265273E-3
8.746528E-1,1.263690E-3
8.750000E-1,1.262108E-3
8.753472E-1,1.260526E-3
8.756944E-1,1.258943E-3
8.760417E-1,1.257361E-3
8.763889E-1,1.255779E-3
8.767361E-1,1.254196E-3
8.770833E-1,1.252614E-3
8.774306E-1,1.251032E-3
8.777778E-1,1.249449E-3
8.781250E-1,1.247867E-3
8.784722E-1,1.246285E-3
8.788194E-1,1.244702E-3
8.791667E-1,1.243120E-3
8.795139E-1,1.241537E-3
8.798611E-1,1.239955E-3
8.802083E-1,1.238373E-3
8.805556E-1,1.236790E-3
8.809028E-1,1.235208E-3
8.812500E-1,1.233626E-3
8.815972E-1,1.232043E-3
8.819444E-1,1.230461E-3
8.822917E-1,1.228879E-3
8.826389E-1,1.227296E-3
8.829861E-1,1.225714E-3
8.833333E-1,1.224132E-3
8.836806E-1,1.222549E-3
8.840278E-1,1.220967E-3
8.843750E-1,1.219384E-3
8.847222E-1,1.217802E-3
8.850694E-1,1.216220E-3
8.854167E-1,1.214637E-3
8.857639E-1,1.213055E-3
8.861111E-1,1.211473E-3
8.864583E-1,1.209890E-3
8.868056E-1,1.208308E-3
8.871528E-1,1.206726E-3
8.875000E-1,1.205143E-3
8.878472E-1,1.203561E-3
8.881944E-1,1.201979E-3
8.885417E-1,1.200396E-3
8.888889E-1,1.198814E-3
8.892361E-1,1.197231E-3
8.895833E-1,1.196021E-3
8.899306E-1,1.195147E-3
8.902778E-1,1.194274E-3
8.906250E-1,1.193400E-3
8.909722E-1,1.192526E-3
8.913194E-1,1.191653E-3
8.916667E-1,1.190779E-3
8.920139E-1,1.189905E-3
8.923611E-1,1.189031E-3
8.927083E-1,1.188158E-3
8.930556E-1,1.187284E-3
8.934028E-1,1.186410E-3
8.937500E-1,1.185536E-3
8.940972E-1,1.184663E-3
8.944444E-1,1.183789E-3
8.947917E-1,1.182915E-3
8.951389E-1,1.182042E-3
8.954861E-1,1.181168E-3
8.958333E-1,1.180294E-3
8.961806E-1,1.179420E-3
8.965278E-1,1.178547E-3
8.968750E-1,1.177673E-3
8.972222E-1,1.176799E-3
8.975694E-1,1.175926E-3
8.979167E-1,1.175052E-3
8.982639E-1,1.174178E-3
8.986111E-1,1.173304E-3
8.989583E-1,1.172431E-3
8.993056E-1,1.171557E-3
8.996528E-1,1.170683E-3
9.000000E-1,1.169809E-3
9.003472E-1,1.168936E-3
9.006944E-1,1.168062E-3
9.010417E-1,1.167188E-3
9.013889E-1,1.166315E-3
9.017361E-1,1.165441E-3
9.020833E-1,1.164567E-3
9.024306E-1,1.163693E-3
9.027778E-1,1.162820E-3
9.031250E-1,1.161946E-3
9.034722E-1,1.161072E-3
9.038194E-1,1.160198E-3
9.041667E-1,1.159325E-3
9.045139E-1,1.158451E-3
9.048611E-1,1.157577E-3
9.052083E-1,1.156704E-3
9.055556E-1,1.155830E-3
9.059028E-1,1.154956E-3
9.062500E-1,1.154082E-3
9.065972E-1,1.153209E-3
9.069444E-1,1.152335E-3
9.072917E-1,1.151461E-3
9.076389E-1,1.150587E-3
9.079861E-1,1.149714E-3
9.083333E-1,1.148840E-3
9.086806E-1,1.147966E-3
9.090278E-1,1.147093E-3
9.093750E-1,1.146219E-3
9.097222E-1,1.145345E-3
9.100694E-1,1.144471E-3
9.104167E-1,1.143598E-3
9.107639E-1,1.142724E-3
9.111111E-1,1.141850E-3
9.114583E-1,1.140976E-3
9.118056E-1,1.140103E-3
9.121528E-1,1.139229E-3
9.125000E-1,1.138355E-3
9.128472E-1,1.137482E-3
9.131944E-1,1.136608E-3
9.135417E-1,1.135734E-3
9.138889E-1,1.134860E-3
9.142361E-1,1.133987E-3
9.145833E-1,1.133113E-3
9.149306E-1,1.132239E-3
9.152778E-1,1.131365E-3
9.156250E-1,1.130492E-3
9.159722E-1,1.129618E-3
9.163194E-1,1.128744E-3
9.166667E-1,1.127871E-3
9.170139E-1,1.126997E-3
9.173611E-1,1.126123E-3
9.177083E-1,1.125249E-3
9.180556E-1,1.124376E-3
9.184028E-1,1.123502E-3
9.187500E-1,1.122628E-3
9.190972E-1,1.121754E-3
9.194444E-1,1.120881E-3
9.197917E-1,1.120007E-3
9.201389E-1,1.119133E-3
9.204861E-1,1.118260E-3
9.208333E-1,1.117386E-3
9.211806E-1,1.116512E-3
9.215278E-1,1.115638E-3
9.218750E-1,1.114765E-3
9.222222E-1,1.113891E-3
9.225694E-1,1.113017E-3
9.229167E-1,1.112143E-3
9.232639E-1,1.111270E-3
9.236111E-1,1.110396E-3
9.239583E-1,1.109522E-3
9.243056E-1,1.108649E-3
9.246528E-1,1.107775E-3
9.250000E-1,1.106901E-3
9.253472E-1,1.106027E-3
9.256944E-1,1.105154E-3
9.260417E-1,1.104280E-3
9.263889E-1,1.103406E-3
9.267361E-1,1.102533E-3
9.270833E-1,1.101659E-3
9.274306E-1,1.100785E-3
9.277778E-1,1.099911E-3
9.281250E-1,1.099038E-3
9.284722E-1,1.098164E-3
9.288194E-1,1.097290E-3
9.291667E-1,1.096416E-3
9.295139E-1,1.095543E-3
9.298611E-1,1.094669E-3
9.302083E-1,1.093795E-3
9.305556E-1,1.092922E-3
9.309028E-1,1.092048E-3
9.312500E-1,1.091174E-3
9.315972E-1,1.090300E-3
9.319444E-1,1.089427E-3
9.322917E-1,1.088553E-3
9.326389E-1,1.087679E-3
9.329861E-1,1.086805E-3
9.333333E-1,1.085932E-3
9.336806E-1,1.085058E-3
9.340278E-1,1.084184E-3
9.343750E-1,1.083311E-3
9.347222E-1,1.083299E-3
9.350694E-1,1.084295E-3
9.354167E-1,1.085291E-3
9.357639E-1,1.086286E-3
9.361111E-1,1.087282E-3
9.364583E-1,1.088277E-3
9.368056E-1,1.089273E-3
9.371528E-1,1.090269E-3
9.375000E-1,1.091264E-3
9.378472E-1,1.092260E-3
9.381944E-1,1.093256E-3
9.385417E-1,1.094251E-3
9.388889E-1,1.095247E-3
9.392361E-1,1.096242E-3
9.395833E-1,1.097238E-3
9.399306E-1,1.098234E-3
9.402778E-1,1.099229E-3
9.406250E-1,1.100225E-3
9.409722E-1,1.101221E-3
9.413194E-1,1.102216E-3
9.416667E-1,1.103212E-3
9.420139E-1,1.104207E-3
9.423611E-1,1.105203E-3
9.427083E-1,1.106199E-3
9.430556E-1,1.107194E-3
9.434028E-1,1.108190E-3
9.437500E-1,1.109185E-3
9.440972E-1,1.110181E-3
9.444444E-1,1.111177E-3
9.447917E-1,1.112172E-3
9.451389E-1,1.113168E-3
9.454861E-1,1.114164E-3
9.458333E-1,1.115159E-3
9.461806E-1,1.116155E-3
9.465278E-1,1.117150E-3
9.468750E-1,1.118146E-3
9.472222E-1,1.119142E-3
9.475694E-1,1.120137E-3
9.479167E-1,1.121133E-3
9.482639E-1,1.122129E-3
9.486111E-1,1.123124E-3
9.489583E-1,1.124120E-3
9.493056E-1,1.125115E-3
9.496528E-1,1.126111E-3
9.500000E-1,1.127107E-3
9.503472E-1,1.128102E-3
9.506944E-1,1.129098E-3
9.510417E-1,1.130093E-3
9.513889E-1,1.131089E-3
9.517361E-1,1.132085E-3
9.520833E-1,1.133080E-3
9.524306E-1,1.134076E-3
9.527778E-1,1.135072E-3
9.531250E-1,1.136067E-3
9.534722E-1,1.137063E-3
9.538194E-1,1.138058E-3
9.541667E-1,1.139054E-3
9.545139E-1,1.140050E-3
9.548611E-1,1.141045E-3
9.552083E-1,1.142041E-3
9.555556E-1,1.143037E-3
9.559028E-1,1.144032E-3
9.562500E-1,1.145028E-3
9.565972E-1,1.146023E-3
9.569444E-1,1.147019E-3
9.572917E-1,1.148015E-3
9.576389E-1,1.149010E-3
9.579861E-1,1.150006E-3
9.583333E-1,1.151001E-3
9.586806E-1,1.151997E-3
9.590278E-1,1.152993E-3
9.593750E-1,1.153988E-3
9.597222E-1,1.154984E-3
9.600694E-1,1.155980E-3
9.604167E-1,1.156975E-3
9.607639E-1,1.157971E-3
9.611111E-1,1.158966E-3
9.614583E-1,1.159962E-3
9.618056E-1,1.160958E-3
9.621528E-1,1.161953E-3
9.625000E-1,1.162949E-3
9.628472E-1,1.163944E-3
9.631944E-1,1.164940E-3
9.635417E-1,1.165936E-3
9.638889E-1,1.166931E-3
9.642361E-1,1.167927E-3
9.645833E-1,1.168923E-3
9.649306E-1,1.169918E-3
9.652778E-1,1.170914E-3
9.656250E-1,1.171909E-3
9.659722E-1,1.172905E-3
9.663194E-1,1.173901E-3
9.666667E-1,1.174896E-3
9.670139E-1,1.175892E-3
9.673611E-1,1.176888E-3
9.677083E-1,1.177883E-3
9.680556E-1,1.178879E-3
9.684028E-1,1.179874E-3
9.687500E-1,1.180870E-3
9.690972E-1,1.181866E-3
9.694444E-1,1.182861E-3
9.697917E-1,1.183857E-3
9.701389E-1,1.184852E-3
9.704861E-1,1.185848E-3
9.708333E-1,1.186844E-3
9.711806E-1,1.187839E-3
9.715278E-1,1.188835E-3
9.718750E-1,1.189831E-3
9.722222E-1,1.190826E-3
9.725694E-1,1.191822E-3
9.729167E-1,1.192817E-3
9.732639E-1,1.193813E-3
9.736111E-1,1.194809E-3
9.739583E-1,1.195804E-3
9.743056E-1,1.196800E-3
9.746528E-1,1.197795E-3
9.750000E-1,1.198791E-3
9.753472E-1,1.199787E-3
9.756944E-1,1.200782E-3
9.760417E-1,1.201778E-3
9.763889E-1,1.202774E-3
9.767361E-1,1.203769E-3
9.770833E-1,1.204765E-3
9.774306E-1,1.205760E-3
9.777778E-1,1.206756E-3
9.781250E-1,1.207752E-3
9.784722E-1,1.208747E-3
9.788194E-1,1.209743E-3
9.791667E-1,1.210739E-3
9.795139E-1,1.211734E-3
9.798611E-1,1.212730E-3
9.802083E-1,1.213725E-3
9.805556E-1,1.214721E-3
9.809028E-1,1.215717E-3
9.812500E-1,1.216712E-3
9.815972E-1,1.217708E-3
9.819444E-1,1.218703E-3
9.822917E-1,1.219699E-3
9.826389E-1,1.220695E-3
9.829861E-1,1.221690E-3
9.833333E-1,1.222686E-3
9.836806E-1,1.223682E-3
9.840278E-1,1.224677E-3
9.843750E-1,1.225673E-3
9.847222E-1,1.226668E-3
9.850694E-1,1.227664E-3
9.854167E-1,1.228660E-3
9.857639E-1,1.229655E-3
9.861111E-1,1.230651E-3
9.864583E-1,1.231646E-3
9.868056E-1,1.232642E-3
9.871528E-1,1.233638E-3
9.875000E-1,1.234633E-3
9.878472E-1,1.235629E-3
9.881944E-1,1.236625E-3
9.885417E-1,1.237620E-3
9.888889E-1,1.238616E-3
9.892361E-1,1.239611E-3
9.895833E-1,1.240607E-3
9.899306E-1,1.241603E-3
9.902778E-1,1.242598E-3
9.906250E-1,1.243594E-3
9.909722E-1,1.244590E-3
9.913194E-1,1.245585E-3
9.916667E-1,1.246581E-3
9.920139E-1,1.247576E-3
9.923611E-1,1.248572E-3
9.927083E-1,1.249568E-3
9.930556E-1,1.250563E-3
9.934028E-1,1.251559E-3
9.937500E-1,1.252554E-3
9.940972E-1,1.253550E-3
9.944444E-1,1.254546E-3
9.947917E-1,1.255541E-3
9.951389E-1,1.256537E-3
9.954861E-1,1.257533E-3
9.958333E-1,1.258528E-3
9.961806E-1,1.259524E-3
9.965278E-1,1.260519E-3
9.968750E-1,1.261515E-3
9.972222E-1,1.262511E-3
9.975694E-1,1.263506E-3
9.979167E-1,1.264502E-3
9.982639E-1,1.265498E-3
9.986111E-1,1.266493E-3
9.989583E-1,1.267489E-3
9.993056E-1,1.268484E-3
9.996528E-1,1.269480E-3
