7.139351E-12,4.659290E-1
3.472222E-2,4.680076E-1
6.944444E-2,4.700861E-1
1.041667E-1,4.721647E-1
1.388889E-1,4.742433E-1
1.736111E-1,4.763219E-1
2.083333E-1,4.784005E-1
2.430556E-1,4.804791E-1
2.777778E-1,4.825576E-1
3.125000E-1,4.846362E-1
3.472222E-1,4.867148E-1
3.819444E-1,4.887934E-1
4.166667E-1,4.908720E-1
4.513889E-1,4.929506E-1
4.861111E-1,4.950291E-1
5.208333E-1,4.971077E-1
5.555556E-1,4.991863E-1
5.902778E-1,5.012649E-1
6.250000E-1,5.033435E-1
6.597222E-1,5.054220E-1
6.944444E-1,5.075006E-1
7.291667E-1,5.095792E-1
7.638889E-1,5.116578E-1
7.986111E-1,5.137364E-1
8.333333E-1,5.158150E-1
8.680556E-1,5.178935E-1
9.027778E-1,5.199721E-1
9.375000E-1,5.220507E-1
9.722222E-1,5.241293E-1
1.006944E+0,5.262079E-1
1.041667E+0,5.282865E-1
1.076389E+0,5.303650E-1
1.111111E+0,5.324436E-1
1.145833E+0,5.345222E-1
1.180556E+0,5.366008E-1
1.215278E+0,5.386794E-1
1.250000E+0,5.407580E-1
1.284722E+0,5.428365E-1
1.319444E+0,5.449151E-1
1.354167E+0,5.469937E-1
1.388889E+0,5.490723E-1
1.423611E+0,5.511509E-1
1.458333E+0,5.532294E-1
1.493056E+0,5.553080E-1
1.527778E+0,5.573866E-1
1.562500E+0,5.594652E-1
1.597222E+0,5.615438E-1
1.631944E+0,5.636224E-1
1.666667E+0,5.657009E-1
1.701389E+0,5.677795E-1
1.736111E+0,5.698581E-1
1.770833E+0,5.719367E-1
1.805556E+0,5.740153E-1
1.840278E+0,5.760939E-1
1.875000E+0,5.781724E-1
1.909722E+0,5.802510E-1
1.944444E+0,5.823296E-1
1.979167E+0,5.844082E-1
2.013889E+0,5.864868E-1
2.048611E+0,5.885654E-1
2.083333E+0,5.906439E-1
2.118056E+0,5.927225E-1
2.152778E+0,5.948011E-1
2.187500E+0,5.968797E-1
2.222222E+0,5.989583E-1
2.256944E+0,6.010368E-1
2.291667E+0,6.031154E-1
2.326389E+0,6.051940E-1
2.361111E+0,6.072726E-1
2.395833E+0,6.093512E-1
2.430556E+0,6.114298E-1
2.465278E+0,6.135083E-1
2.500000E+0,6.155869E-1
2.534722E+0,6.176655E-1
2.569444E+0,6.197441E-1
2.604167E+0,6.218227E-1
2.638889E+0,6.239013E-1
2.673611E+0,6.259798E-1
2.708333E+0,6.280584E-1
2.743056E+0,6.301370E-1
2.777778E+0,6.322156E-1
2.812500E+0,6.342942E-1
2.847222E+0,6.363727E-1
2.881944E+0,6.384513E-1
2.916667E+0,6.405299E-1
2.951389E+0,6.426085E-1
2.986111E+0,6.446871E-1
3.020833E+0,6.467657E-1
3.055556E+0,6.488442E-1
3.090278E+0,6.509228E-1
3.125000E+0,6.530014E-1
3.159722E+0,6.550800E-1
3.194444E+0,6.571586E-1
3.229167E+0,6.592372E-1
3.263889E+0,6.613157E-1
3.298611E+0,6.633943E-1
3.333333E+0,6.654729E-1
3.368056E+0,6.675515E-1
3.402778E+0,6.696301E-1
3.437500E+0,6.717087E-1
3.472222E+0,6.737872E-1
3.506944E+0,6.758658E-1
3.541667E+0,6.779444E-1
3.576389E+0,6.800230E-1
3.611111E+0,6.821016E-1
3.645833E+0,6.841801E-1
3.680556E+0,6.862587E-1
3.715278E+0,6.883373E-1
3.750000E+0,6.904159E-1
3.784722E+0,6.924945E-1
3.819444E+0,6.945731E-1
3.854167E+0,6.966516E-1
3.888889E+0,6.987302E-1
3.923611E+0,7.008088E-1
3.958333E+0,7.028874E-1
3.993056E+0,7.049660E-1
4.027778E+0,7.070446E-1
4.062500E+0,7.091231E-1
4.097222E+0,7.112017E-1
4.131944E+0,7.132803E-1
4.166667E+0,7.153589E-1
4.201389E+0,7.174375E-1
4.236111E+0,7.195161E-1
4.270833E+0,7.215946E-1
4.305556E+0,7.236732E-1
4.340278E+0,7.257518E-1
4.375000E+0,7.278304E-1
4.409722E+0,7.299090E-1
4.444444E+0,7.319875E-1
4.479167E+0,7.340661E-1
4.513889E+0,7.361447E-1
4.548611E+0,7.382233E-1
4.583333E+0,7.403019E-1
4.618056E+0,7.423805E-1
4.652778E+0,7.444590E-1
4.687500E+0,7.465376E-1
4.722222E+0,7.486162E-1
4.756944E+0,7.506948E-1
4.791667E+0,7.527734E-1
4.826389E+0,7.548520E-1
4.861111E+0,7.569305E-1
4.895833E+0,7.590091E-1
4.930556E+0,7.610877E-1
4.965278E+0,7.631663E-1
5.000000E+0,7.652449E-1
5.034722E+0,7.673235E-1
5.069444E+0,7.694020E-1
5.104167E+0,7.714806E-1
5.138889E+0,7.735592E-1
5.173611E+0,7.756378E-1
5.208333E+0,7.777164E-1
5.243056E+0,7.797950E-1
5.277778E+0,7.818735E-1
5.312500E+0,7.839521E-1
5.347222E+0,7.860307E-1
5.381944E+0,7.881093E-1
5.416667E+0,7.901879E-1
5.451389E+0,7.922664E-1
5.486111E+0,7.943450E-1
5.520833E+0,7.964236E-1
5.555556E+0,7.985022E-1
5.590278E+0,8.005808E-1
5.625000E+0,8.026594E-1
5.659722E+0,8.047379E-1
5.694444E+0,8.068165E-1
5.729167E+0,8.088951E-1
5.763889E+0,8.109737E-1
5.798611E+0,8.130523E-1
5.833333E+0,8.151308E-1
5.868056E+0,8.172094E-1
5.902778E+0,8.192880E-1
5.937500E+0,8.213666E-1
5.972222E+0,8.234452E-1
6.006944E+0,8.255238E-1
6.041667E+0,8.276023E-1
6.076389E+0,8.296809E-1
6.111111E+0,8.317595E-1
6.145833E+0,8.338381E-1
6.180556E+0,8.359167E-1
6.215278E+0,8.379953E-1
6.250000E+0,8.400738E-1
6.284722E+0,8.421524E-1
6.319444E+0,8.442310E-1
6.354167E+0,8.463096E-1
6.388889E+0,8.483882E-1
6.423611E+0,8.504668E-1
6.458333E+0,8.525453E-1
6.493056E+0,8.546239E-1
6.527778E+0,8.567025E-1
6.562500E+0,8.587811E-1
6.597222E+0,8.608597E-1
6.631944E+0,8.629382E-1
6.666667E+0,8.650168E-1
6.701389E+0,8.670954E-1
6.736111E+0,8.691740E-1
6.770833E+0,8.712526E-1
6.805556E+0,8.733312E-1
6.840278E+0,8.754097E-1
6.875000E+0,8.774883E-1
6.909722E+0,8.795669E-1
6.944444E+0,8.816455E-1
6.979167E+0,8.837241E-1
7.013889E+0,8.851924E-1
7.048611E+0,8.861451E-1
7.083333E+0,8.870978E-1
7.118056E+0,8.880505E-1
7.152778E+0,8.890031E-1
7.187500E+0,8.899558E-1
7.222222E+0,8.909085E-1
7.256944E+0,8.918612E-1
7.291667E+0,8.928138E-1
7.326389E+0,8.937665E-1
7.361111E+0,8.947192E-1
7.395833E+0,8.956719E-1
7.430556E+0,8.966245E-1
7.465278E+0,8.975772E-1
7.500000E+0,8.985299E-1
7.534722E+0,8.994826E-1
7.569444E+0,9.004352E-1
7.604167E+0,9.013879E-1
7.638889E+0,9.023406E-1
7.673611E+0,9.032933E-1
7.708333E+0,9.042459E-1
7.743056E+0,9.051986E-1
7.777778E+0,9.061513E-1
7.812500E+0,9.071040E-1
7.847222E+0,9.080566E-1
7.881944E+0,9.090093E-1
7.916667E+0,9.099620E-1
7.951389E+0,9.109147E-1
7.986111E+0,9.118673E-1
8.020833E+0,9.128200E-1
8.055556E+0,9.137727E-1
8.090278E+0,9.147254E-1
8.125000E+0,9.156780E-1
8.159722E+0,9.166307E-1
8.194444E+0,9.175834E-1
8.229167E+0,9.185360E-1
8.263889E+0,9.194887E-1
8.298611E+0,9.204414E-1
8.333333E+0,9.213941E-1
8.368056E+0,9.223467E-1
8.402778E+0,9.232994E-1
8.437500E+0,9.242521E-1
8.472222E+0,9.252048E-1
8.506944E+0,9.261574E-1
8.541667E+0,9.271101E-1
8.576389E+0,9.280628E-1
8.611111E+0,9.290155E-1
8.645833E+0,9.299681E-1
8.680556E+0,9.309208E-1
8.715278E+0,9.318735E-1
8.750000E+0,9.328262E-1
8.784722E+0,9.337788E-1
8.819444E+0,9.347315E-1
8.854167E+0,9.356842E-1
8.888889E+0,9.366369E-1
8.923611E+0,9.375895E-1
8.958333E+0,9.385422E-1
8.993056E+0,9.394949E-1
9.027778E+0,9.404476E-1
9.062500E+0,9.414002E-1
9.097222E+0,9.423529E-1
9.131944E+0,9.433056E-1
9.166667E+0,9.442583E-1
9.201389E+0,9.452109E-1
9.236111E+0,9.461636E-1
9.270833E+0,9.471163E-1
9.305556E+0,9.480690E-1
9.340278E+0,9.490216E-1
9.375000E+0,9.499743E-1
9.409722E+0,9.509270E-1
9.444444E+0,9.518797E-1
9.479167E+0,9.528323E-1
9.513889E+0,9.537850E-1
9.548611E+0,9.547377E-1
9.583333E+0,9.556904E-1
9.618056E+0,9.566430E-1
9.652778E+0,9.575957E-1
9.687500E+0,9.585484E-1
9.722222E+0,9.595011E-1
9.756944E+0,9.604537E-1
9.791667E+0,9.614064E-1
9.826389E+0,9.623591E-1
9.861111E+0,9.633118E-1
9.895833E+0,9.642644E-1
9.930556E+0,9.652171E-1
9.965278E+0,9.661698E-1
1.000000E+1,9.671225E-1
1.003472E+1,9.680751E-1
1.006944E+1,9.690278E-1
1.010417E+1,9.699805E-1
1.013889E+1,9.709332E-1
1.017361E+1,9.718858E-1
1.020833E+1,9.728385E-1
1.024306E+1,9.737912E-1
1.027778E+1,9.747439E-1
1.031250E+1,9.756965E-1
1.034722E+1,9.766492E-1
1.038194E+1,9.776019E-1
1.041667E+1,9.785546E-1
1.045139E+1,9.795072E-1
1.048611E+1,9.804599E-1
1.052083E+1,9.814126E-1
1.055556E+1,9.823653E-1
1.059028E+1,9.833179E-1
1.062500E+1,9.842706E-1
1.065972E+1,9.852233E-1
1.069444E+1,9.861759E-1
1.072917E+1,9.871286E-1
1.076389E+1,9.880813E-1
1.079861E+1,9.890340E-1
1.083333E+1,9.899866E-1
1.086806E+1,9.909393E-1
1.090278E+1,9.918920E-1
1.093750E+1,9.928447E-1
1.097222E+1,9.937973E-1
1.100694E+1,9.947500E-1
1.104167E+1,9.957027E-1
1.107639E+1,9.966554E-1
1.111111E+1,9.976080E-1
1.114583E+1,9.985607E-1
1.118056E+1,9.995134E-1
1.121528E+1,1.000466E+0
1.125000E+1,1.001419E+0
1.128472E+1,1.002371E+0
1.131944E+1,1.003324E+0
1.135417E+1,1.004277E+0
1.138889E+1,1.005229E+0
1.142361E+1,1.006182E+0
1.145833E+1,1.006547E+0
1.149306E+1,1.006812E+0
1.152778E+1,1.007078E+0
1.156250E+1,1.007344E+0
1.159722E+1,1.007609E+0
1.163194E+1,1.007875E+0
1.166667E+1,1.008141E+0
1.170139E+1,1.008407E+0
1.173611E+1,1.008672E+0
1.177083E+1,1.008938E+0
1.180556E+1,1.009204E+0
1.184028E+1,1.009470E+0
1.187500E+1,1.009735E+0
1.190972E+1,1.010001E+0
1.194444E+1,1.010267E+0
1.197917E+1,1.010533E+0
1.201389E+1,1.010798E+0
1.204861E+1,1.011064E+0
1.208333E+1,1.011330E+0
1.211806E+1,1.011595E+0
1.215278E+1,1.011861E+0
1.218750E+1,1.012127E+0
1.222222E+1,1.012393E+0
1.225694E+1,1.012658E+0
1.229167E+1,1.012924E+0
1.232639E+1,1.013190E+0
1.236111E+1,1.013456E+0
1.239583E+1,1.013721E+0
1.243056E+1,1.013987E+0
1.246528E+1,1.014253E+0
1.250000E+1,1.014518E+0
1.253472E+1,1.014784E+0
1.256944E+1,1.015050E+0
1.260417E+1,1.015316E+0
1.263889E+1,1.015581E+0
1.267361E+1,1.015847E+0
1.270833E+1,1.016113E+0
1.274306E+1,1.016379E+0
1.277778E+1,1.016644E+0
1.281250E+1,1.016910E+0
1.284722E+1,1.017176E+0
1.288194E+1,1.017441E+0
1.291667E+1,1.017707E+0
1.295139E+1,1.017973E+0
1.298611E+1,1.018239E+0
1.302083E+1,1.018504E+0
1.305556E+1,1.018770E+0
1.309028E+1,1.019036E+0
1.312500E+1,1.019302E+0
1.315972E+1,1.019567E+0
1.319444E+1,1.019833E+0
1.322917E+1,1.020099E+0
1.326389E+1,1.020365E+0
1.329861E+1,1.020630E+0
1.333333E+1,1.020896E+0
1.336806E+1,1.021162E+0
1.340278E+1,1.021427E+0
1.343750E+1,1.021693E+0
1.347222E+1,1.021959E+0
1.350694E+1,1.022225E+0
1.354167E+1,1.022490E+0
1.357639E+1,1.022756E+0
1.361111E+1,1.023022E+0
1.364583E+1,1.023288E+0
1.368056E+1,1.023553E+0
1.371528E+1,1.023819E+0
1.375000E+1,1.024085E+0
1.378472E+1,1.024350E+0
1.381944E+1,1.024616E+0
1.385417E+1,1.024882E+0
1.388889E+1,1.025148E+0
1.392361E+1,1.025413E+0
1.395833E+1,1.025679E+0
1.399306E+1,1.025945E+0
1.402778E+1,1.026211E+0
1.406250E+1,1.026476E+0
1.409722E+1,1.026742E+0
1.413194E+1,1.027008E+0
1.416667E+1,1.027274E+0
1.420139E+1,1.027539E+0
1.423611E+1,1.027805E+0
1.427083E+1,1.028071E+0
1.430556E+1,1.028336E+0
1.434028E+1,1.028602E+0
1.437500E+1,1.028868E+0
1.440972E+1,1.029134E+0
1.444444E+1,1.029399E+0
1.447917E+1,1.029665E+0
1.451389E+1,1.029931E+0
1.454861E+1,1.030197E+0
1.458333E+1,1.030462E+0
1.461806E+1,1.030728E+0
1.465278E+1,1.030994E+0
1.468750E+1,1.031259E+0
1.472222E+1,1.031525E+0
1.475694E+1,1.031791E+0
1.479167E+1,1.032057E+0
1.482639E+1,1.032322E+0
1.486111E+1,1.032588E+0
1.489583E+1,1.032854E+0
1.493056E+1,1.033120E+0
1.496528E+1,1.033385E+0
1.500000E+1,1.033651E+0
1.503472E+1,1.033917E+0
1.506944E+1,1.034182E+0
1.510417E+1,1.034448E+0
1.513889E+1,1.034714E+0
1.517361E+1,1.034980E+0
1.520833E+1,1.035245E+0
1.524306E+1,1.035511E+0
1.527778E+1,1.035777E+0
1.531250E+1,1.036043E+0
1.534722E+1,1.036308E+0
1.538194E+1,1.036574E+0
1.541667E+1,1.036840E+0
1.545139E+1,1.037106E+0
1.548611E+1,1.037371E+0
1.552083E+1,1.037637E+0
1.555556E+1,1.037903E+0
1.559028E+1,1.038168E+0
1.562500E+1,1.038434E+0
1.565972E+1,1.038700E+0
1.569444E+1,1.038966E+0
1.572917E+1,1.039231E+0
1.576389E+1,1.039497E+0
1.579861E+1,1.039763E+0
1.583333E+1,1.040029E+0
1.586806E+1,1.040294E+0
1.590278E+1,1.040560E+0
1.593750E+1,1.040826E+0
1.597222E+1,1.041091E+0
1.600694E+1,1.041357E+0
1.604167E+1,1.041623E+0
1.607639E+1,1.041889E+0
1.611111E+1,1.042154E+0
1.614583E+1,1.042420E+0
1.618056E+1,1.042686E+0
1.621528E+1,1.042952E+0
1.625000E+1,1.043217E+0
1.628472E+1,1.043483E+0
1.631944E+1,1.043749E+0
1.635417E+1,1.044015E+0
1.638889E+1,1.044280E+0
1.642361E+1,1.044546E+0
1.645833E+1,1.044812E+0
1.649306E+1,1.045077E+0
1.652778E+1,1.045343E+0
1.656250E+1,1.045609E+0
1.659722E+1,1.045875E+0
1.663194E+1,1.046140E+0
1.666667E+1,1.046406E+0
1.670139E+1,1.046672E+0
1.673611E+1,1.046938E+0
1.677083E+1,1.047203E+0
1.680556E+1,1.047469E+0
1.684028E+1,1.047735E+0
1.687500E+1,1.048000E+0
1.690972E+1,1.048266E+0
1.694444E+1,1.048532E+0
1.697917E+1,1.048798E+0
1.701389E+1,1.049063E+0
1.704861E+1,1.049329E+0
1.708333E+1,1.049595E+0
1.711806E+1,1.049861E+0
1.715278E+1,1.050126E+0
1.718750E+1,1.050392E+0
1.722222E+1,1.050658E+0
1.725694E+1,1.050923E+0
1.729167E+1,1.051189E+0
1.732639E+1,1.051455E+0
1.736111E+1,1.051721E+0
1.739583E+1,1.051986E+0
1.743056E+1,1.052252E+0
1.746528E+1,1.052518E+0
1.750000E+1,1.052784E+0
1.753472E+1,1.053049E+0
1.756944E+1,1.053315E+0
1.760417E+1,1.053581E+0
1.763889E+1,1.053847E+0
1.767361E+1,1.054112E+0
1.770833E+1,1.054378E+0
1.774306E+1,1.054644E+0
1.777778E+1,1.054909E+0
1.781250E+1,1.055175E+0
1.784722E+1,1.055441E+0
1.788194E+1,1.055707E+0
1.791667E+1,1.055972E+0
1.795139E+1,1.056238E+0
1.798611E+1,1.056504E+0
1.802083E+1,1.056770E+0
1.805556E+1,1.057035E+0
1.809028E+1,1.057301E+0
1.812500E+1,1.057567E+0
1.815972E+1,1.057832E+0
1.819444E+1,1.058098E+0
1.822917E+1,1.058364E+0
1.826389E+1,1.058630E+0
1.829861E+1,1.058895E+0
1.833333E+1,1.059161E+0
1.836806E+1,1.059427E+0
1.840278E+1,1.059693E+0
1.843750E+1,1.059958E+0
1.847222E+1,1.060224E+0
1.850694E+1,1.060490E+0
1.854167E+1,1.060756E+0
1.857639E+1,1.061021E+0
1.861111E+1,1.061287E+0
1.864583E+1,1.061553E+0
1.868056E+1,1.061818E+0
1.871528E+1,1.062084E+0
1.875000E+1,1.062350E+0
1.878472E+1,1.062616E+0
1.881944E+1,1.062881E+0
1.885417E+1,1.063147E+0
1.888889E+1,1.063413E+0
1.892361E+1,1.063679E+0
1.895833E+1,1.063944E+0
1.899306E+1,1.064210E+0
1.902778E+1,1.064476E+0
1.906250E+1,1.064741E+0
1.909722E+1,1.065007E+0
1.913194E+1,1.065273E+0
1.916667E+1,1.065539E+0
1.920139E+1,1.065804E+0
1.923611E+1,1.066070E+0
1.927083E+1,1.066336E+0
1.930556E+1,1.066602E+0
1.934028E+1,1.066867E+0
1.937500E+1,1.067133E+0
1.940972E+1,1.067399E+0
1.944444E+1,1.067664E+0
1.947917E+1,1.067930E+0
1.951389E+1,1.068196E+0
1.954861E+1,1.068462E+0
1.958333E+1,1.068727E+0
1.961806E+1,1.068993E+0
1.965278E+1,1.069259E+0
1.968750E+1,1.069525E+0
1.972222E+1,1.069790E+0
1.975694E+1,1.070056E+0
1.979167E+1,1.070322E+0
1.982639E+1,1.070588E+0
1.986111E+1,1.070853E+0
1.989583E+1,1.071119E+0
1.993056E+1,1.071385E+0
1.996528E+1,1.071650E+0
2.000000E+1,1.071916E+0
2.003472E+1,1.072182E+0
2.006944E+1,1.072448E+0
2.010417E+1,1.072833E+0
2.013889E+1,1.073830E+0
2.017361E+1,1.074827E+0
2.020833E+1,1.075824E+0
2.024306E+1,1.076821E+0
2.027778E+1,1.077818E+0
2.031250E+1,1.078815E+0
2.034722E+1,1.079812E+0
2.038194E+1,1.080809E+0
2.041667E+1,1.081806E+0
2.045139E+1,1.082803E+0
2.048611E+1,1.083800E+0
2.052083E+1,1.084796E+0
2.055556E+1,1.085793E+0
2.059028E+1,1.086790E+0
2.062500E+1,1.087787E+0
2.065972E+1,1.088784E+0
2.069444E+1,1.089781E+0
2.072917E+1,1.090778E+0
2.076389E+1,1.091775E+0
2.079861E+1,1.092772E+0
2.083333E+1,1.093769E+0
2.086806E+1,1.094766E+0
2.090278E+1,1.095763E+0
2.093750E+1,1.096760E+0
2.097222E+1,1.097757E+0
2.100694E+1,1.098754E+0
2.104167E+1,1.099751E+0
2.107639E+1,1.100748E+0
2.111111E+1,1.101745E+0
2.114583E+1,1.102742E+0
2.118056E+1,1.103739E+0
2.121528E+1,1.104736E+0
2.125000E+1,1.105733E+0
2.128472E+1,1.106730E+0
2.131944E+1,1.107727E+0
2.135417E+1,1.108724E+0
2.138889E+1,1.109721E+0
2.142361E+1,1.110718E+0
2.145833E+1,1.111715E+0
2.149306E+1,1.112712E+0
2.152778E+1,1.113709E+0
2.156250E+1,1.114706E+0
2.159722E+1,1.115703E+0
2.163194E+1,1.116700E+0
2.166667E+1,1.117697E+0
2.170139E+1,1.118694E+0
2.173611E+1,1.119691E+0
2.177083E+1,1.120688E+0
2.180556E+1,1.121685E+0
2.184028E+1,1.122682E+0
2.187500E+1,1.123679E+0
2.190972E+1,1.124676E+0
2.194444E+1,1.125673E+0
2.197917E+1,1.126670E+0
2.201389E+1,1.127667E+0
2.204861E+1,1.128664E+0
2.208333E+1,1.129661E+0
2.211806E+1,1.130658E+0
2.215278E+1,1.131655E+0
2.218750E+1,1.132652E+0
2.222222E+1,1.133649E+0
2.225694E+1,1.134646E+0
2.229167E+1,1.135643E+0
2.232639E+1,1.136640E+0
2.236111E+1,1.137637E+0
2.239583E+1,1.138634E+0
2.243056E+1,1.139631E+0
2.246528E+1,1.140628E+0
2.250000E+1,1.141624E+0
2.253472E+1,1.142621E+0
2.256944E+1,1.143618E+0
2.260417E+1,1.144615E+0
2.263889E+1,1.145612E+0
2.267361E+1,1.146609E+0
2.270833E+1,1.147606E+0
2.274306E+1,1.148603E+0
2.277778E+1,1.149600E+0
2.281250E+1,1.150597E+0
2.284722E+1,1.151594E+0
2.288194E+1,1.152591E+0
2.291667E+1,1.153588E+0
2.295139E+1,1.154585E+0
2.298611E+1,1.155582E+0
2.302083E+1,1.156579E+0
2.305556E+1,1.157576E+0
2.309028E+1,1.158573E+0
2.312500E+1,1.159570E+0
2.315972E+1,1.160567E+0
2.319444E+1,1.161564E+0
2.322917E+1,1.162561E+0
2.326389E+1,1.163558E+0
2.329861E+1,1.164555E+0
2.333333E+1,1.165552E+0
2.336806E+1,1.166549E+0
2.340278E+1,1.167546E+0
2.343750E+1,1.168543E+0
2.347222E+1,1.169540E+0
2.350694E+1,1.170537E+0
2.354167E+1,1.171534E+0
2.357639E+1,1.172531E+0
2.361111E+1,1.173528E+0
2.364583E+1,1.174525E+0
2.368056E+1,1.175522E+0
2.371528E+1,1.176519E+0
2.375000E+1,1.177516E+0
2.378472E+1,1.178513E+0
2.381944E+1,1.179510E+0
2.385417E+1,1.180507E+0
2.388889E+1,1.181504E+0
2.392361E+1,1.182501E+0
2.395833E+1,1.183498E+0
2.399306E+1,1.184495E+0
2.402778E+1,1.185492E+0
2.406250E+1,1.186489E+0
2.409722E+1,1.187486E+0
2.413194E+1,1.188483E+0
2.416667E+1,1.189480E+0
2.420139E+1,1.190477E+0
2.423611E+1,1.191474E+0
2.427083E+1,1.192471E+0
2.430556E+1,1.193468E+0
2.434028E+1,1.194366E+0
2.437500E+1,1.194712E+0
2.440972E+1,1.195059E+0
2.444444E+1,1.195405E+0
2.447917E+1,1.195751E+0
2.451389E+1,1.196098E+0
2.454861E+1,1.196444E+0
2.458333E+1,1.196791E+0
2.461806E+1,1.197137E+0
2.465278E+1,1.197484E+0
2.468750E+1,1.197830E+0
2.472222E+1,1.198176E+0
2.475694E+1,1.198523E+0
2.479167E+1,1.198869E+0
2.482639E+1,1.199216E+0
2.486111E+1,1.199562E+0
2.489583E+1,1.199909E+0
2.493056E+1,1.200255E+0
2.496528E+1,1.200601E+0
2.500000E+1,1.200948E+0
2.503472E+1,1.201294E+0
2.506944E+1,1.201641E+0
2.510417E+1,1.201987E+0
2.513889E+1,1.202334E+0
2.517361E+1,1.202680E+0
2.520833E+1,1.203026E+0
2.524306E+1,1.203373E+0
2.527778E+1,1.203719E+0
2.531250E+1,1.204066E+0
2.534722E+1,1.204412E+0
2.538194E+1,1.204759E+0
2.541667E+1,1.205105E+0
2.545139E+1,1.205451E+0
2.548611E+1,1.205798E+0
2.552083E+1,1.206144E+0
2.555556E+1,1.206491E+0
2.559028E+1,1.206837E+0
2.562500E+1,1.207184E+0
2.565972E+1,1.207530E+0
2.569444E+1,1.207876E+0
2.572917E+1,1.208223E+0
2.576389E+1,1.208569E+0
2.579861E+1,1.208916E+0
2.583333E+1,1.209262E+0
2.586806E+1,1.209609E+0
2.590278E+1,1.209955E+0
2.593750E+1,1.210301E+0
2.597222E+1,1.210648E+0
2.600694E+1,1.210994E+0
2.604167E+1,1.211341E+0
2.607639E+1,1.211687E+0
2.611111E+1,1.212034E+0
2.614583E+1,1.212380E+0
2.618056E+1,1.212727E+0
2.621528E+1,1.213073E+0
2.625000E+1,1.213419E+0
2.628472E+1,1.213766E+0
2.631944E+1,1.214112E+0
2.635417E+1,1.214459E+0
2.638889E+1,1.214805E+0
2.642361E+1,1.215152E+0
2.645833E+1,1.215498E+0
2.649306E+1,1.215844E+0
2.652778E+1,1.216191E+0
2.656250E+1,1.216537E+0
2.659722E+1,1.216884E+0
2.663194E+1,1.217230E+0
2.666667E+1,1.217577E+0
2.670139E+1,1.217923E+0
2.673611E+1,1.218269E+0
2.677083E+1,1.218616E+0
2.680556E+1,1.218962E+0
2.684028E+1,1.219309E+0
2.687500E+1,1.219655E+0
2.690972E+1,1.220002E+0
2.694444E+1,1.220348E+0
2.697917E+1,1.220694E+0
2.701389E+1,1.221041E+0
2.704861E+1,1.221387E+0
2.708333E+1,1.221734E+0
2.711806E+1,1.222080E+0
2.715278E+1,1.222427E+0
2.718750E+1,1.222773E+0
2.722222E+1,1.223119E+0
2.725694E+1,1.223466E+0
2.729167E+1,1.223812E+0
2.732639E+1,1.224159E+0
2.736111E+1,1.224505E+0
2.739583E+1,1.224852E+0
2.743056E+1,1.225198E+0
2.746528E+1,1.225544E+0
2.750000E+1,1.225891E+0
2.753472E+1,1.226237E+0
2.756944E+1,1.226584E+0
2.760417E+1,1.226930E+0
2.763889E+1,1.227277E+0
2.767361E+1,1.227623E+0
2.770833E+1,1.227969E+0
2.774306E+1,1.228316E+0
2.777778E+1,1.228662E+0
2.781250E+1,1.229009E+0
2.784722E+1,1.229355E+0
2.788194E+1,1.229702E+0
2.791667E+1,1.230048E+0
2.795139E+1,1.230395E+0
2.798611E+1,1.230741E+0
2.802083E+1,1.231087E+0
2.805556E+1,1.231434E+0
2.809028E+1,1.231780E+0
2.812500E+1,1.232127E+0
2.815972E+1,1.232473E+0
2.819444E+1,1.232820E+0
2.822917E+1,1.233166E+0
2.826389E+1,1.233512E+0
2.829861E+1,1.233859E+0
2.833333E+1,1.234205E+0
2.836806E+1,1.234552E+0
2.840278E+1,1.234898E+0
2.843750E+1,1.235245E+0
2.847222E+1,1.235591E+0
2.850694E+1,1.235937E+0
2.854167E+1,1.236284E+0
2.857639E+1,1.236630E+0
2.861111E+1,1.236977E+0
2.864583E+1,1.237323E+0
2.868056E+1,1.237670E+0
2.871528E+1,1.238016E+0
2.875000E+1,1.238362E+0
2.878472E+1,1.238871E+0
2.881944E+1,1.239564E+0
2.885417E+1,1.240256E+0
2.888889E+1,1.240949E+0
2.892361E+1,1.241642E+0
2.895833E+1,1.242335E+0
2.899306E+1,1.243028E+0
2.902778E+1,1.243721E+0
2.906250E+1,1.244414E+0
2.909722E+1,1.245106E+0
2.913194E+1,1.245799E+0
2.916667E+1,1.246492E+0
2.920139E+1,1.247185E+0
2.923611E+1,1.247878E+0
2.927083E+1,1.248571E+0
2.930556E+1,1.249264E+0
2.934028E+1,1.249956E+0
2.937500E+1,1.250649E+0
2.940972E+1,1.251342E+0
2.944444E+1,1.252035E+0
2.947917E+1,1.252728E+0
2.951389E+1,1.253421E+0
2.954861E+1,1.254114E+0
2.958333E+1,1.254806E+0
2.961806E+1,1.255499E+0
2.965278E+1,1.256192E+0
2.968750E+1,1.256885E+0
2.972222E+1,1.257578E+0
2.975694E+1,1.258271E+0
2.979167E+1,1.258963E+0
2.982639E+1,1.259656E+0
2.986111E+1,1.260349E+0
2.989583E+1,1.261042E+0
2.993056E+1,1.261735E+0
2.996528E+1,1.262428E+0
3.000000E+1,1.263121E+0
3.003472E+1,1.263813E+0
3.006944E+1,1.264506E+0
3.010417E+1,1.265199E+0
3.013889E+1,1.265892E+0
3.017361E+1,1.266585E+0
3.020833E+1,1.267278E+0
3.024306E+1,1.267971E+0
3.027778E+1,1.268663E+0
3.031250E+1,1.269356E+0
3.034722E+1,1.270049E+0
3.038194E+1,1.270742E+0
3.041667E+1,1.271435E+0
3.045139E+1,1.272128E+0
3.048611E+1,1.272821E+0
3.052083E+1,1.273513E+0
3.055556E+1,1.274206E+0
3.059028E+1,1.274899E+0
3.062500E+1,1.275592E+0
3.065972E+1,1.276285E+0
3.069444E+1,1.276978E+0
3.072917E+1,1.277671E+0
3.076389E+1,1.278363E+0
3.079861E+1,1.279056E+0
3.083333E+1,1.279749E+0
3.086806E+1,1.280442E+0
3.090278E+1,1.281135E+0
3.093750E+1,1.281828E+0
3.097222E+1,1.282521E+0
3.100694E+1,1.283213E+0
3.104167E+1,1.283906E+0
3.107639E+1,1.284599E+0
3.111111E+1,1.285292E+0
3.114583E+1,1.285985E+0
3.118056E+1,1.286678E+0
3.121528E+1,1.287371E+0
3.125000E+1,1.288063E+0
3.128472E+1,1.288756E+0
3.131944E+1,1.289449E+0
3.135417E+1,1.290142E+0
3.138889E+1,1.290835E+0
3.142361E+1,1.291528E+0
3.145833E+1,1.292220E+0
3.149306E+1,1.292913E+0
3.152778E+1,1.293606E+0
3.156250E+1,1.294299E+0
3.159722E+1,1.294992E+0
3.163194E+1,1.295685E+0
3.166667E+1,1.296378E+0
3.170139E+1,1.297070E+0
3.173611E+1,1.297763E+0
3.177083E+1,1.298456E+0
3.180556E+1,1.299149E+0
3.184028E+1,1.299842E+0
3.187500E+1,1.300535E+0
3.190972E+1,1.301228E+0
3.194444E+1,1.301920E+0
3.197917E+1,1.302613E+0
3.201389E+1,1.303306E+0
3.204861E+1,1.303999E+0
3.208333E+1,1.304692E+0
3.211806E+1,1.305385E+0
3.215278E+1,1.306078E+0
3.218750E+1,1.306770E+0
3.222222E+1,1.307463E+0
3.225694E+1,1.308156E+0
3.229167E+1,1.308849E+0
3.232639E+1,1.309542E+0
3.236111E+1,1.310235E+0
3.239583E+1,1.310928E+0
3.243056E+1,1.311620E+0
3.246528E+1,1.312313E+0
3.250000E+1,1.313006E+0
3.253472E+1,1.313699E+0
3.256944E+1,1.314392E+0
3.260417E+1,1.315085E+0
3.263889E+1,1.315778E+0
3.267361E+1,1.316470E+0
3.270833E+1,1.317163E+0
3.274306E+1,1.317856E+0
3.277778E+1,1.318549E+0
3.281250E+1,1.319242E+0
3.284722E+1,1.319935E+0
3.288194E+1,1.320628E+0
3.291667E+1,1.321320E+0
3.295139E+1,1.322013E+0
3.298611E+1,1.322706E+0
3.302083E+1,1.323399E+0
3.305556E+1,1.324092E+0
3.309028E+1,1.324785E+0
3.312500E+1,1.325478E+0
3.315972E+1,1.326170E+0
3.319444E+1,1.326863E+0
3.322917E+1,1.326234E+0
3.326389E+1,1.325237E+0
3.329861E+1,1.324240E+0
3.333333E+1,1.323243E+0
3.336806E+1,1.322246E+0
3.340278E+1,1.321249E+0
3.343750E+1,1.320252E+0
3.347222E+1,1.319255E+0
3.350694E+1,1.318258E+0
3.354167E+1,1.317261E+0
3.357639E+1,1.316264E+0
3.361111E+1,1.315267E+0
3.364583E+1,1.314270E+0
3.368056E+1,1.313273E+0
3.371528E+1,1.312276E+0
3.375000E+1,1.311279E+0
3.378472E+1,1.310282E+0
3.381944E+1,1.309285E+0
3.385417E+1,1.308288E+0
3.388889E+1,1.307291E+0
3.392361E+1,1.306294E+0
3.395833E+1,1.305297E+0
3.399306E+1,1.304300E+0
3.402778E+1,1.303303E+0
3.406250E+1,1.302306E+0
3.409722E+1,1.301309E+0
3.413194E+1,1.300312E+0
3.416667E+1,1.299315E+0
3.420139E+1,1.298318E+0
3.423611E+1,1.297321E+0
3.427083E+1,1.296324E+0
3.430556E+1,1.295327E+0
3.434028E+1,1.294330E+0
3.437500E+1,1.293333E+0
3.440972E+1,1.292336E+0
3.444444E+1,1.291339E+0
3.447917E+1,1.290342E+0
3.451389E+1,1.289345E+0
3.454861E+1,1.288348E+0
3.458333E+1,1.287351E+0
3.461806E+1,1.286354E+0
3.465278E+1,1.285357E+0
3.468750E+1,1.284360E+0
3.472222E+1,1.283363E+0
3.475694E+1,1.282366E+0
3.479167E+1,1.281369E+0
3.482639E+1,1.280372E+0
3.486111E+1,1.279375E+0
3.489583E+1,1.278378E+0
3.493056E+1,1.277381E+0
3.496528E+1,1.276384E+0
3.500000E+1,1.275387E+0
3.503472E+1,1.274390E+0
3.506944E+1,1.273393E+0
3.510417E+1,1.272396E+0
3.513889E+1,1.271399E+0
3.517361E+1,1.270402E+0
3.520833E+1,1.269405E+0
3.524306E+1,1.268408E+0
3.527778E+1,1.267411E+0
3.531250E+1,1.266414E+0
3.534722E+1,1.265417E+0
3.538194E+1,1.264420E+0
3.541667E+1,1.263423E+0
3.545139E+1,1.262426E+0
3.548611E+1,1.261429E+0
3.552083E+1,1.260432E+0
3.555556E+1,1.259435E+0
3.559028E+1,1.258438E+0
3.562500E+1,1.257441E+0
3.565972E+1,1.256444E+0
3.569444E+1,1.255447E+0
3.572917E+1,1.254450E+0
3.576389E+1,1.253453E+0
3.579861E+1,1.252456E+0
3.583333E+1,1.251459E+0
3.586806E+1,1.250461E+0
3.590278E+1,1.249464E+0
3.593750E+1,1.248467E+0
3.597222E+1,1.247470E+0
3.600694E+1,1.246473E+0
3.604167E+1,1.245476E+0
3.607639E+1,1.244479E+0
3.611111E+1,1.243482E+0
3.614583E+1,1.242485E+0
3.618056E+1,1.241488E+0
3.621528E+1,1.240491E+0
3.625000E+1,1.239494E+0
3.628472E+1,1.238497E+0
3.631944E+1,1.237500E+0
3.635417E+1,1.236503E+0
3.638889E+1,1.235506E+0
3.642361E+1,1.234509E+0
3.645833E+1,1.233512E+0
3.649306E+1,1.232515E+0
3.652778E+1,1.231518E+0
3.656250E+1,1.230521E+0
3.659722E+1,1.229524E+0
3.663194E+1,1.228527E+0
3.666667E+1,1.227530E+0
3.670139E+1,1.226533E+0
3.673611E+1,1.225536E+0
3.677083E+1,1.224539E+0
3.680556E+1,1.223542E+0
3.684028E+1,1.222545E+0
3.687500E+1,1.221548E+0
3.690972E+1,1.220551E+0
3.694444E+1,1.219554E+0
3.697917E+1,1.218557E+0
3.701389E+1,1.217560E+0
3.704861E+1,1.216563E+0
3.708333E+1,1.215566E+0
3.711806E+1,1.214569E+0
3.715278E+1,1.213572E+0
3.718750E+1,1.212575E+0
3.722222E+1,1.211578E+0
3.725694E+1,1.210581E+0
3.729167E+1,1.209584E+0
3.732639E+1,1.208587E+0
3.736111E+1,1.207590E+0
3.739583E+1,1.206593E+0
3.743056E+1,1.205596E+0
3.746528E+1,1.205103E+0
3.750000E+1,1.204756E+0
3.753472E+1,1.204410E+0
3.756944E+1,1.204064E+0
3.760417E+1,1.203717E+0
3.763889E+1,1.203371E+0
3.767361E+1,1.203024E+0
3.770833E+1,1.202678E+0
3.774306E+1,1.202331E+0
3.777778E+1,1.201985E+0
3.781250E+1,1.201639E+0
3.784722E+1,1.201292E+0
3.788194E+1,1.200946E+0
3.791667E+1,1.200599E+0
3.795139E+1,1.200253E+0
3.798611E+1,1.199906E+0
3.802083E+1,1.199560E+0
3.805556E+1,1.199213E+0
3.809028E+1,1.198867E+0
3.812500E+1,1.198521E+0
3.815972E+1,1.198174E+0
3.819444E+1,1.197828E+0
3.822917E+1,1.197481E+0
3.826389E+1,1.197135E+0
3.829861E+1,1.196788E+0
3.833333E+1,1.196442E+0
3.836806E+1,1.196096E+0
3.840278E+1,1.195749E+0
3.843750E+1,1.195403E+0
3.847222E+1,1.195056E+0
3.850694E+1,1.194710E+0
3.854167E+1,1.194363E+0
3.857639E+1,1.194017E+0
3.861111E+1,1.193671E+0
3.864583E+1,1.193324E+0
3.868056E+1,1.192978E+0
3.871528E+1,1.192631E+0
3.875000E+1,1.192285E+0
3.878472E+1,1.191938E+0
3.881944E+1,1.191592E+0
3.885417E+1,1.191246E+0
3.888889E+1,1.190899E+0
3.892361E+1,1.190553E+0
3.895833E+1,1.190206E+0
3.899306E+1,1.189860E+0
3.902778E+1,1.189513E+0
3.906250E+1,1.189167E+0
3.909722E+1,1.188821E+0
3.913194E+1,1.188474E+0
3.916667E+1,1.188128E+0
3.920139E+1,1.187781E+0
3.923611E+1,1.187435E+0
3.927083E+1,1.187088E+0
3.930556E+1,1.186742E+0
3.934028E+1,1.186396E+0
3.937500E+1,1.186049E+0
3.940972E+1,1.185703E+0
3.944444E+1,1.185356E+0
3.947917E+1,1.185010E+0
3.951389E+1,1.184663E+0
3.954861E+1,1.184317E+0
3.958333E+1,1.183971E+0
3.961806E+1,1.183624E+0
3.965278E+1,1.183278E+0
3.968750E+1,1.182931E+0
3.972222E+1,1.182585E+0
3.975694E+1,1.182238E+0
3.979167E+1,1.181892E+0
3.982639E+1,1.181546E+0
3.986111E+1,1.181199E+0
3.989583E+1,1.180853E+0
3.993056E+1,1.180506E+0
3.996528E+1,1.180160E+0
4.000000E+1,1.179813E+0
4.003472E+1,1.179467E+0
4.006944E+1,1.179120E+0
4.010417E+1,1.178774E+0
4.013889E+1,1.178428E+0
4.017361E+1,1.178081E+0
4.020833E+1,1.177735E+0
4.024306E+1,1.177388E+0
4.027778E+1,1.177042E+0
4.031250E+1,1.176695E+0
4.034722E+1,1.176349E+0
4.038194E+1,1.176003E+0
4.041667E+1,1.175656E+0
4.045139E+1,1.175310E+0
4.048611E+1,1.174963E+0
4.052083E+1,1.174617E+0
4.055556E+1,1.174270E+0
4.059028E+1,1.173924E+0
4.062500E+1,1.173578E+0
4.065972E+1,1.173231E+0
4.069444E+1,1.172885E+0
4.072917E+1,1.172538E+0
4.076389E+1,1.172192E+0
4.079861E+1,1.171845E+0
4.083333E+1,1.171499E+0
4.086806E+1,1.171153E+0
4.090278E+1,1.170806E+0
4.093750E+1,1.170460E+0
4.097222E+1,1.170113E+0
4.100694E+1,1.169767E+0
4.104167E+1,1.169420E+0
4.107639E+1,1.169074E+0
4.111111E+1,1.168728E+0
4.114583E+1,1.168381E+0
4.118056E+1,1.168035E+0
4.121528E+1,1.167688E+0
4.125000E+1,1.167342E+0
4.128472E+1,1.166995E+0
4.131944E+1,1.166649E+0
4.135417E+1,1.166303E+0
4.138889E+1,1.165956E+0
4.142361E+1,1.165610E+0
4.145833E+1,1.165263E+0
4.149306E+1,1.164917E+0
4.152778E+1,1.164570E+0
4.156250E+1,1.164224E+0
4.159722E+1,1.163878E+0
4.163194E+1,1.163531E+0
4.166667E+1,1.163185E+0
4.170139E+1,1.162838E+0
4.173611E+1,1.162492E+0
4.177083E+1,1.162145E+0
4.180556E+1,1.161799E+0
4.184028E+1,1.161452E+0
4.187500E+1,1.161121E+0
4.190972E+1,1.160944E+0
4.194444E+1,1.160767E+0
4.197917E+1,1.160590E+0
4.201389E+1,1.160413E+0
4.204861E+1,1.160235E+0
4.208333E+1,1.160058E+0
4.211806E+1,1.159881E+0
4.215278E+1,1.159704E+0
4.218750E+1,1.159527E+0
4.222222E+1,1.159350E+0
4.225694E+1,1.159173E+0
4.229167E+1,1.158995E+0
4.232639E+1,1.158818E+0
4.236111E+1,1.158641E+0
4.239583E+1,1.158464E+0
4.243056E+1,1.158287E+0
4.246528E+1,1.158110E+0
4.250000E+1,1.157933E+0
4.253472E+1,1.157755E+0
4.256944E+1,1.157578E+0
4.260417E+1,1.157401E+0
4.263889E+1,1.157224E+0
4.267361E+1,1.157047E+0
4.270833E+1,1.156870E+0
4.274306E+1,1.156693E+0
4.277778E+1,1.156515E+0
4.281250E+1,1.156338E+0
4.284722E+1,1.156161E+0
4.288194E+1,1.155984E+0
4.291667E+1,1.155807E+0
4.295139E+1,1.155630E+0
4.298611E+1,1.155453E+0
4.302083E+1,1.155275E+0
4.305556E+1,1.155098E+0
4.309028E+1,1.154921E+0
4.312500E+1,1.154744E+0
4.315972E+1,1.154567E+0
4.319444E+1,1.154390E+0
4.322917E+1,1.154213E+0
4.326389E+1,1.154035E+0
4.329861E+1,1.153858E+0
4.333333E+1,1.153681E+0
4.336806E+1,1.153504E+0
4.340278E+1,1.153327E+0
4.343750E+1,1.153150E+0
4.347222E+1,1.152973E+0
4.350694E+1,1.152795E+0
4.354167E+1,1.152618E+0
4.357639E+1,1.152441E+0
4.361111E+1,1.152264E+0
4.364583E+1,1.152087E+0
4.368056E+1,1.151910E+0
4.371528E+1,1.151733E+0
4.375000E+1,1.151555E+0
4.378472E+1,1.151378E+0
4.381944E+1,1.151201E+0
4.385417E+1,1.151024E+0
4.388889E+1,1.150847E+0
4.392361E+1,1.150670E+0
4.395833E+1,1.150493E+0
4.399306E+1,1.150315E+0
4.402778E+1,1.150138E+0
4.406250E+1,1.149961E+0
4.409722E+1,1.149784E+0
4.413194E+1,1.149607E+0
4.416667E+1,1.149430E+0
4.420139E+1,1.149253E+0
4.423611E+1,1.149075E+0
4.427083E+1,1.148898E+0
4.430556E+1,1.148721E+0
4.434028E+1,1.148544E+0
4.437500E+1,1.148367E+0
4.440972E+1,1.148190E+0
4.444444E+1,1.148013E+0
4.447917E+1,1.147835E+0
4.451389E+1,1.147658E+0
4.454861E+1,1.147481E+0
4.458333E+1,1.147304E+0
4.461806E+1,1.147127E+0
4.465278E+1,1.146950E+0
4.468750E+1,1.146773E+0
4.472222E+1,1.146595E+0
4.475694E+1,1.146418E+0
4.479167E+1,1.146241E+0
4.482639E+1,1.146064E+0
4.486111E+1,1.145887E+0
4.489583E+1,1.145710E+0
4.493056E+1,1.145533E+0
4.496528E+1,1.145355E+0
4.500000E+1,1.145178E+0
4.503472E+1,1.145001E+0
4.506944E+1,1.144824E+0
4.510417E+1,1.144647E+0
4.513889E+1,1.144470E+0
4.517361E+1,1.144293E+0
4.520833E+1,1.144115E+0
4.524306E+1,1.143938E+0
4.527778E+1,1.143761E+0
4.531250E+1,1.143584E+0
4.534722E+1,1.143407E+0
4.538194E+1,1.143230E+0
4.541667E+1,1.143053E+0
4.545139E+1,1.142875E+0
4.548611E+1,1.142698E+0
4.552083E+1,1.142521E+0
4.555556E+1,1.142344E+0
4.559028E+1,1.142167E+0
4.562500E+1,1.141990E+0
4.565972E+1,1.141813E+0
4.569444E+1,1.141635E+0
4.572917E+1,1.141458E+0
4.576389E+1,1.141281E+0
4.579861E+1,1.141104E+0
4.583333E+1,1.140927E+0
4.586806E+1,1.140750E+0
4.590278E+1,1.140573E+0
4.593750E+1,1.140395E+0
4.597222E+1,1.140218E+0
4.600694E+1,1.140041E+0
4.604167E+1,1.139864E+0
4.607639E+1,1.139687E+0
4.611111E+1,1.139510E+0
4.614583E+1,1.139333E+0
4.618056E+1,1.139155E+0
4.621528E+1,1.139087E+0
4.625000E+1,1.139359E+0
4.628472E+1,1.139630E+0
4.631944E+1,1.139902E+0
4.635417E+1,1.140174E+0
4.638889E+1,1.140446E+0
4.642361E+1,1.140718E+0
4.645833E+1,1.140990E+0
4.649306E+1,1.141262E+0
4.652778E+1,1.141534E+0
4.656250E+1,1.141806E+0
4.659722E+1,1.142078E+0
4.663194E+1,1.142349E+0
4.666667E+1,1.142621E+0
4.670139E+1,1.142893E+0
4.673611E+1,1.143165E+0
4.677083E+1,1.143437E+0
4.680556E+1,1.143709E+0
4.684028E+1,1.143981E+0
4.687500E+1,1.144253E+0
4.690972E+1,1.144525E+0
4.694444E+1,1.144797E+0
4.697917E+1,1.145069E+0
4.701389E+1,1.145340E+0
4.704861E+1,1.145612E+0
4.708333E+1,1.145884E+0
4.711806E+1,1.146156E+0
4.715278E+1,1.146428E+0
4.718750E+1,1.146700E+0
4.722222E+1,1.146972E+0
4.725694E+1,1.147244E+0
4.729167E+1,1.147516E+0
4.732639E+1,1.147788E+0
4.736111E+1,1.148060E+0
4.739583E+1,1.148331E+0
4.743056E+1,1.148603E+0
4.746528E+1,1.148875E+0
4.750000E+1,1.149147E+0
4.753472E+1,1.149419E+0
4.756944E+1,1.149691E+0
4.760417E+1,1.149963E+0
4.763889E+1,1.150235E+0
4.767361E+1,1.150507E+0
4.770833E+1,1.150779E+0
4.774306E+1,1.151051E+0
4.777778E+1,1.151322E+0
4.781250E+1,1.151594E+0
4.784722E+1,1.151866E+0
4.788194E+1,1.152138E+0
4.791667E+1,1.152410E+0
4.795139E+1,1.152682E+0
4.798611E+1,1.152954E+0
4.802083E+1,1.153226E+0
4.805556E+1,1.153498E+0
4.809028E+1,1.153770E+0
4.812500E+1,1.154042E+0
4.815972E+1,1.154313E+0
4.819444E+1,1.154585E+0
4.822917E+1,1.154857E+0
4.826389E+1,1.155129E+0
4.829861E+1,1.155401E+0
4.833333E+1,1.155673E+0
4.836806E+1,1.155945E+0
4.840278E+1,1.156217E+0
4.843750E+1,1.156489E+0
4.847222E+1,1.156761E+0
4.850694E+1,1.157033E+0
4.854167E+1,1.157304E+0
4.857639E+1,1.157576E+0
4.861111E+1,1.157848E+0
4.864583E+1,1.158120E+0
4.868056E+1,1.158392E+0
4.871528E+1,1.158664E+0
4.875000E+1,1.158936E+0
4.878472E+1,1.159208E+0
4.881944E+1,1.159480E+0
4.885417E+1,1.159752E+0
4.888889E+1,1.160023E+0
4.892361E+1,1.160295E+0
4.895833E+1,1.160567E+0
4.899306E+1,1.160839E+0
4.902778E+1,1.161111E+0
4.906250E+1,1.161383E+0
4.909722E+1,1.161655E+0
4.913194E+1,1.161927E+0
4.916667E+1,1.162199E+0
4.920139E+1,1.162471E+0
4.923611E+1,1.162743E+0
4.927083E+1,1.163014E+0
4.930556E+1,1.163286E+0
4.934028E+1,1.163558E+0
4.937500E+1,1.163830E+0
4.940972E+1,1.164102E+0
4.944444E+1,1.164374E+0
4.947917E+1,1.164646E+0
4.951389E+1,1.164918E+0
4.954861E+1,1.165190E+0
4.958333E+1,1.165462E+0
4.961806E+1,1.165734E+0
4.965278E+1,1.166005E+0
4.968750E+1,1.166277E+0
4.972222E+1,1.166549E+0
4.975694E+1,1.166821E+0
4.979167E+1,1.167093E+0
4.982639E+1,1.167365E+0
4.986111E+1,1.167637E+0
4.989583E+1,1.167909E+0
4.993056E+1,1.168181E+0
4.996528E+1,1.168453E+0
5.000000E+1,1.168725E+0
5.003472E+1,1.168996E+0
5.006944E+1,1.169268E+0
5.010417E+1,1.169540E+0
5.013889E+1,1.169812E+0
5.017361E+1,1.170084E+0
5.020833E+1,1.170356E+0
5.024306E+1,1.170628E+0
5.027778E+1,1.170900E+0
5.031250E+1,1.171172E+0
5.034722E+1,1.171444E+0
5.038194E+1,1.171716E+0
5.041667E+1,1.171987E+0
5.045139E+1,1.172257E+0
5.048611E+1,1.172516E+0
5.052083E+1,1.172776E+0
5.055556E+1,1.173036E+0
5.059028E+1,1.173296E+0
5.062500E+1,1.173556E+0
5.065972E+1,1.173815E+0
5.069444E+1,1.174075E+0
5.072917E+1,1.174335E+0
5.076389E+1,1.174595E+0
5.079861E+1,1.174855E+0
5.083333E+1,1.175115E+0
5.086806E+1,1.175374E+0
5.090278E+1,1.175634E+0
5.093750E+1,1.175894E+0
5.097222E+1,1.176154E+0
5.100694E+1,1.176414E+0
5.104167E+1,1.176673E+0
5.107639E+1,1.176933E+0
5.111111E+1,1.177193E+0
5.114583E+1,1.177453E+0
5.118056E+1,1.177713E+0
5.121528E+1,1.177973E+0
5.125000E+1,1.178232E+0
5.128472E+1,1.178492E+0
5.131944E+1,1.178752E+0
5.135417E+1,1.179012E+0
5.138889E+1,1.179272E+0
5.142361E+1,1.179531E+0
5.145833E+1,1.179791E+0
5.149306E+1,1.180051E+0
5.152778E+1,1.180311E+0
5.156250E+1,1.180571E+0
5.159722E+1,1.180831E+0
5.163194E+1,1.181090E+0
5.166667E+1,1.181350E+0
5.170139E+1,1.181610E+0
5.173611E+1,1.181870E+0
5.177083E+1,1.182130E+0
5.180556E+1,1.182389E+0
5.184028E+1,1.182649E+0
5.187500E+1,1.182909E+0
5.190972E+1,1.183169E+0
5.194444E+1,1.183429E+0
5.197917E+1,1.183689E+0
5.201389E+1,1.183948E+0
5.204861E+1,1.184208E+0
5.208333E+1,1.184468E+0
5.211806E+1,1.184728E+0
5.215278E+1,1.184988E+0
5.218750E+1,1.185248E+0
5.222222E+1,1.185507E+0
5.225694E+1,1.185767E+0
5.229167E+1,1.186027E+0
5.232639E+1,1.186287E+0
5.236111E+1,1.186547E+0
5.239583E+1,1.186806E+0
5.243056E+1,1.187066E+0
5.246528E+1,1.187326E+0
5.250000E+1,1.187586E+0
5.253472E+1,1.187846E+0
5.256944E+1,1.188106E+0
5.260417E+1,1.188365E+0
5.263889E+1,1.188625E+0
5.267361E+1,1.188885E+0
5.270833E+1,1.189145E+0
5.274306E+1,1.189405E+0
5.277778E+1,1.189664E+0
5.281250E+1,1.189924E+0
5.284722E+1,1.190184E+0
5.288194E+1,1.190444E+0
5.291667E+1,1.190704E+0
5.295139E+1,1.190964E+0
5.298611E+1,1.191223E+0
5.302083E+1,1.191483E+0
5.305556E+1,1.191743E+0
5.309028E+1,1.192003E+0
5.312500E+1,1.192263E+0
5.315972E+1,1.192522E+0
5.319444E+1,1.192782E+0
5.322917E+1,1.193042E+0
5.326389E+1,1.193302E+0
5.329861E+1,1.193562E+0
5.333333E+1,1.193822E+0
5.336806E+1,1.194081E+0
5.340278E+1,1.194341E+0
5.343750E+1,1.194601E+0
5.347222E+1,1.194861E+0
5.350694E+1,1.195121E+0
5.354167E+1,1.195380E+0
5.357639E+1,1.195640E+0
5.361111E+1,1.195900E+0
5.364583E+1,1.196160E+0
5.368056E+1,1.196420E+0
5.371528E+1,1.196680E+0
5.375000E+1,1.196939E+0
5.378472E+1,1.197199E+0
5.381944E+1,1.197459E+0
5.385417E+1,1.197719E+0
5.388889E+1,1.197979E+0
5.392361E+1,1.198238E+0
5.395833E+1,1.198498E+0
5.399306E+1,1.198758E+0
5.402778E+1,1.199018E+0
5.406250E+1,1.199278E+0
5.409722E+1,1.199538E+0
5.413194E+1,1.199797E+0
5.416667E+1,1.200057E+0
5.420139E+1,1.200317E+0
5.423611E+1,1.200577E+0
5.427083E+1,1.200837E+0
5.430556E+1,1.201096E+0
5.434028E+1,1.201356E+0
5.437500E+1,1.201616E+0
5.440972E+1,1.201876E+0
5.444444E+1,1.202136E+0
5.447917E+1,1.202396E+0
5.451389E+1,1.202655E+0
5.454861E+1,1.202915E+0
5.458333E+1,1.203175E+0
5.461806E+1,1.203435E+0
5.465278E+1,1.203695E+0
5.468750E+1,1.203955E+0
5.472222E+1,1.204214E+0
5.475694E+1,1.204474E+0
5.479167E+1,1.204734E+0
5.482639E+1,1.204994E+0
5.486111E+1,1.205254E+0
5.489583E+1,1.205325E+0
5.493056E+1,1.205240E+0
5.496528E+1,1.205155E+0
5.500000E+1,1.205070E+0
5.503472E+1,1.204986E+0
5.506944E+1,1.204901E+0
5.510417E+1,1.204816E+0
5.513889E+1,1.204732E+0
5.517361E+1,1.204647E+0
5.520833E+1,1.204562E+0
5.524306E+1,1.204477E+0
5.527778E+1,1.204393E+0
5.531250E+1,1.204308E+0
5.534722E+1,1.204223E+0
5.538194E+1,1.204138E+0
5.541667E+1,1.204054E+0
5.545139E+1,1.203969E+0
5.548611E+1,1.203884E+0
5.552083E+1,1.203800E+0
5.555556E+1,1.203715E+0
5.559028E+1,1.203630E+0
5.562500E+1,1.203545E+0
5.565972E+1,1.203461E+0
5.569444E+1,1.203376E+0
5.572917E+1,1.203291E+0
5.576389E+1,1.203207E+0
5.579861E+1,1.203122E+0
5.583333E+1,1.203037E+0
5.586806E+1,1.202952E+0
5.590278E+1,1.202868E+0
5.593750E+1,1.202783E+0
5.597222E+1,1.202698E+0
5.600694E+1,1.202614E+0
5.604167E+1,1.202529E+0
5.607639E+1,1.202444E+0
5.611111E+1,1.202359E+0
5.614583E+1,1.202275E+0
5.618056E+1,1.202190E+0
5.621528E+1,1.202105E+0
5.625000E+1,1.202020E+0
5.628472E+1,1.201936E+0
5.631944E+1,1.201851E+0
5.635417E+1,1.201766E+0
5.638889E+1,1.201682E+0
5.642361E+1,1.201597E+0
5.645833E+1,1.201512E+0
5.649306E+1,1.201427E+0
5.652778E+1,1.201343E+0
5.656250E+1,1.201258E+0
5.659722E+1,1.201173E+0
5.663194E+1,1.201089E+0
5.666667E+1,1.201004E+0
5.670139E+1,1.200919E+0
5.673611E+1,1.200834E+0
5.677083E+1,1.200750E+0
5.680556E+1,1.200665E+0
5.684028E+1,1.200580E+0
5.687500E+1,1.200496E+0
5.690972E+1,1.200411E+0
5.694444E+1,1.200326E+0
5.697917E+1,1.200241E+0
5.701389E+1,1.200157E+0
5.704861E+1,1.200072E+0
5.708333E+1,1.199987E+0
5.711806E+1,1.199902E+0
5.715278E+1,1.199818E+0
5.718750E+1,1.199733E+0
5.722222E+1,1.199648E+0
5.725694E+1,1.199564E+0
5.729167E+1,1.199479E+0
5.732639E+1,1.199394E+0
5.736111E+1,1.199309E+0
5.739583E+1,1.199225E+0
5.743056E+1,1.199140E+0
5.746528E+1,1.199055E+0
5.750000E+1,1.198971E+0
5.753472E+1,1.198886E+0
5.756944E+1,1.198801E+0
5.760417E+1,1.198716E+0
5.763889E+1,1.198632E+0
5.767361E+1,1.198547E+0
5.770833E+1,1.198462E+0
5.774306E+1,1.198378E+0
5.777778E+1,1.198293E+0
5.781250E+1,1.198208E+0
5.784722E+1,1.198123E+0
5.788194E+1,1.198039E+0
5.791667E+1,1.197954E+0
5.795139E+1,1.197869E+0
5.798611E+1,1.197785E+0
5.802083E+1,1.197700E+0
5.805556E+1,1.197615E+0
5.809028E+1,1.197530E+0
5.812500E+1,1.197446E+0
5.815972E+1,1.197361E+0
5.819444E+1,1.197276E+0
5.822917E+1,1.197191E+0
5.826389E+1,1.197107E+0
5.829861E+1,1.197022E+0
5.833333E+1,1.196937E+0
5.836806E+1,1.196853E+0
5.840278E+1,1.196768E+0
5.843750E+1,1.196683E+0
5.847222E+1,1.196598E+0
5.850694E+1,1.196514E+0
5.854167E+1,1.196429E+0
5.857639E+1,1.196344E+0
5.861111E+1,1.196260E+0
5.864583E+1,1.196175E+0
5.868056E+1,1.196090E+0
5.871528E+1,1.196005E+0
5.875000E+1,1.195921E+0
5.878472E+1,1.195836E+0
5.881944E+1,1.195751E+0
5.885417E+1,1.195667E+0
5.888889E+1,1.195582E+0
5.892361E+1,1.195497E+0
5.895833E+1,1.195412E+0
5.899306E+1,1.195328E+0
5.902778E+1,1.195243E+0
5.906250E+1,1.195158E+0
5.909722E+1,1.195073E+0
5.913194E+1,1.194989E+0
5.916667E+1,1.194904E+0
5.920139E+1,1.194819E+0
5.923611E+1,1.194735E+0
5.927083E+1,1.194650E+0
5.930556E+1,1.194565E+0
5.934028E+1,1.194480E+0
5.937500E+1,1.194396E+0
5.940972E+1,1.194315E+0
5.944444E+1,1.194404E+0
5.947917E+1,1.194492E+0
5.951389E+1,1.194581E+0
5.954861E+1,1.194669E+0
5.958333E+1,1.194758E+0
5.961806E+1,1.194847E+0
5.965278E+1,1.194935E+0
5.968750E+1,1.195024E+0
5.972222E+1,1.195112E+0
5.975694E+1,1.195201E+0
5.979167E+1,1.195289E+0
5.982639E+1,1.195378E+0
5.986111E+1,1.195467E+0
5.989583E+1,1.195555E+0
5.993056E+1,1.195644E+0
5.996528E+1,1.195732E+0
6.000000E+1,1.195821E+0
6.003472E+1,1.195909E+0
6.006944E+1,1.195998E+0
6.010417E+1,1.196087E+0
6.013889E+1,1.196175E+0
6.017361E+1,1.196264E+0
6.020833E+1,1.196352E+0
6.024306E+1,1.196441E+0
6.027778E+1,1.196529E+0
6.031250E+1,1.196618E+0
6.034722E+1,1.196707E+0
6.038194E+1,1.196795E+0
6.041667E+1,1.196884E+0
6.045139E+1,1.196972E+0
6.048611E+1,1.197061E+0
6.052083E+1,1.197149E+0
6.055556E+1,1.197238E+0
6.059028E+1,1.197327E+0
6.062500E+1,1.197415E+0
6.065972E+1,1.197504E+0
6.069444E+1,1.197592E+0
6.072917E+1,1.197681E+0
6.076389E+1,1.197769E+0
6.079861E+1,1.197858E+0
6.083333E+1,1.197947E+0
6.086806E+1,1.198035E+0
6.090278E+1,1.198124E+0
6.093750E+1,1.198212E+0
6.097222E+1,1.198301E+0
6.100694E+1,1.198389E+0
6.104167E+1,1.198478E+0
6.107639E+1,1.198567E+0
6.111111E+1,1.198655E+0
6.114583E+1,1.198744E+0
6.118056E+1,1.198832E+0
6.121528E+1,1.198921E+0
6.125000E+1,1.199010E+0
6.128472E+1,1.199098E+0
6.131944E+1,1.199187E+0
6.135417E+1,1.199275E+0
6.138889E+1,1.199364E+0
6.142361E+1,1.199452E+0
6.145833E+1,1.199541E+0
6.149306E+1,1.199630E+0
6.152778E+1,1.199718E+0
6.156250E+1,1.199807E+0
6.159722E+1,1.199895E+0
6.163194E+1,1.199984E+0
6.166667E+1,1.200072E+0
6.170139E+1,1.200161E+0
6.173611E+1,1.200250E+0
6.177083E+1,1.200338E+0
6.180556E+1,1.200427E+0
6.184028E+1,1.200515E+0
6.187500E+1,1.200604E+0
6.190972E+1,1.200692E+0
6.194444E+1,1.200781E+0
6.197917E+1,1.200870E+0
6.201389E+1,1.200958E+0
6.204861E+1,1.201047E+0
6.208333E+1,1.201135E+0
6.211806E+1,1.201224E+0
6.215278E+1,1.201312E+0
6.218750E+1,1.201401E+0
6.222222E+1,1.201490E+0
6.225694E+1,1.201578E+0
6.229167E+1,1.201667E+0
6.232639E+1,1.201755E+0
6.236111E+1,1.201844E+0
6.239583E+1,1.201932E+0
6.243056E+1,1.202021E+0
6.246528E+1,1.202110E+0
6.250000E+1,1.202198E+0
6.253472E+1,1.202287E+0
6.256944E+1,1.202375E+0
6.260417E+1,1.202464E+0
6.263889E+1,1.202552E+0
6.267361E+1,1.202641E+0
6.270833E+1,1.202730E+0
6.274306E+1,1.202818E+0
6.277778E+1,1.202907E+0
6.281250E+1,1.202995E+0
6.284722E+1,1.203084E+0
6.288194E+1,1.203172E+0
6.291667E+1,1.203261E+0
6.295139E+1,1.203350E+0
6.298611E+1,1.203438E+0
6.302083E+1,1.203527E+0
6.305556E+1,1.203615E+0
6.309028E+1,1.203704E+0
6.312500E+1,1.203792E+0
6.315972E+1,1.203881E+0
6.319444E+1,1.203970E+0
6.322917E+1,1.204058E+0
6.326389E+1,1.204147E+0
6.329861E+1,1.204235E+0
6.333333E+1,1.204324E+0
6.336806E+1,1.204413E+0
6.340278E+1,1.204501E+0
6.343750E+1,1.204590E+0
6.347222E+1,1.204678E+0
6.350694E+1,1.204767E+0
6.354167E+1,1.204855E+0
6.357639E+1,1.204944E+0
6.361111E+1,1.205033E+0
6.364583E+1,1.205121E+0
6.368056E+1,1.205210E+0
6.371528E+1,1.205298E+0
6.375000E+1,1.205403E+0
6.378472E+1,1.205580E+0
6.381944E+1,1.205757E+0
6.385417E+1,1.205934E+0
6.388889E+1,1.206111E+0
6.392361E+1,1.206288E+0
6.395833E+1,1.206466E+0
6.399306E+1,1.206643E+0
6.402778E+1,1.206820E+0
6.406250E+1,1.206997E+0
6.409722E+1,1.207174E+0
6.413194E+1,1.207351E+0
6.416667E+1,1.207528E+0
6.420139E+1,1.207706E+0
6.423611E+1,1.207883E+0
6.427083E+1,1.208060E+0
6.430556E+1,1.208237E+0
6.434028E+1,1.208414E+0
6.437500E+1,1.208591E+0
6.440972E+1,1.208769E+0
6.444444E+1,1.208946E+0
6.447917E+1,1.209123E+0
6.451389E+1,1.209300E+0
6.454861E+1,1.209477E+0
6.458333E+1,1.209654E+0
6.461806E+1,1.209831E+0
6.465278E+1,1.210009E+0
6.468750E+1,1.210186E+0
6.472222E+1,1.210363E+0
6.475694E+1,1.210540E+0
6.479167E+1,1.210717E+0
6.482639E+1,1.210894E+0
6.486111E+1,1.211071E+0
6.489583E+1,1.211249E+0
6.493056E+1,1.211426E+0
6.496528E+1,1.211603E+0
6.500000E+1,1.211780E+0
6.503472E+1,1.211957E+0
6.506944E+1,1.212134E+0
6.510417E+1,1.212312E+0
6.513889E+1,1.212489E+0
6.517361E+1,1.212666E+0
6.520833E+1,1.212843E+0
6.524306E+1,1.213020E+0
6.527778E+1,1.213197E+0
6.531250E+1,1.213374E+0
6.534722E+1,1.213552E+0
6.538194E+1,1.213729E+0
6.541667E+1,1.213906E+0
6.545139E+1,1.214083E+0
6.548611E+1,1.214260E+0
6.552083E+1,1.214437E+0
6.555556E+1,1.214615E+0
6.559028E+1,1.214792E+0
6.562500E+1,1.214969E+0
6.565972E+1,1.215146E+0
6.569444E+1,1.215323E+0
6.572917E+1,1.215500E+0
6.576389E+1,1.215677E+0
6.579861E+1,1.215855E+0
6.583333E+1,1.216032E+0
6.586806E+1,1.216209E+0
6.590278E+1,1.216386E+0
6.593750E+1,1.216563E+0
6.597222E+1,1.216740E+0
6.600694E+1,1.216917E+0
6.604167E+1,1.217095E+0
6.607639E+1,1.217272E+0
6.611111E+1,1.217449E+0
6.614583E+1,1.217626E+0
6.618056E+1,1.217803E+0
6.621528E+1,1.217980E+0
6.625000E+1,1.218158E+0
6.628472E+1,1.218335E+0
6.631944E+1,1.218512E+0
6.635417E+1,1.218689E+0
6.638889E+1,1.218866E+0
6.642361E+1,1.219043E+0
6.645833E+1,1.219220E+0
6.649306E+1,1.219398E+0
6.652778E+1,1.219575E+0
6.656250E+1,1.219752E+0
6.659722E+1,1.219929E+0
6.663194E+1,1.220106E+0
6.666667E+1,1.220283E+0
6.670139E+1,1.220461E+0
6.673611E+1,1.220638E+0
6.677083E+1,1.220815E+0
6.680556E+1,1.220992E+0
6.684028E+1,1.221169E+0
6.687500E+1,1.221346E+0
6.690972E+1,1.221523E+0
6.694444E+1,1.221701E+0
6.697917E+1,1.221878E+0
6.701389E+1,1.222055E+0
6.704861E+1,1.222232E+0
6.708333E+1,1.222409E+0
6.711806E+1,1.222586E+0
6.715278E+1,1.222763E+0
6.718750E+1,1.222941E+0
6.722222E+1,1.223118E+0
6.725694E+1,1.223295E+0
6.729167E+1,1.223472E+0
6.732639E+1,1.223649E+0
6.736111E+1,1.223826E+0
6.739583E+1,1.224004E+0
6.743056E+1,1.224181E+0
6.746528E+1,1.224358E+0
6.750000E+1,1.224535E+0
6.753472E+1,1.224712E+0
6.756944E+1,1.224889E+0
6.760417E+1,1.225066E+0
6.763889E+1,1.225244E+0
6.767361E+1,1.225421E+0
6.770833E+1,1.225598E+0
6.774306E+1,1.225775E+0
6.777778E+1,1.225952E+0
6.781250E+1,1.226129E+0
6.784722E+1,1.226306E+0
6.788194E+1,1.226484E+0
6.791667E+1,1.226661E+0
6.795139E+1,1.226838E+0
6.798611E+1,1.227015E+0
6.802083E+1,1.227192E+0
6.805556E+1,1.227369E+0
6.809028E+1,1.227781E+0
6.812500E+1,1.228667E+0
6.815972E+1,1.229552E+0
6.819444E+1,1.230438E+0
6.822917E+1,1.231324E+0
6.826389E+1,1.232210E+0
6.829861E+1,1.233095E+0
6.833333E+1,1.233981E+0
6.836806E+1,1.234867E+0
6.840278E+1,1.235753E+0
6.843750E+1,1.236638E+0
6.847222E+1,1.237524E+0
6.850694E+1,1.238410E+0
6.854167E+1,1.239296E+0
6.857639E+1,1.240181E+0
6.861111E+1,1.241067E+0
6.864583E+1,1.241953E+0
6.868056E+1,1.242839E+0
6.871528E+1,1.243724E+0
6.875000E+1,1.244610E+0
6.878472E+1,1.245496E+0
6.881944E+1,1.246382E+0
6.885417E+1,1.247267E+0
6.888889E+1,1.248153E+0
6.892361E+1,1.249039E+0
6.895833E+1,1.249925E+0
6.899306E+1,1.250810E+0
6.902778E+1,1.251696E+0
6.906250E+1,1.252582E+0
6.909722E+1,1.253468E+0
6.913194E+1,1.254353E+0
6.916667E+1,1.255239E+0
6.920139E+1,1.256125E+0
6.923611E+1,1.257011E+0
6.927083E+1,1.257897E+0
6.930556E+1,1.258782E+0
6.934028E+1,1.259668E+0
6.937500E+1,1.260554E+0
6.940972E+1,1.261440E+0
6.944444E+1,1.262325E+0
6.947917E+1,1.263211E+0
6.951389E+1,1.264097E+0
6.954861E+1,1.264983E+0
6.958333E+1,1.265868E+0
6.961806E+1,1.266754E+0
6.965278E+1,1.267640E+0
6.968750E+1,1.268526E+0
6.972222E+1,1.269411E+0
6.975694E+1,1.270297E+0
6.979167E+1,1.271183E+0
6.982639E+1,1.272069E+0
6.986111E+1,1.272954E+0
6.989583E+1,1.273840E+0
6.993056E+1,1.274726E+0
6.996528E+1,1.275612E+0
7.000000E+1,1.276497E+0
7.003472E+1,1.277383E+0
7.006944E+1,1.278269E+0
7.010417E+1,1.279155E+0
7.013889E+1,1.280040E+0
7.017361E+1,1.280926E+0
7.020833E+1,1.281812E+0
7.024306E+1,1.282698E+0
7.027778E+1,1.283583E+0
7.031250E+1,1.284469E+0
7.034722E+1,1.285355E+0
7.038194E+1,1.286241E+0
7.041667E+1,1.287127E+0
7.045139E+1,1.288012E+0
7.048611E+1,1.288898E+0
7.052083E+1,1.289784E+0
7.055556E+1,1.290670E+0
7.059028E+1,1.291555E+0
7.062500E+1,1.292441E+0
7.065972E+1,1.293327E+0
7.069444E+1,1.294213E+0
7.072917E+1,1.295098E+0
7.076389E+1,1.295984E+0
7.079861E+1,1.296870E+0
7.083333E+1,1.297756E+0
7.086806E+1,1.298641E+0
7.090278E+1,1.299527E+0
7.093750E+1,1.300413E+0
7.097222E+1,1.301299E+0
7.100694E+1,1.302184E+0
7.104167E+1,1.303070E+0
7.107639E+1,1.303956E+0
7.111111E+1,1.304842E+0
7.114583E+1,1.305727E+0
7.118056E+1,1.306613E+0
7.121528E+1,1.307499E+0
7.125000E+1,1.308385E+0
7.128472E+1,1.309270E+0
7.131944E+1,1.310156E+0
7.135417E+1,1.311042E+0
7.138889E+1,1.311928E+0
7.142361E+1,1.312813E+0
7.145833E+1,1.313699E+0
7.149306E+1,1.314585E+0
7.152778E+1,1.315471E+0
7.156250E+1,1.316357E+0
7.159722E+1,1.317242E+0
7.163194E+1,1.318128E+0
7.166667E+1,1.319014E+0
7.170139E+1,1.319900E+0
7.173611E+1,1.320785E+0
7.177083E+1,1.321671E+0
7.180556E+1,1.322557E+0
7.184028E+1,1.323443E+0
7.187500E+1,1.324328E+0
7.190972E+1,1.325214E+0
7.194444E+1,1.326100E+0
7.197917E+1,1.326986E+0
7.201389E+1,1.327871E+0
7.204861E+1,1.328757E+0
7.208333E+1,1.329643E+0
7.211806E+1,1.330529E+0
7.215278E+1,1.331414E+0
7.218750E+1,1.332300E+0
7.222222E+1,1.333186E+0
7.225694E+1,1.334072E+0
7.229167E+1,1.334957E+0
7.232639E+1,1.335843E+0
7.236111E+1,1.336729E+0
7.239583E+1,1.337615E+0
7.243056E+1,1.338510E+0
7.246528E+1,1.339417E+0
7.250000E+1,1.340323E+0
7.253472E+1,1.341229E+0
7.256944E+1,1.342136E+0
7.260417E+1,1.343042E+0
7.263889E+1,1.343949E+0
7.267361E+1,1.344855E+0
7.270833E+1,1.345761E+0
7.274306E+1,1.346668E+0
7.277778E+1,1.347574E+0
7.281250E+1,1.348480E+0
7.284722E+1,1.349387E+0
7.288194E+1,1.350293E+0
7.291667E+1,1.351199E+0
7.295139E+1,1.352106E+0
7.298611E+1,1.353012E+0
7.302083E+1,1.353919E+0
7.305556E+1,1.354825E+0
7.309028E+1,1.355731E+0
7.312500E+1,1.356638E+0
7.315972E+1,1.357544E+0
7.319444E+1,1.358450E+0
7.322917E+1,1.359357E+0
7.326389E+1,1.360263E+0
7.329861E+1,1.361169E+0
7.333333E+1,1.362076E+0
7.336806E+1,1.362982E+0
7.340278E+1,1.363889E+0
7.343750E+1,1.364795E+0
7.347222E+1,1.365701E+0
7.350694E+1,1.366608E+0
7.354167E+1,1.367514E+0
7.357639E+1,1.368420E+0
7.361111E+1,1.369327E+0
7.364583E+1,1.370233E+0
7.368056E+1,1.371140E+0
7.371528E+1,1.372046E+0
7.375000E+1,1.372952E+0
7.378472E+1,1.373859E+0
7.381944E+1,1.374765E+0
7.385417E+1,1.375671E+0
7.388889E+1,1.376578E+0
7.392361E+1,1.377484E+0
7.395833E+1,1.378390E+0
7.399306E+1,1.379297E+0
7.402778E+1,1.380203E+0
7.406250E+1,1.381110E+0
7.409722E+1,1.382016E+0
7.413194E+1,1.382922E+0
7.416667E+1,1.383829E+0
7.420139E+1,1.384735E+0
7.423611E+1,1.385641E+0
7.427083E+1,1.386548E+0
7.430556E+1,1.387454E+0
7.434028E+1,1.388360E+0
7.437500E+1,1.389267E+0
7.440972E+1,1.390173E+0
7.444444E+1,1.391079E+0
7.447917E+1,1.391986E+0
7.451389E+1,1.392892E+0
7.454861E+1,1.393799E+0
7.458333E+1,1.394705E+0
7.461806E+1,1.395611E+0
7.465278E+1,1.396518E+0
7.468750E+1,1.397424E+0
7.472222E+1,1.398330E+0
7.475694E+1,1.399237E+0
7.479167E+1,1.400143E+0
7.482639E+1,1.401050E+0
7.486111E+1,1.401956E+0
7.489583E+1,1.402862E+0
7.493056E+1,1.403769E+0
7.496528E+1,1.404675E+0
7.500000E+1,1.405581E+0
7.503472E+1,1.406488E+0
7.506944E+1,1.407394E+0
7.510417E+1,1.408300E+0
7.513889E+1,1.409207E+0
7.517361E+1,1.410113E+0
7.520833E+1,1.411020E+0
7.524306E+1,1.411926E+0
7.527778E+1,1.412832E+0
7.531250E+1,1.413739E+0
7.534722E+1,1.414645E+0
7.538194E+1,1.415551E+0
7.541667E+1,1.416458E+0
7.545139E+1,1.417364E+0
7.548611E+1,1.418270E+0
7.552083E+1,1.419177E+0
7.555556E+1,1.420083E+0
7.559028E+1,1.420990E+0
7.562500E+1,1.421896E+0
7.565972E+1,1.422802E+0
7.569444E+1,1.423709E+0
7.572917E+1,1.424615E+0
7.576389E+1,1.425521E+0
7.579861E+1,1.426428E+0
7.583333E+1,1.427334E+0
7.586806E+1,1.428240E+0
7.590278E+1,1.429147E+0
7.593750E+1,1.430053E+0
7.597222E+1,1.430960E+0
7.600694E+1,1.431866E+0
7.604167E+1,1.432772E+0
7.607639E+1,1.433679E+0
7.611111E+1,1.434585E+0
7.614583E+1,1.435491E+0
7.618056E+1,1.436398E+0
7.621528E+1,1.437304E+0
7.625000E+1,1.438210E+0
7.628472E+1,1.439117E+0
7.631944E+1,1.440023E+0
7.635417E+1,1.440930E+0
7.638889E+1,1.441836E+0
7.642361E+1,1.442742E+0
7.645833E+1,1.443649E+0
7.649306E+1,1.444555E+0
7.652778E+1,1.445461E+0
7.656250E+1,1.446368E+0
7.659722E+1,1.447274E+0
7.663194E+1,1.448180E+0
7.666667E+1,1.449087E+0
7.670139E+1,1.449993E+0
7.673611E+1,1.450900E+0
7.677083E+1,1.451806E+0
7.680556E+1,1.452712E+0
7.684028E+1,1.453619E+0
7.687500E+1,1.454525E+0
7.690972E+1,1.455431E+0
7.694444E+1,1.456338E+0
7.697917E+1,1.457244E+0
7.701389E+1,1.458150E+0
7.704861E+1,1.459057E+0
7.708333E+1,1.459963E+0
7.711806E+1,1.460870E+0
7.715278E+1,1.461776E+0
7.718750E+1,1.462682E+0
7.722222E+1,1.463589E+0
7.725694E+1,1.464495E+0
7.729167E+1,1.465401E+0
7.732639E+1,1.466308E+0
7.736111E+1,1.467214E+0
7.739583E+1,1.468120E+0
7.743056E+1,1.469027E+0
7.746528E+1,1.469933E+0
7.750000E+1,1.470840E+0
7.753472E+1,1.471746E+0
7.756944E+1,1.472652E+0
7.760417E+1,1.473559E+0
7.763889E+1,1.474465E+0
7.767361E+1,1.475371E+0
7.770833E+1,1.476278E+0
7.774306E+1,1.477184E+0
7.777778E+1,1.478091E+0
7.781250E+1,1.478997E+0
7.784722E+1,1.479903E+0
7.788194E+1,1.480810E+0
7.791667E+1,1.481716E+0
7.795139E+1,1.482622E+0
7.798611E+1,1.483529E+0
7.802083E+1,1.484435E+0
7.805556E+1,1.485341E+0
7.809028E+1,1.486248E+0
7.812500E+1,1.487154E+0
7.815972E+1,1.488060E+0
7.819444E+1,1.488967E+0
7.822917E+1,1.489873E+0
7.826389E+1,1.490780E+0
7.829861E+1,1.491686E+0
7.833333E+1,1.492592E+0
7.836806E+1,1.493499E+0
7.840278E+1,1.494405E+0
7.843750E+1,1.495311E+0
7.847222E+1,1.496218E+0
7.850694E+1,1.497124E+0
7.854167E+1,1.498031E+0
7.857639E+1,1.498937E+0
7.861111E+1,1.499843E+0
7.864583E+1,1.500750E+0
7.868056E+1,1.501656E+0
7.871528E+1,1.502562E+0
7.875000E+1,1.503469E+0
7.878472E+1,1.504375E+0
7.881944E+1,1.505281E+0
7.885417E+1,1.506188E+0
7.888889E+1,1.507094E+0
7.892361E+1,1.508001E+0
7.895833E+1,1.508907E+0
7.899306E+1,1.509813E+0
7.902778E+1,1.510720E+0
7.906250E+1,1.511626E+0
7.909722E+1,1.512532E+0
7.913194E+1,1.513439E+0
7.916667E+1,1.514345E+0
7.920139E+1,1.515251E+0
7.923611E+1,1.516158E+0
7.927083E+1,1.517064E+0
7.930556E+1,1.517971E+0
7.934028E+1,1.518877E+0
7.937500E+1,1.519783E+0
7.940972E+1,1.520690E+0
7.944444E+1,1.521596E+0
7.947917E+1,1.522502E+0
7.951389E+1,1.523409E+0
7.954861E+1,1.524315E+0
7.958333E+1,1.525221E+0
7.961806E+1,1.526128E+0
7.965278E+1,1.527034E+0
7.968750E+1,1.527941E+0
7.972222E+1,1.528847E+0
7.975694E+1,1.529753E+0
7.979167E+1,1.530660E+0
7.982639E+1,1.531566E+0
7.986111E+1,1.532472E+0
7.989583E+1,1.533379E+0
7.993056E+1,1.534285E+0
7.996528E+1,1.535191E+0
8.000000E+1,1.536098E+0
8.003472E+1,1.537004E+0
8.006944E+1,1.537911E+0
8.010417E+1,1.538817E+0
8.013889E+1,1.539723E+0
8.017361E+1,1.540630E+0
8.020833E+1,1.541536E+0
8.024306E+1,1.542442E+0
8.027778E+1,1.543349E+0
8.031250E+1,1.544255E+0
8.034722E+1,1.545161E+0
8.038194E+1,1.546068E+0
8.041667E+1,1.546974E+0
8.045139E+1,1.547881E+0
8.048611E+1,1.548787E+0
8.052083E+1,1.549693E+0
8.055556E+1,1.550600E+0
8.059028E+1,1.551506E+0
8.062500E+1,1.552412E+0
8.065972E+1,1.553319E+0
8.069444E+1,1.554225E+0
8.072917E+1,1.555131E+0
8.076389E+1,1.556038E+0
8.079861E+1,1.556944E+0
8.083333E+1,1.557851E+0
8.086806E+1,1.558757E+0
8.090278E+1,1.559663E+0
8.093750E+1,1.560570E+0
8.097222E+1,1.561476E+0
8.100694E+1,1.562382E+0
8.104167E+1,1.563289E+0
8.107639E+1,1.564195E+0
8.111111E+1,1.565101E+0
8.114583E+1,1.566008E+0
8.118056E+1,1.566914E+0
8.121528E+1,1.567821E+0
8.125000E+1,1.568727E+0
8.128472E+1,1.569633E+0
8.131944E+1,1.570540E+0
8.135417E+1,1.571446E+0
8.138889E+1,1.572352E+0
8.142361E+1,1.573259E+0
8.145833E+1,1.574165E+0
8.149306E+1,1.575072E+0
8.152778E+1,1.575978E+0
8.156250E+1,1.576884E+0
8.159722E+1,1.577791E+0
8.163194E+1,1.578697E+0
8.166667E+1,1.579603E+0
8.170139E+1,1.580510E+0
8.173611E+1,1.581416E+0
8.177083E+1,1.582322E+0
8.180556E+1,1.583229E+0
8.184028E+1,1.584135E+0
8.187500E+1,1.585041E+0
8.190972E+1,1.585948E+0
8.194444E+1,1.586854E+0
8.197917E+1,1.587761E+0
8.201389E+1,1.588667E+0
8.204861E+1,1.589573E+0
8.208333E+1,1.590480E+0
8.211806E+1,1.591386E+0
8.215278E+1,1.592292E+0
8.218750E+1,1.593199E+0
8.222222E+1,1.594105E+0
8.225694E+1,1.595011E+0
8.229167E+1,1.595918E+0
8.232639E+1,1.596824E+0
8.236111E+1,1.597731E+0
8.239583E+1,1.598637E+0
8.243056E+1,1.599543E+0
8.246528E+1,1.600450E+0
8.250000E+1,1.601356E+0
8.253472E+1,1.602262E+0
8.256944E+1,1.603169E+0
8.260417E+1,1.604075E+0
8.263889E+1,1.604982E+0
8.267361E+1,1.605888E+0
8.270833E+1,1.606794E+0
8.274306E+1,1.607701E+0
8.277778E+1,1.608607E+0
8.281250E+1,1.609513E+0
8.284722E+1,1.610420E+0
8.288194E+1,1.611326E+0
8.291667E+1,1.612232E+0
8.295139E+1,1.613139E+0
8.298611E+1,1.614045E+0
8.302083E+1,1.614952E+0
8.305556E+1,1.615858E+0
8.309028E+1,1.616764E+0
8.312500E+1,1.617671E+0
8.315972E+1,1.618577E+0
8.319444E+1,1.619483E+0
8.322917E+1,1.620390E+0
8.326389E+1,1.621296E+0
8.329861E+1,1.622202E+0
8.333333E+1,1.623109E+0
8.336806E+1,1.624015E+0
8.340278E+1,1.624922E+0
8.343750E+1,1.625828E+0
8.347222E+1,1.626734E+0
8.350694E+1,1.627641E+0
8.354167E+1,1.628547E+0
8.357639E+1,1.629453E+0
8.361111E+1,1.630360E+0
8.364583E+1,1.631266E+0
8.368056E+1,1.632172E+0
8.371528E+1,1.633079E+0
8.375000E+1,1.633985E+0
8.378472E+1,1.634892E+0
8.381944E+1,1.635798E+0
8.385417E+1,1.636704E+0
8.388889E+1,1.637611E+0
8.392361E+1,1.638517E+0
8.395833E+1,1.639423E+0
8.399306E+1,1.640330E+0
8.402778E+1,1.641236E+0
8.406250E+1,1.642142E+0
8.409722E+1,1.643049E+0
8.413194E+1,1.643955E+0
8.416667E+1,1.644862E+0
8.420139E+1,1.645768E+0
8.423611E+1,1.646674E+0
8.427083E+1,1.647581E+0
8.430556E+1,1.648487E+0
8.434028E+1,1.649393E+0
8.437500E+1,1.650300E+0
8.440972E+1,1.651206E+0
8.444444E+1,1.652112E+0
8.447917E+1,1.653019E+0
8.451389E+1,1.653925E+0
8.454861E+1,1.654832E+0
8.458333E+1,1.655738E+0
8.461806E+1,1.656644E+0
8.465278E+1,1.657551E+0
8.468750E+1,1.658457E+0
8.472222E+1,1.659363E+0
8.475694E+1,1.660270E+0
8.479167E+1,1.661176E+0
8.482639E+1,1.662082E+0
8.486111E+1,1.662989E+0
8.489583E+1,1.663895E+0
8.493056E+1,1.664802E+0
8.496528E+1,1.665708E+0
8.500000E+1,1.666614E+0
8.503472E+1,1.667521E+0
8.506944E+1,1.668427E+0
8.510417E+1,1.669333E+0
8.513889E+1,1.670240E+0
8.517361E+1,1.671146E+0
8.520833E+1,1.672052E+0
8.524306E+1,1.672959E+0
8.527778E+1,1.673865E+0
8.531250E+1,1.674772E+0
8.534722E+1,1.675678E+0
8.538194E+1,1.676584E+0
8.541667E+1,1.677491E+0
8.545139E+1,1.678397E+0
8.548611E+1,1.679303E+0
8.552083E+1,1.680210E+0
8.555556E+1,1.681116E+0
8.559028E+1,1.682022E+0
8.562500E+1,1.682929E+0
8.565972E+1,1.683835E+0
8.569444E+1,1.684742E+0
8.572917E+1,1.685648E+0
8.576389E+1,1.686554E+0
8.579861E+1,1.687461E+0
8.583333E+1,1.688367E+0
8.586806E+1,1.689273E+0
8.590278E+1,1.690180E+0
8.593750E+1,1.691086E+0
8.597222E+1,1.691992E+0
8.600694E+1,1.692899E+0
8.604167E+1,1.693805E+0
8.607639E+1,1.694712E+0
8.611111E+1,1.695618E+0
8.614583E+1,1.696524E+0
8.618056E+1,1.697431E+0
8.621528E+1,1.698337E+0
8.625000E+1,1.699243E+0
8.628472E+1,1.700150E+0
8.631944E+1,1.701056E+0
8.635417E+1,1.701963E+0
8.638889E+1,1.702869E+0
8.642361E+1,1.703775E+0
8.645833E+1,1.704682E+0
8.649306E+1,1.705588E+0
8.652778E+1,1.706494E+0
8.656250E+1,1.707401E+0
8.659722E+1,1.708307E+0
8.663194E+1,1.709213E+0
8.666667E+1,1.710120E+0
8.670139E+1,1.711026E+0
8.673611E+1,1.711933E+0
8.677083E+1,1.712839E+0
8.680556E+1,1.713745E+0
8.684028E+1,1.714652E+0
8.687500E+1,1.715558E+0
8.690972E+1,1.716464E+0
8.694444E+1,1.717371E+0
8.697917E+1,1.718277E+0
8.701389E+1,1.719183E+0
8.704861E+1,1.720090E+0
8.708333E+1,1.720996E+0
8.711806E+1,1.721903E+0
8.715278E+1,1.722809E+0
8.718750E+1,1.723715E+0
8.722222E+1,1.724622E+0
8.725694E+1,1.725528E+0
8.729167E+1,1.726434E+0
8.732639E+1,1.727341E+0
8.736111E+1,1.728247E+0
8.739583E+1,1.729153E+0
8.743056E+1,1.730060E+0
8.746528E+1,1.730966E+0
8.750000E+1,1.731873E+0
8.753472E+1,1.732779E+0
8.756944E+1,1.733685E+0
8.760417E+1,1.734592E+0
8.763889E+1,1.735498E+0
8.767361E+1,1.736404E+0
8.770833E+1,1.737311E+0
8.774306E+1,1.738217E+0
8.777778E+1,1.739123E+0
8.781250E+1,1.740030E+0
8.784722E+1,1.740936E+0
8.788194E+1,1.741843E+0
8.791667E+1,1.742749E+0
8.795139E+1,1.743655E+0
8.798611E+1,1.744562E+0
8.802083E+1,1.745468E+0
8.805556E+1,1.746374E+0
8.809028E+1,1.747281E+0
8.812500E+1,1.748187E+0
8.815972E+1,1.749093E+0
8.819444E+1,1.750000E+0
8.822917E+1,1.750906E+0
8.826389E+1,1.751813E+0
8.829861E+1,1.752719E+0
8.833333E+1,1.753625E+0
8.836806E+1,1.754532E+0
8.840278E+1,1.755438E+0
8.843750E+1,1.756344E+0
8.847222E+1,1.757251E+0
8.850694E+1,1.758157E+0
8.854167E+1,1.759063E+0
8.857639E+1,1.759970E+0
8.861111E+1,1.760876E+0
8.864583E+1,1.761783E+0
8.868056E+1,1.762689E+0
8.871528E+1,1.763595E+0
8.875000E+1,1.764502E+0
8.878472E+1,1.765408E+0
8.881944E+1,1.766314E+0
8.885417E+1,1.767221E+0
8.888889E+1,1.768127E+0
8.892361E+1,1.769033E+0
8.895833E+1,1.769940E+0
8.899306E+1,1.770846E+0
8.902778E+1,1.771753E+0
8.906250E+1,1.772659E+0
8.909722E+1,1.773565E+0
8.913194E+1,1.774472E+0
8.916667E+1,1.775378E+0
8.920139E+1,1.776284E+0
8.923611E+1,1.777191E+0
8.927083E+1,1.778097E+0
8.930556E+1,1.779003E+0
8.934028E+1,1.779910E+0
8.937500E+1,1.780816E+0
8.940972E+1,1.781723E+0
8.944444E+1,1.782629E+0
8.947917E+1,1.783535E+0
8.951389E+1,1.784442E+0
8.954861E+1,1.785348E+0
8.958333E+1,1.786254E+0
8.961806E+1,1.787161E+0
8.965278E+1,1.788067E+0
8.968750E+1,1.788973E+0
8.972222E+1,1.789880E+0
8.975694E+1,1.790786E+0
8.979167E+1,1.791693E+0
8.982639E+1,1.792599E+0
8.986111E+1,1.793505E+0
8.989583E+1,1.794412E+0
8.993056E+1,1.795318E+0
8.996528E+1,1.796224E+0
9.000000E+1,1.797131E+0
9.003472E+1,1.798037E+0
9.006944E+1,1.798943E+0
9.010417E+1,1.799850E+0
9.013889E+1,1.800756E+0
9.017361E+1,1.801663E+0
9.020833E+1,1.802569E+0
9.024306E+1,1.803475E+0
9.027778E+1,1.804382E+0
9.031250E+1,1.805288E+0
9.034722E+1,1.806194E+0
9.038194E+1,1.807101E+0
9.041667E+1,1.808007E+0
9.045139E+1,1.808914E+0
9.048611E+1,1.809820E+0
9.052083E+1,1.810726E+0
9.055556E+1,1.811633E+0
9.059028E+1,1.812539E+0
9.062500E+1,1.813445E+0
9.065972E+1,1.814352E+0
9.069444E+1,1.815258E+0
9.072917E+1,1.816164E+0
9.076389E+1,1.817071E+0
9.079861E+1,1.817977E+0
9.083333E+1,1.818884E+0
9.086806E+1,1.819790E+0
9.090278E+1,1.820696E+0
9.093750E+1,1.821603E+0
9.097222E+1,1.822509E+0
9.100694E+1,1.823415E+0
9.104167E+1,1.824322E+0
9.107639E+1,1.825228E+0
9.111111E+1,1.826134E+0
9.114583E+1,1.827041E+0
9.118056E+1,1.827947E+0
9.121528E+1,1.828854E+0
9.125000E+1,1.829760E+0
9.128472E+1,1.830666E+0
9.131944E+1,1.831573E+0
9.135417E+1,1.832479E+0
9.138889E+1,1.833385E+0
9.142361E+1,1.834292E+0
9.145833E+1,1.835198E+0
9.149306E+1,1.836104E+0
9.152778E+1,1.837011E+0
9.156250E+1,1.837917E+0
9.159722E+1,1.838824E+0
9.163194E+1,1.839730E+0
9.166667E+1,1.840636E+0
9.170139E+1,1.841543E+0
9.173611E+1,1.842449E+0
9.177083E+1,1.843355E+0
9.180556E+1,1.844262E+0
9.184028E+1,1.845168E+0
9.187500E+1,1.846074E+0
9.190972E+1,1.846981E+0
9.194444E+1,1.847887E+0
9.197917E+1,1.848794E+0
9.201389E+1,1.849700E+0
9.204861E+1,1.850606E+0
9.208333E+1,1.851513E+0
9.211806E+1,1.852419E+0
9.215278E+1,1.853325E+0
9.218750E+1,1.854232E+0
9.222222E+1,1.855138E+0
9.225694E+1,1.856044E+0
9.229167E+1,1.856951E+0
9.232639E+1,1.857857E+0
9.236111E+1,1.858764E+0
9.239583E+1,1.859670E+0
9.243056E+1,1.860576E+0
9.246528E+1,1.861483E+0
9.250000E+1,1.862389E+0
9.253472E+1,1.863295E+0
9.256944E+1,1.864202E+0
9.260417E+1,1.865108E+0
9.263889E+1,1.866014E+0
9.267361E+1,1.866921E+0
9.270833E+1,1.867827E+0
9.274306E+1,1.868734E+0
9.277778E+1,1.869640E+0
9.281250E+1,1.870546E+0
9.284722E+1,1.871453E+0
9.288194E+1,1.872359E+0
9.291667E+1,1.873265E+0
9.295139E+1,1.874172E+0
9.298611E+1,1.875078E+0
9.302083E+1,1.875984E+0
9.305556E+1,1.876891E+0
9.309028E+1,1.877797E+0
9.312500E+1,1.878704E+0
9.315972E+1,1.879610E+0
9.319444E+1,1.880516E+0
9.322917E+1,1.881423E+0
9.326389E+1,1.882329E+0
9.329861E+1,1.883235E+0
9.333333E+1,1.884142E+0
9.336806E+1,1.885048E+0
9.340278E+1,1.885954E+0
9.343750E+1,1.886861E+0
9.347222E+1,1.887767E+0
9.350694E+1,1.888674E+0
9.354167E+1,1.889580E+0
9.357639E+1,1.890486E+0
9.361111E+1,1.891393E+0
9.364583E+1,1.892299E+0
9.368056E+1,1.893205E+0
9.371528E+1,1.894112E+0
9.375000E+1,1.895018E+0
9.378472E+1,1.895924E+0
9.381944E+1,1.896831E+0
9.385417E+1,1.897737E+0
9.388889E+1,1.898644E+0
9.392361E+1,1.899550E+0
9.395833E+1,1.900456E+0
9.399306E+1,1.901363E+0
9.402778E+1,1.902269E+0
9.406250E+1,1.903175E+0
9.409722E+1,1.904082E+0
9.413194E+1,1.904988E+0
9.416667E+1,1.905895E+0
9.420139E+1,1.906801E+0
9.423611E+1,1.907707E+0
9.427083E+1,1.908614E+0
9.430556E+1,1.909520E+0
9.434028E+1,1.910426E+0
9.437500E+1,1.911333E+0
9.440972E+1,1.912239E+0
9.444444E+1,1.913145E+0
9.447917E+1,1.914052E+0
9.451389E+1,1.914958E+0
9.454861E+1,1.915865E+0
9.458333E+1,1.916771E+0
9.461806E+1,1.917677E+0
9.465278E+1,1.918584E+0
9.468750E+1,1.919490E+0
9.472222E+1,1.920396E+0
9.475694E+1,1.921303E+0
9.479167E+1,1.922209E+0
9.482639E+1,1.923115E+0
9.486111E+1,1.924022E+0
9.489583E+1,1.924928E+0
9.493056E+1,1.925835E+0
9.496528E+1,1.926741E+0
9.500000E+1,1.927647E+0
9.503472E+1,1.928554E+0
9.506944E+1,1.929460E+0
9.510417E+1,1.930366E+0
9.513889E+1,1.931273E+0
9.517361E+1,1.932179E+0
9.520833E+1,1.933085E+0
9.524306E+1,1.933992E+0
9.527778E+1,1.934898E+0
9.531250E+1,1.935805E+0
9.534722E+1,1.936711E+0
9.538194E+1,1.937617E+0
9.541667E+1,1.938524E+0
9.545139E+1,1.939430E+0
9.548611E+1,1.940336E+0
9.552083E+1,1.941243E+0
9.555556E+1,1.942149E+0
9.559028E+1,1.943055E+0
9.562500E+1,1.943962E+0
9.565972E+1,1.944868E+0
9.569444E+1,1.945775E+0
9.572917E+1,1.946681E+0
9.576389E+1,1.947587E+0
9.579861E+1,1.948494E+0
9.583333E+1,1.949400E+0
9.586806E+1,1.950306E+0
9.590278E+1,1.951213E+0
9.593750E+1,1.952119E+0
9.597222E+1,1.953025E+0
9.600694E+1,1.953932E+0
9.604167E+1,1.954838E+0
9.607639E+1,1.955745E+0
9.611111E+1,1.956651E+0
9.614583E+1,1.957557E+0
9.618056E+1,1.958464E+0
9.621528E+1,1.959370E+0
9.625000E+1,1.960276E+0
9.628472E+1,1.961183E+0
9.631944E+1,1.962089E+0
9.635417E+1,1.962995E+0
9.638889E+1,1.963902E+0
9.642361E+1,1.964808E+0
9.645833E+1,1.965715E+0
9.649306E+1,1.966621E+0
9.652778E+1,1.967527E+0
9.656250E+1,1.968434E+0
9.659722E+1,1.969340E+0
9.663194E+1,1.970246E+0
9.666667E+1,1.971153E+0
9.670139E+1,1.972059E+0
9.673611E+1,1.972965E+0
9.677083E+1,1.973872E+0
9.680556E+1,1.974778E+0
9.684028E+1,1.975685E+0
9.687500E+1,1.976591E+0
9.690972E+1,1.977497E+0
9.694444E+1,1.978404E+0
9.697917E+1,1.979310E+0
9.701389E+1,1.980216E+0
9.704861E+1,1.981123E+0
9.708333E+1,1.982029E+0
9.711806E+1,1.982935E+0
9.715278E+1,1.983842E+0
9.718750E+1,1.984748E+0
9.722222E+1,1.985655E+0
9.725694E+1,1.986561E+0
9.729167E+1,1.987467E+0
9.732639E+1,1.988374E+0
9.736111E+1,1.989280E+0
9.739583E+1,1.990186E+0
9.743056E+1,1.991093E+0
9.746528E+1,1.991999E+0
9.750000E+1,1.992905E+0
9.753472E+1,1.993812E+0
9.756944E+1,1.994718E+0
9.760417E+1,1.995625E+0
9.763889E+1,1.996531E+0
9.767361E+1,1.997437E+0
9.770833E+1,1.998344E+0
9.774306E+1,1.999250E+0
9.777778E+1,2.000156E+0
9.781250E+1,2.001063E+0
9.784722E+1,2.001969E+0
9.788194E+1,2.002875E+0
9.791667E+1,2.003782E+0
9.795139E+1,2.004688E+0
9.798611E+1,2.005595E+0
9.802083E+1,2.006501E+0
9.805556E+1,2.007407E+0
9.809028E+1,2.008314E+0
9.812500E+1,2.009220E+0
9.815972E+1,2.010126E+0
9.819444E+1,2.011033E+0
9.822917E+1,2.011939E+0
9.826389E+1,2.012846E+0
9.829861E+1,2.013752E+0
9.833333E+1,2.014658E+0
9.836806E+1,2.015565E+0
9.840278E+1,2.016471E+0
9.843750E+1,2.017377E+0
9.847222E+1,2.018284E+0
9.850694E+1,2.019190E+0
9.854167E+1,2.020096E+0
9.857639E+1,2.021003E+0
9.861111E+1,2.021909E+0
9.864583E+1,2.022816E+0
9.868056E+1,2.023722E+0
9.871528E+1,2.024628E+0
9.875000E+1,2.025535E+0
9.878472E+1,2.026441E+0
9.881944E+1,2.027347E+0
9.885417E+1,2.028254E+0
9.888889E+1,2.029160E+0
9.892361E+1,2.030066E+0
9.895833E+1,2.030973E+0
9.899306E+1,2.031879E+0
9.902778E+1,2.032786E+0
9.906250E+1,2.033692E+0
9.909722E+1,2.034598E+0
9.913194E+1,2.035505E+0
9.916667E+1,2.036411E+0
9.920139E+1,2.037317E+0
9.923611E+1,2.038224E+0
9.927083E+1,2.039130E+0
9.930556E+1,2.040036E+0
9.934028E+1,2.040943E+0
9.937500E+1,2.041849E+0
9.940972E+1,2.042756E+0
9.944444E+1,2.043662E+0
9.947917E+1,2.044568E+0
9.951389E+1,2.045475E+0
9.954861E+1,2.046381E+0
9.958333E+1,2.047287E+0
9.961806E+1,2.048194E+0
9.965278E+1,2.049100E+0
9.968750E+1,2.050006E+0
9.972222E+1,2.050913E+0
9.975694E+1,2.051819E+0
9.979167E+1,2.052726E+0
9.982639E+1,2.053632E+0
9.986111E+1,2.054538E+0
9.989583E+1,2.055445E+0
9.993056E+1,2.056351E+0
9.996528E+1,2.057257E+0
