7.139351E-12,-5.088652E+0
3.472222E-2,-5.078948E+0
6.944444E-2,-5.069245E+0
1.041667E-1,-5.059542E+0
1.388889E-1,-5.049839E+0
1.736111E-1,-5.040136E+0
2.083333E-1,-5.030433E+0
2.430556E-1,-5.020729E+0
2.777778E-1,-5.011026E+0
3.125000E-1,-5.001323E+0
3.472222E-1,-4.991620E+0
3.819444E-1,-4.981917E+0
4.166667E-1,-4.972213E+0
4.513889E-1,-4.962510E+0
4.861111E-1,-4.952807E+0
5.208333E-1,-4.943104E+0
5.555556E-1,-4.933401E+0
5.902778E-1,-4.923698E+0
6.250000E-1,-4.913994E+0
6.597222E-1,-4.904291E+0
6.944444E-1,-4.894588E+0
7.291667E-1,-4.884885E+0
7.638889E-1,-4.875182E+0
7.986111E-1,-4.865479E+0
8.333333E-1,-4.855775E+0
8.680556E-1,-4.846072E+0
9.027778E-1,-4.836369E+0
9.375000E-1,-4.826666E+0
9.722222E-1,-4.816963E+0
1.006944E+0,-4.807260E+0
1.041667E+0,-4.797556E+0
1.076389E+0,-4.787853E+0
1.111111E+0,-4.778150E+0
1.145833E+0,-4.768447E+0
1.180556E+0,-4.758744E+0
1.215278E+0,-4.749040E+0
1.250000E+0,-4.739337E+0
1.284722E+0,-4.729634E+0
1.319444E+0,-4.719931E+0
1.354167E+0,-4.710228E+0
1.388889E+0,-4.700525E+0
1.423611E+0,-4.690821E+0
1.458333E+0,-4.681118E+0
1.493056E+0,-4.671415E+0
1.527778E+0,-4.661712E+0
1.562500E+0,-4.652009E+0
1.597222E+0,-4.642306E+0
1.631944E+0,-4.632602E+0
1.666667E+0,-4.622899E+0
1.701389E+0,-4.613196E+0
1.736111E+0,-4.603493E+0
1.770833E+0,-4.593790E+0
1.805556E+0,-4.584086E+0
1.840278E+0,-4.574383E+0
1.875000E+0,-4.564680E+0
1.909722E+0,-4.554977E+0
1.944444E+0,-4.545274E+0
1.979167E+0,-4.535571E+0
2.013889E+0,-4.525867E+0
2.048611E+0,-4.516164E+0
2.083333E+0,-4.506461E+0
2.118056E+0,-4.496758E+0
2.152778E+0,-4.487055E+0
2.187500E+0,-4.477352E+0
2.222222E+0,-4.467648E+0
2.256944E+0,-4.457945E+0
2.291667E+0,-4.448242E+0
2.326389E+0,-4.438539E+0
2.361111E+0,-4.428836E+0
2.395833E+0,-4.419133E+0
2.430556E+0,-4.409429E+0
2.465278E+0,-4.399726E+0
2.500000E+0,-4.390023E+0
2.534722E+0,-4.380320E+0
2.569444E+0,-4.370617E+0
2.604167E+0,-4.360913E+0
2.638889E+0,-4.351210E+0
2.673611E+0,-4.341507E+0
2.708333E+0,-4.331804E+0
2.743056E+0,-4.322101E+0
2.777778E+0,-4.312398E+0
2.812500E+0,-4.302694E+0
2.847222E+0,-4.292991E+0
2.881944E+0,-4.283288E+0
2.916667E+0,-4.273585E+0
2.951389E+0,-4.263882E+0
2.986111E+0,-4.254179E+0
3.020833E+0,-4.244475E+0
3.055556E+0,-4.234772E+0
3.090278E+0,-4.225069E+0
3.125000E+0,-4.215366E+0
3.159722E+0,-4.205663E+0
3.194444E+0,-4.195960E+0
3.229167E+0,-4.186256E+0
3.263889E+0,-4.176553E+0
3.298611E+0,-4.166850E+0
3.333333E+0,-4.157147E+0
3.368056E+0,-4.147444E+0
3.402778E+0,-4.137740E+0
3.437500E+0,-4.128037E+0
3.472222E+0,-4.118334E+0
3.506944E+0,-4.108631E+0
3.541667E+0,-4.098928E+0
3.576389E+0,-4.089225E+0
3.611111E+0,-4.079521E+0
3.645833E+0,-4.069818E+0
3.680556E+0,-4.060115E+0
3.715278E+0,-4.050412E+0
3.750000E+0,-4.040709E+0
3.784722E+0,-4.031006E+0
3.819444E+0,-4.021302E+0
3.854167E+0,-4.011599E+0
3.888889E+0,-4.001896E+0
3.923611E+0,-3.992193E+0
3.958333E+0,-3.982490E+0
3.993056E+0,-3.972787E+0
4.027778E+0,-3.963083E+0
4.062500E+0,-3.953380E+0
4.097222E+0,-3.943677E+0
4.131944E+0,-3.933974E+0
4.166667E+0,-3.924271E+0
4.201389E+0,-3.914567E+0
4.236111E+0,-3.904864E+0
4.270833E+0,-3.895161E+0
4.305556E+0,-3.885458E+0
4.340278E+0,-3.875755E+0
4.375000E+0,-3.866052E+0
4.409722E+0,-3.856348E+0
4.444444E+0,-3.846645E+0
4.479167E+0,-3.836942E+0
4.513889E+0,-3.827239E+0
4.548611E+0,-3.817536E+0
4.583333E+0,-3.807833E+0
4.618056E+0,-3.798129E+0
4.652778E+0,-3.788426E+0
4.687500E+0,-3.778723E+0
4.722222E+0,-3.769020E+0
4.756944E+0,-3.759317E+0
4.791667E+0,-3.749614E+0
4.826389E+0,-3.739910E+0
4.861111E+0,-3.730207E+0
4.895833E+0,-3.720504E+0
4.930556E+0,-3.710801E+0
4.965278E+0,-3.701098E+0
5.000000E+0,-3.691394E+0
5.034722E+0,-3.681691E+0
5.069444E+0,-3.671988E+0
5.104167E+0,-3.662285E+0
5.138889E+0,-3.652582E+0
5.173611E+0,-3.642879E+0
5.208333E+0,-3.633175E+0
5.243056E+0,-3.623472E+0
5.277778E+0,-3.613769E+0
5.312500E+0,-3.604066E+0
5.347222E+0,-3.594363E+0
5.381944E+0,-3.584660E+0
5.416667E+0,-3.574956E+0
5.451389E+0,-3.565253E+0
5.486111E+0,-3.555550E+0
5.520833E+0,-3.545847E+0
5.555556E+0,-3.536144E+0
5.590278E+0,-3.526441E+0
5.625000E+0,-3.516737E+0
5.659722E+0,-3.507034E+0
5.694444E+0,-3.497331E+0
5.729167E+0,-3.487628E+0
5.763889E+0,-3.477925E+0
5.798611E+0,-3.468221E+0
5.833333E+0,-3.458518E+0
5.868056E+0,-3.448815E+0
5.902778E+0,-3.439112E+0
5.937500E+0,-3.429409E+0
5.972222E+0,-3.419706E+0
6.006944E+0,-3.410002E+0
6.041667E+0,-3.400299E+0
6.076389E+0,-3.390596E+0
6.111111E+0,-3.380893E+0
6.145833E+0,-3.371190E+0
6.180556E+0,-3.361487E+0
6.215278E+0,-3.351783E+0
6.250000E+0,-3.342080E+0
6.284722E+0,-3.332377E+0
6.319444E+0,-3.322674E+0
6.354167E+0,-3.312971E+0
6.388889E+0,-3.303268E+0
6.423611E+0,-3.293564E+0
6.458333E+0,-3.283861E+0
6.493056E+0,-3.274158E+0
6.527778E+0,-3.264455E+0
6.562500E+0,-3.254752E+0
6.597222E+0,-3.245048E+0
6.631944E+0,-3.235345E+0
6.666667E+0,-3.225642E+0
6.701389E+0,-3.215939E+0
6.736111E+0,-3.206236E+0
6.770833E+0,-3.196533E+0
6.805556E+0,-3.186829E+0
6.840278E+0,-3.177126E+0
6.875000E+0,-3.167423E+0
6.909722E+0,-3.157720E+0
6.944444E+0,-3.148017E+0
6.979167E+0,-3.138314E+0
7.013889E+0,-3.128610E+0
7.048611E+0,-3.118907E+0
7.083333E+0,-3.109204E+0
7.118056E+0,-3.099501E+0
7.152778E+0,-3.089798E+0
7.187500E+0,-3.080095E+0
7.222222E+0,-3.070391E+0
7.256944E+0,-3.060688E+0
7.291667E+0,-3.050985E+0
7.326389E+0,-3.041282E+0
7.361111E+0,-3.031579E+0
7.395833E+0,-3.021875E+0
7.430556E+0,-3.012172E+0
7.465278E+0,-3.002469E+0
7.500000E+0,-2.992766E+0
7.534722E+0,-2.983063E+0
7.569444E+0,-2.973360E+0
7.604167E+0,-2.963656E+0
7.638889E+0,-2.953953E+0
7.673611E+0,-2.944250E+0
7.708333E+0,-2.934547E+0
7.743056E+0,-2.924844E+0
7.777778E+0,-2.915141E+0
7.812500E+0,-2.905437E+0
7.847222E+0,-2.895734E+0
7.881944E+0,-2.886031E+0
7.916667E+0,-2.876328E+0
7.951389E+0,-2.866625E+0
7.986111E+0,-2.856922E+0
8.020833E+0,-2.847218E+0
8.055556E+0,-2.837515E+0
8.090278E+0,-2.827812E+0
8.125000E+0,-2.818109E+0
8.159722E+0,-2.808406E+0
8.194444E+0,-2.798702E+0
8.229167E+0,-2.788999E+0
8.263889E+0,-2.779296E+0
8.298611E+0,-2.769593E+0
8.333333E+0,-2.759890E+0
8.368056E+0,-2.750187E+0
8.402778E+0,-2.740483E+0
8.437500E+0,-2.730780E+0
8.472222E+0,-2.721077E+0
8.506944E+0,-2.711374E+0
8.541667E+0,-2.701671E+0
8.576389E+0,-2.691968E+0
8.611111E+0,-2.682264E+0
8.645833E+0,-2.672561E+0
8.680556E+0,-2.662858E+0
8.715278E+0,-2.653155E+0
8.750000E+0,-2.643452E+0
8.784722E+0,-2.633749E+0
8.819444E+0,-2.624045E+0
8.854167E+0,-2.614342E+0
8.888889E+0,-2.604639E+0
8.923611E+0,-2.594936E+0
8.958333E+0,-2.585233E+0
8.993056E+0,-2.575529E+0
9.027778E+0,-2.565826E+0
9.062500E+0,-2.556123E+0
9.097222E+0,-2.546420E+0
9.131944E+0,-2.536717E+0
9.166667E+0,-2.527014E+0
9.201389E+0,-2.517310E+0
9.236111E+0,-2.507607E+0
9.270833E+0,-2.497904E+0
9.305556E+0,-2.488201E+0
9.340278E+0,-2.478498E+0
9.375000E+0,-2.468795E+0
9.409722E+0,-2.459091E+0
9.444444E+0,-2.449388E+0
9.479167E+0,-2.439685E+0
9.513889E+0,-2.429982E+0
9.548611E+0,-2.420279E+0
9.583333E+0,-2.410576E+0
9.618056E+0,-2.400872E+0
9.652778E+0,-2.391169E+0
9.687500E+0,-2.381466E+0
9.722222E+0,-2.371763E+0
9.756944E+0,-2.362060E+0
9.791667E+0,-2.352356E+0
9.826389E+0,-2.342653E+0
9.861111E+0,-2.332950E+0
9.895833E+0,-2.323247E+0
9.930556E+0,-2.313544E+0
9.965278E+0,-2.303841E+0
1.000000E+1,-2.294137E+0
1.003472E+1,-2.284434E+0
1.006944E+1,-2.274731E+0
1.010417E+1,-2.265028E+0
1.013889E+1,-2.255325E+0
1.017361E+1,-2.245622E+0
1.020833E+1,-2.235918E+0
1.024306E+1,-2.226215E+0
1.027778E+1,-2.216512E+0
1.031250E+1,-2.206809E+0
1.034722E+1,-2.197106E+0
1.038194E+1,-2.187403E+0
1.041667E+1,-2.177699E+0
1.045139E+1,-2.167996E+0
1.048611E+1,-2.158293E+0
1.052083E+1,-2.148590E+0
1.055556E+1,-2.138887E+0
1.059028E+1,-2.129183E+0
1.062500E+1,-2.119480E+0
1.065972E+1,-2.109777E+0
1.069444E+1,-2.100074E+0
1.072917E+1,-2.090371E+0
1.076389E+1,-2.080668E+0
1.079861E+1,-2.070964E+0
1.083333E+1,-2.061261E+0
1.086806E+1,-2.051558E+0
1.090278E+1,-2.041855E+0
1.093750E+1,-2.032152E+0
1.097222E+1,-2.022449E+0
1.100694E+1,-2.012746E+0
1.104167E+1,-2.003042E+0
1.107639E+1,-1.993339E+0
1.111111E+1,-1.983636E+0
1.114583E+1,-1.973933E+0
1.118056E+1,-1.964229E+0
1.121528E+1,-1.954526E+0
1.125000E+1,-1.944823E+0
1.128472E+1,-1.935120E+0
1.131944E+1,-1.925417E+0
1.135417E+1,-1.915714E+0
1.138889E+1,-1.906010E+0
1.142361E+1,-1.896307E+0
1.145833E+1,-1.886604E+0
1.149306E+1,-1.876901E+0
1.152778E+1,-1.867198E+0
1.156250E+1,-1.857495E+0
1.159722E+1,-1.847791E+0
1.163194E+1,-1.838088E+0
1.166667E+1,-1.828385E+0
1.170139E+1,-1.818682E+0
1.173611E+1,-1.808979E+0
1.177083E+1,-1.799276E+0
1.180556E+1,-1.789572E+0
1.184028E+1,-1.779869E+0
1.187500E+1,-1.770166E+0
1.190972E+1,-1.760463E+0
1.194444E+1,-1.750760E+0
1.197917E+1,-1.741056E+0
1.201389E+1,-1.731353E+0
1.204861E+1,-1.721650E+0
1.208333E+1,-1.711947E+0
1.211806E+1,-1.702244E+0
1.215278E+1,-1.692541E+0
1.218750E+1,-1.682837E+0
1.222222E+1,-1.673134E+0
1.225694E+1,-1.663431E+0
1.229167E+1,-1.653728E+0
1.232639E+1,-1.644025E+0
1.236111E+1,-1.634322E+0
1.239583E+1,-1.624619E+0
1.243056E+1,-1.614915E+0
1.246528E+1,-1.605212E+0
1.250000E+1,-1.595509E+0
1.253472E+1,-1.585806E+0
1.256944E+1,-1.576103E+0
1.260417E+1,-1.566399E+0
1.263889E+1,-1.556696E+0
1.267361E+1,-1.546993E+0
1.270833E+1,-1.537290E+0
1.274306E+1,-1.527587E+0
1.277778E+1,-1.517883E+0
1.281250E+1,-1.508180E+0
1.284722E+1,-1.498477E+0
1.288194E+1,-1.488774E+0
1.291667E+1,-1.479071E+0
1.295139E+1,-1.469368E+0
1.298611E+1,-1.459664E+0
1.302083E+1,-1.449961E+0
1.305556E+1,-1.440258E+0
1.309028E+1,-1.430555E+0
1.312500E+1,-1.420852E+0
1.315972E+1,-1.411149E+0
1.319444E+1,-1.401446E+0
1.322917E+1,-1.391742E+0
1.326389E+1,-1.382039E+0
1.329861E+1,-1.372336E+0
1.333333E+1,-1.362633E+0
1.336806E+1,-1.352929E+0
1.340278E+1,-1.343226E+0
1.343750E+1,-1.333523E+0
1.347222E+1,-1.323820E+0
1.350694E+1,-1.314117E+0
1.354167E+1,-1.304414E+0
1.357639E+1,-1.294710E+0
1.361111E+1,-1.285007E+0
1.364583E+1,-1.275304E+0
1.368056E+1,-1.265601E+0
1.371528E+1,-1.255898E+0
1.375000E+1,-1.246195E+0
1.378472E+1,-1.236492E+0
1.381944E+1,-1.226788E+0
1.385417E+1,-1.217085E+0
1.388889E+1,-1.207382E+0
1.392361E+1,-1.197679E+0
1.395833E+1,-1.187976E+0
1.399306E+1,-1.178272E+0
1.402778E+1,-1.168569E+0
1.406250E+1,-1.158866E+0
1.409722E+1,-1.149163E+0
1.413194E+1,-1.139460E+0
1.416667E+1,-1.129756E+0
1.420139E+1,-1.120053E+0
1.423611E+1,-1.110350E+0
1.427083E+1,-1.100647E+0
1.430556E+1,-1.090944E+0
1.434028E+1,-1.081241E+0
1.437500E+1,-1.071537E+0
1.440972E+1,-1.061834E+0
1.444444E+1,-1.052131E+0
1.447917E+1,-1.042428E+0
1.451389E+1,-1.032725E+0
1.454861E+1,-1.023022E+0
1.458333E+1,-1.013319E+0
1.461806E+1,-1.003615E+0
1.465278E+1,-9.939120E-1
1.468750E+1,-9.842089E-1
1.472222E+1,-9.745058E-1
1.475694E+1,-9.648027E-1
1.479167E+1,-9.550993E-1
1.482639E+1,-9.453962E-1
1.486111E+1,-9.356931E-1
1.489583E+1,-9.259900E-1
1.493056E+1,-9.162866E-1
1.496528E+1,-9.065835E-1
1.500000E+1,-8.968804E-1
1.503472E+1,-8.871773E-1
1.506944E+1,-8.774741E-1
1.510417E+1,-8.677707E-1
1.513889E+1,-8.580676E-1
1.517361E+1,-8.483645E-1
1.520833E+1,-8.386614E-1
1.524306E+1,-8.289580E-1
1.527778E+1,-8.192549E-1
1.531250E+1,-8.095518E-1
1.534722E+1,-7.998487E-1
1.538194E+1,-7.901456E-1
1.541667E+1,-7.804422E-1
1.545139E+1,-7.707391E-1
1.548611E+1,-7.610360E-1
1.552083E+1,-7.513328E-1
1.555556E+1,-7.416295E-1
1.559028E+1,-7.319263E-1
1.562500E+1,-7.222232E-1
1.565972E+1,-7.125201E-1
1.569444E+1,-7.028170E-1
1.572917E+1,-6.931136E-1
1.576389E+1,-6.834105E-1
1.579861E+1,-6.737074E-1
1.583333E+1,-6.640043E-1
1.586806E+1,-6.543009E-1
1.590278E+1,-6.445978E-1
1.593750E+1,-6.348947E-1
1.597222E+1,-6.251916E-1
1.600694E+1,-6.154884E-1
1.604167E+1,-6.057850E-1
1.607639E+1,-5.960819E-1
1.611111E+1,-5.863788E-1
1.614583E+1,-5.766757E-1
1.618056E+1,-5.669723E-1
1.621528E+1,-5.572692E-1
1.625000E+1,-5.475661E-1
1.628472E+1,-5.378630E-1
1.631944E+1,-5.281599E-1
1.635417E+1,-5.184565E-1
1.638889E+1,-5.087534E-1
1.642361E+1,-4.990503E-1
1.645833E+1,-4.893471E-1
1.649306E+1,-4.796438E-1
1.652778E+1,-4.699406E-1
1.656250E+1,-4.602375E-1
1.659722E+1,-4.505344E-1
1.663194E+1,-4.408313E-1
1.666667E+1,-4.311279E-1
1.670139E+1,-4.214248E-1
1.673611E+1,-4.117217E-1
1.677083E+1,-4.020186E-1
1.680556E+1,-3.923152E-1
1.684028E+1,-3.826121E-1
1.687500E+1,-3.729090E-1
1.690972E+1,-3.632059E-1
1.694444E+1,-3.535027E-1
1.697917E+1,-3.437993E-1
1.701389E+1,-3.340962E-1
1.704861E+1,-3.243931E-1
1.708333E+1,-3.146900E-1
1.711806E+1,-3.049866E-1
1.715278E+1,-2.952835E-1
1.718750E+1,-2.855804E-1
1.722222E+1,-2.758773E-1
1.725694E+1,-2.661742E-1
1.729167E+1,-2.564708E-1
1.732639E+1,-2.467677E-1
1.736111E+1,-2.370646E-1
1.739583E+1,-2.273614E-1
1.743056E+1,-2.176581E-1
1.746528E+1,-2.079549E-1
1.750000E+1,-1.982518E-1
1.753472E+1,-1.885487E-1
1.756944E+1,-1.788456E-1
1.760417E+1,-1.691422E-1
1.763889E+1,-1.594391E-1
1.767361E+1,-1.497360E-1
1.770833E+1,-1.400329E-1
1.774306E+1,-1.303295E-1
1.777778E+1,-1.206264E-1
1.781250E+1,-1.109233E-1
1.784722E+1,-1.012202E-1
1.788194E+1,-9.151704E-2
1.791667E+1,-8.181365E-2
1.795139E+1,-7.211054E-2
1.798611E+1,-6.240743E-2
1.802083E+1,-5.270431E-2
1.805556E+1,-4.300092E-2
1.809028E+1,-3.329781E-2
1.812500E+1,-2.359470E-2
1.815972E+1,-1.389159E-2
1.819444E+1,-4.188475E-3
1.822917E+1,5.514916E-3
1.826389E+1,1.521803E-2
1.829861E+1,2.492114E-2
1.833333E+1,3.462425E-2
1.836806E+1,4.432764E-2
1.840278E+1,5.403076E-2
1.843750E+1,6.373387E-2
1.847222E+1,7.343698E-2
1.850694E+1,8.314009E-2
1.854167E+1,9.284348E-2
1.857639E+1,1.025466E-1
1.861111E+1,1.122497E-1
1.864583E+1,1.219528E-1
1.868056E+1,1.316562E-1
1.871528E+1,1.413593E-1
1.875000E+1,1.510624E-1
1.878472E+1,1.607655E-1
1.881944E+1,1.704687E-1
1.885417E+1,1.801720E-1
1.888889E+1,1.898752E-1
1.892361E+1,1.995783E-1
1.895833E+1,2.092814E-1
1.899306E+1,2.189848E-1
1.902778E+1,2.286879E-1
1.906250E+1,2.383910E-1
1.909722E+1,2.480941E-1
1.913194E+1,2.577972E-1
1.916667E+1,2.675006E-1
1.920139E+1,2.772037E-1
1.923611E+1,2.869068E-1
1.927083E+1,2.966100E-1
1.930556E+1,3.063133E-1
1.934028E+1,3.160165E-1
1.937500E+1,3.257196E-1
1.940972E+1,3.354227E-1
1.944444E+1,3.451258E-1
1.947917E+1,3.548292E-1
1.951389E+1,3.645323E-1
1.954861E+1,3.742354E-1
1.958333E+1,3.839385E-1
1.961806E+1,3.936419E-1
1.965278E+1,4.033450E-1
1.968750E+1,4.130481E-1
1.972222E+1,4.227512E-1
1.975694E+1,4.324544E-1
1.979167E+1,4.421577E-1
1.982639E+1,4.518609E-1
1.986111E+1,4.615640E-1
1.989583E+1,4.712671E-1
1.993056E+1,4.809705E-1
1.996528E+1,4.906736E-1
2.000000E+1,5.003767E-1
2.003472E+1,5.100798E-1
2.006944E+1,5.197829E-1
2.010417E+1,5.294863E-1
2.013889E+1,5.391894E-1
2.017361E+1,5.488925E-1
2.020833E+1,5.585957E-1
2.024306E+1,5.682990E-1
2.027778E+1,5.780022E-1
2.031250E+1,5.877053E-1
2.034722E+1,5.974084E-1
2.038194E+1,6.071115E-1
2.041667E+1,6.168149E-1
2.045139E+1,6.265180E-1
2.048611E+1,6.362211E-1
2.052083E+1,6.459242E-1
2.055556E+1,6.556276E-1
2.059028E+1,6.653307E-1
2.062500E+1,6.750338E-1
2.065972E+1,6.847369E-1
2.069444E+1,6.944401E-1
2.072917E+1,7.041434E-1
2.076389E+1,7.138466E-1
2.079861E+1,7.235497E-1
2.083333E+1,7.332528E-1
2.086806E+1,7.429562E-1
2.090278E+1,7.526593E-1
2.093750E+1,7.623624E-1
2.097222E+1,7.720655E-1
2.100694E+1,7.817686E-1
2.104167E+1,7.914720E-1
2.107639E+1,8.011751E-1
2.111111E+1,8.108782E-1
2.114583E+1,8.205813E-1
2.118056E+1,8.302847E-1
2.121528E+1,8.399879E-1
2.125000E+1,8.496910E-1
2.128472E+1,8.593941E-1
2.131944E+1,8.690972E-1
2.135417E+1,8.788006E-1
2.138889E+1,8.885037E-1
2.142361E+1,8.982068E-1
2.145833E+1,9.079099E-1
2.149306E+1,9.176133E-1
2.152778E+1,9.273164E-1
2.156250E+1,9.370195E-1
2.159722E+1,9.467226E-1
2.163194E+1,9.564258E-1
2.166667E+1,9.661291E-1
2.170139E+1,9.758323E-1
2.173611E+1,9.855354E-1
2.177083E+1,9.952385E-1
2.180556E+1,1.004942E+0
2.184028E+1,1.014645E+0
2.187500E+1,1.024348E+0
2.190972E+1,1.034051E+0
2.194444E+1,1.043754E+0
2.197917E+1,1.053458E+0
2.201389E+1,1.063161E+0
2.204861E+1,1.072864E+0
2.208333E+1,1.082567E+0
2.211806E+1,1.092270E+0
2.215278E+1,1.101974E+0
2.218750E+1,1.111677E+0
2.222222E+1,1.121380E+0
2.225694E+1,1.131083E+0
2.229167E+1,1.140786E+0
2.232639E+1,1.150489E+0
2.236111E+1,1.160193E+0
2.239583E+1,1.169896E+0
2.243056E+1,1.179599E+0
2.246528E+1,1.189302E+0
2.250000E+1,1.199005E+0
2.253472E+1,1.208708E+0
2.256944E+1,1.218411E+0
2.260417E+1,1.228115E+0
2.263889E+1,1.237818E+0
2.267361E+1,1.247521E+0
2.270833E+1,1.257224E+0
2.274306E+1,1.266928E+0
2.277778E+1,1.276631E+0
2.281250E+1,1.286334E+0
2.284722E+1,1.296037E+0
2.288194E+1,1.305740E+0
2.291667E+1,1.315443E+0
2.295139E+1,1.325147E+0
2.298611E+1,1.334850E+0
2.302083E+1,1.344553E+0
2.305556E+1,1.354256E+0
2.309028E+1,1.363959E+0
2.312500E+1,1.373662E+0
2.315972E+1,1.383365E+0
2.319444E+1,1.393069E+0
2.322917E+1,1.402772E+0
2.326389E+1,1.412475E+0
2.329861E+1,1.422178E+0
2.333333E+1,1.431881E+0
2.336806E+1,1.441585E+0
2.340278E+1,1.451288E+0
2.343750E+1,1.460991E+0
2.347222E+1,1.470694E+0
2.350694E+1,1.480397E+0
2.354167E+1,1.490101E+0
2.357639E+1,1.499804E+0
2.361111E+1,1.509507E+0
2.364583E+1,1.519210E+0
2.368056E+1,1.528913E+0
2.371528E+1,1.538616E+0
2.375000E+1,1.548319E+0
2.378472E+1,1.558023E+0
2.381944E+1,1.567726E+0
2.385417E+1,1.577429E+0
2.388889E+1,1.587132E+0
2.392361E+1,1.596835E+0
2.395833E+1,1.606538E+0
2.399306E+1,1.616242E+0
2.402778E+1,1.625945E+0
2.406250E+1,1.635648E+0
2.409722E+1,1.645351E+0
2.413194E+1,1.655054E+0
2.416667E+1,1.664758E+0
2.420139E+1,1.674461E+0
2.423611E+1,1.684164E+0
2.427083E+1,1.693867E+0
2.430556E+1,1.703570E+0
2.434028E+1,1.713274E+0
2.437500E+1,1.722977E+0
2.440972E+1,1.732680E+0
2.444444E+1,1.742383E+0
2.447917E+1,1.752086E+0
2.451389E+1,1.761789E+0
2.454861E+1,1.771492E+0
2.458333E+1,1.781196E+0
2.461806E+1,1.790899E+0
2.465278E+1,1.800602E+0
2.468750E+1,1.810305E+0
2.472222E+1,1.820008E+0
2.475694E+1,1.829711E+0
2.479167E+1,1.839415E+0
2.482639E+1,1.849118E+0
2.486111E+1,1.858821E+0
2.489583E+1,1.868524E+0
2.493056E+1,1.878228E+0
2.496528E+1,1.887931E+0
2.500000E+1,1.897634E+0
2.503472E+1,1.907337E+0
2.506944E+1,1.917040E+0
2.510417E+1,1.926743E+0
2.513889E+1,1.936446E+0
2.517361E+1,1.946150E+0
2.520833E+1,1.955853E+0
2.524306E+1,1.965556E+0
2.527778E+1,1.975259E+0
2.531250E+1,1.984962E+0
2.534722E+1,1.994665E+0
2.538194E+1,2.004369E+0
2.541667E+1,2.014072E+0
2.545139E+1,2.023775E+0
2.548611E+1,2.033478E+0
2.552083E+1,2.043181E+0
2.555556E+1,2.052885E+0
2.559028E+1,2.062588E+0
2.562500E+1,2.072291E+0
2.565972E+1,2.081994E+0
2.569444E+1,2.091697E+0
2.572917E+1,2.101401E+0
2.576389E+1,2.111104E+0
2.579861E+1,2.120807E+0
2.583333E+1,2.130510E+0
2.586806E+1,2.140213E+0
2.590278E+1,2.149916E+0
2.593750E+1,2.159619E+0
2.597222E+1,2.169323E+0
2.600694E+1,2.179026E+0
2.604167E+1,2.188729E+0
2.607639E+1,2.198432E+0
2.611111E+1,2.208135E+0
2.614583E+1,2.217838E+0
2.618056E+1,2.227542E+0
2.621528E+1,2.237245E+0
2.625000E+1,2.246948E+0
2.628472E+1,2.256651E+0
2.631944E+1,2.266354E+0
2.635417E+1,2.276058E+0
2.638889E+1,2.285761E+0
2.642361E+1,2.295464E+0
2.645833E+1,2.305167E+0
2.649306E+1,2.314870E+0
2.652778E+1,2.324573E+0
2.656250E+1,2.334277E+0
2.659722E+1,2.343980E+0
2.663194E+1,2.353683E+0
2.666667E+1,2.363386E+0
2.670139E+1,2.373089E+0
2.673611E+1,2.382792E+0
2.677083E+1,2.392496E+0
2.680556E+1,2.402199E+0
2.684028E+1,2.411902E+0
2.687500E+1,2.421605E+0
2.690972E+1,2.431308E+0
2.694444E+1,2.441011E+0
2.697917E+1,2.450715E+0
2.701389E+1,2.460418E+0
2.704861E+1,2.470121E+0
2.708333E+1,2.479824E+0
2.711806E+1,2.489528E+0
2.715278E+1,2.499231E+0
2.718750E+1,2.508934E+0
2.722222E+1,2.518637E+0
2.725694E+1,2.528340E+0
2.729167E+1,2.538043E+0
2.732639E+1,2.547746E+0
2.736111E+1,2.557450E+0
2.739583E+1,2.567153E+0
2.743056E+1,2.576856E+0
2.746528E+1,2.586559E+0
2.750000E+1,2.596262E+0
2.753472E+1,2.605965E+0
2.756944E+1,2.615669E+0
2.760417E+1,2.625372E+0
2.763889E+1,2.635075E+0
2.767361E+1,2.644778E+0
2.770833E+1,2.654481E+0
2.774306E+1,2.664185E+0
2.777778E+1,2.673888E+0
2.781250E+1,2.683591E+0
2.784722E+1,2.693294E+0
2.788194E+1,2.702997E+0
2.791667E+1,2.712700E+0
2.795139E+1,2.722404E+0
2.798611E+1,2.732107E+0
2.802083E+1,2.738814E+0
2.805556E+1,2.743525E+0
2.809028E+1,2.748236E+0
2.812500E+1,2.752947E+0
2.815972E+1,2.757657E+0
2.819444E+1,2.762368E+0
2.822917E+1,2.767079E+0
2.826389E+1,2.771790E+0
2.829861E+1,2.776501E+0
2.833333E+1,2.781211E+0
2.836806E+1,2.785922E+0
2.840278E+1,2.790633E+0
2.843750E+1,2.795344E+0
2.847222E+1,2.800054E+0
2.850694E+1,2.804765E+0
2.854167E+1,2.809476E+0
2.857639E+1,2.814187E+0
2.861111E+1,2.818897E+0
2.864583E+1,2.823608E+0
2.868056E+1,2.828319E+0
2.871528E+1,2.833030E+0
2.875000E+1,2.837740E+0
2.878472E+1,2.842451E+0
2.881944E+1,2.847162E+0
2.885417E+1,2.851873E+0
2.888889E+1,2.856584E+0
2.892361E+1,2.861294E+0
2.895833E+1,2.866005E+0
2.899306E+1,2.870716E+0
2.902778E+1,2.875427E+0
2.906250E+1,2.880137E+0
2.909722E+1,2.884848E+0
2.913194E+1,2.889559E+0
2.916667E+1,2.894270E+0
2.920139E+1,2.898980E+0
2.923611E+1,2.903691E+0
2.927083E+1,2.908402E+0
2.930556E+1,2.913113E+0
2.934028E+1,2.917823E+0
2.937500E+1,2.922534E+0
2.940972E+1,2.927245E+0
2.944444E+1,2.931956E+0
2.947917E+1,2.936667E+0
2.951389E+1,2.941377E+0
2.954861E+1,2.946088E+0
2.958333E+1,2.950799E+0
2.961806E+1,2.955510E+0
2.965278E+1,2.960220E+0
2.968750E+1,2.964931E+0
2.972222E+1,2.969642E+0
2.975694E+1,2.974352E+0
2.979167E+1,2.979063E+0
2.982639E+1,2.983774E+0
2.986111E+1,2.988485E+0
2.989583E+1,2.993196E+0
2.993056E+1,2.997906E+0
2.996528E+1,3.002617E+0
3.000000E+1,3.007328E+0
3.003472E+1,3.012039E+0
3.006944E+1,3.016749E+0
3.010417E+1,3.021460E+0
3.013889E+1,3.026171E+0
3.017361E+1,3.030882E+0
3.020833E+1,3.035592E+0
3.024306E+1,3.040303E+0
3.027778E+1,3.045014E+0
3.031250E+1,3.049725E+0
3.034722E+1,3.054435E+0
3.038194E+1,3.059146E+0
3.041667E+1,3.063857E+0
3.045139E+1,3.068568E+0
3.048611E+1,3.073279E+0
3.052083E+1,3.077989E+0
3.055556E+1,3.082700E+0
3.059028E+1,3.087411E+0
3.062500E+1,3.092122E+0
3.065972E+1,3.096832E+0
3.069444E+1,3.101543E+0
3.072917E+1,3.106254E+0
3.076389E+1,3.110965E+0
3.079861E+1,3.115675E+0
3.083333E+1,3.120386E+0
3.086806E+1,3.125097E+0
3.090278E+1,3.129808E+0
3.093750E+1,3.134518E+0
3.097222E+1,3.139229E+0
3.100694E+1,3.143940E+0
3.104167E+1,3.148651E+0
3.107639E+1,3.153362E+0
3.111111E+1,3.158072E+0
3.114583E+1,3.162783E+0
3.118056E+1,3.167494E+0
3.121528E+1,3.172205E+0
3.125000E+1,3.176915E+0
3.128472E+1,3.181626E+0
3.131944E+1,3.186337E+0
3.135417E+1,3.191048E+0
3.138889E+1,3.195758E+0
3.142361E+1,3.200469E+0
3.145833E+1,3.205180E+0
3.149306E+1,3.209891E+0
3.152778E+1,3.214601E+0
3.156250E+1,3.219312E+0
3.159722E+1,3.224023E+0
3.163194E+1,3.228734E+0
3.166667E+1,3.233445E+0
3.170139E+1,3.238155E+0
3.173611E+1,3.242866E+0
3.177083E+1,3.247577E+0
3.180556E+1,3.252288E+0
3.184028E+1,3.256998E+0
3.187500E+1,3.261709E+0
3.190972E+1,3.266420E+0
3.194444E+1,3.271130E+0
3.197917E+1,3.275841E+0
3.201389E+1,3.280552E+0
3.204861E+1,3.285263E+0
3.208333E+1,3.289974E+0
3.211806E+1,3.294684E+0
3.215278E+1,3.299395E+0
3.218750E+1,3.304106E+0
3.222222E+1,3.308817E+0
3.225694E+1,3.313527E+0
3.229167E+1,3.318238E+0
3.232639E+1,3.322949E+0
3.236111E+1,3.327660E+0
3.239583E+1,3.332370E+0
3.243056E+1,3.335711E+0
3.246528E+1,3.337582E+0
3.250000E+1,3.339454E+0
3.253472E+1,3.341325E+0
3.256944E+1,3.343196E+0
3.260417E+1,3.345068E+0
3.263889E+1,3.346939E+0
3.267361E+1,3.348810E+0
3.270833E+1,3.350682E+0
3.274306E+1,3.352553E+0
3.277778E+1,3.354424E+0
3.281250E+1,3.356295E+0
3.284722E+1,3.358167E+0
3.288194E+1,3.360038E+0
3.291667E+1,3.361909E+0
3.295139E+1,3.363781E+0
3.298611E+1,3.365652E+0
3.302083E+1,3.367523E+0
3.305556E+1,3.369395E+0
3.309028E+1,3.371266E+0
3.312500E+1,3.373137E+0
3.315972E+1,3.375009E+0
3.319444E+1,3.376880E+0
3.322917E+1,3.378751E+0
3.326389E+1,3.380623E+0
3.329861E+1,3.382494E+0
3.333333E+1,3.384365E+0
3.336806E+1,3.386237E+0
3.340278E+1,3.388108E+0
3.343750E+1,3.389979E+0
3.347222E+1,3.391850E+0
3.350694E+1,3.393722E+0
3.354167E+1,3.395593E+0
3.357639E+1,3.397464E+0
3.361111E+1,3.399336E+0
3.364583E+1,3.401207E+0
3.368056E+1,3.403078E+0
3.371528E+1,3.404950E+0
3.375000E+1,3.406821E+0
3.378472E+1,3.408692E+0
3.381944E+1,3.410564E+0
3.385417E+1,3.412435E+0
3.388889E+1,3.414306E+0
3.392361E+1,3.416178E+0
3.395833E+1,3.418049E+0
3.399306E+1,3.419920E+0
3.402778E+1,3.421792E+0
3.406250E+1,3.423663E+0
3.409722E+1,3.425534E+0
3.413194E+1,3.427405E+0
3.416667E+1,3.429277E+0
3.420139E+1,3.431148E+0
3.423611E+1,3.433019E+0
3.427083E+1,3.434891E+0
3.430556E+1,3.436762E+0
3.434028E+1,3.438633E+0
3.437500E+1,3.440505E+0
3.440972E+1,3.442376E+0
3.444444E+1,3.444247E+0
3.447917E+1,3.446119E+0
3.451389E+1,3.447990E+0
3.454861E+1,3.449861E+0
3.458333E+1,3.451733E+0
3.461806E+1,3.453604E+0
3.465278E+1,3.455475E+0
3.468750E+1,3.457347E+0
3.472222E+1,3.459218E+0
3.475694E+1,3.461089E+0
3.479167E+1,3.462961E+0
3.482639E+1,3.464832E+0
3.486111E+1,3.466703E+0
3.489583E+1,3.468574E+0
3.493056E+1,3.470446E+0
3.496528E+1,3.472317E+0
3.500000E+1,3.474188E+0
3.503472E+1,3.476060E+0
3.506944E+1,3.477931E+0
3.510417E+1,3.479802E+0
3.513889E+1,3.481674E+0
3.517361E+1,3.483545E+0
3.520833E+1,3.485416E+0
3.524306E+1,3.487288E+0
3.527778E+1,3.489159E+0
3.531250E+1,3.491030E+0
3.534722E+1,3.492902E+0
3.538194E+1,3.494773E+0
3.541667E+1,3.496644E+0
3.545139E+1,3.498516E+0
3.548611E+1,3.500387E+0
3.552083E+1,3.502258E+0
3.555556E+1,3.504129E+0
3.559028E+1,3.506001E+0
3.562500E+1,3.507872E+0
3.565972E+1,3.509743E+0
3.569444E+1,3.511615E+0
3.572917E+1,3.513486E+0
3.576389E+1,3.515357E+0
3.579861E+1,3.517229E+0
3.583333E+1,3.519100E+0
3.586806E+1,3.520971E+0
3.590278E+1,3.522843E+0
3.593750E+1,3.524714E+0
3.597222E+1,3.526585E+0
3.600694E+1,3.528457E+0
3.604167E+1,3.530328E+0
3.607639E+1,3.532199E+0
3.611111E+1,3.534071E+0
3.614583E+1,3.535942E+0
3.618056E+1,3.537813E+0
3.621528E+1,3.539684E+0
3.625000E+1,3.541556E+0
3.628472E+1,3.543427E+0
3.631944E+1,3.545298E+0
3.635417E+1,3.547170E+0
3.638889E+1,3.549041E+0
3.642361E+1,3.550912E+0
3.645833E+1,3.552784E+0
3.649306E+1,3.554655E+0
3.652778E+1,3.556526E+0
3.656250E+1,3.558398E+0
3.659722E+1,3.560269E+0
3.663194E+1,3.562140E+0
3.666667E+1,3.564012E+0
3.670139E+1,3.565883E+0
3.673611E+1,3.567754E+0
3.677083E+1,3.569626E+0
3.680556E+1,3.571497E+0
3.684028E+1,3.573368E+0
3.687500E+1,3.575239E+0
3.690972E+1,3.577111E+0
3.694444E+1,3.578982E+0
3.697917E+1,3.580853E+0
3.701389E+1,3.582566E+0
3.704861E+1,3.582122E+0
3.708333E+1,3.581679E+0
3.711806E+1,3.581236E+0
3.715278E+1,3.580793E+0
3.718750E+1,3.580350E+0
3.722222E+1,3.579907E+0
3.725694E+1,3.579464E+0
3.729167E+1,3.579021E+0
3.732639E+1,3.578578E+0
3.736111E+1,3.578135E+0
3.739583E+1,3.577692E+0
3.743056E+1,3.577249E+0
3.746528E+1,3.576806E+0
3.750000E+1,3.576363E+0
3.753472E+1,3.575920E+0
3.756944E+1,3.575477E+0
3.760417E+1,3.575034E+0
3.763889E+1,3.574591E+0
3.767361E+1,3.574148E+0
3.770833E+1,3.573705E+0
3.774306E+1,3.573262E+0
3.777778E+1,3.572819E+0
3.781250E+1,3.572376E+0
3.784722E+1,3.571933E+0
3.788194E+1,3.571490E+0
3.791667E+1,3.571047E+0
3.795139E+1,3.570604E+0
3.798611E+1,3.570161E+0
3.802083E+1,3.569718E+0
3.805556E+1,3.569275E+0
3.809028E+1,3.568832E+0
3.812500E+1,3.568389E+0
3.815972E+1,3.567946E+0
3.819444E+1,3.567503E+0
3.822917E+1,3.567060E+0
3.826389E+1,3.566617E+0
3.829861E+1,3.566174E+0
3.833333E+1,3.565731E+0
3.836806E+1,3.565288E+0
3.840278E+1,3.564845E+0
3.843750E+1,3.564402E+0
3.847222E+1,3.563959E+0
3.850694E+1,3.563516E+0
3.854167E+1,3.563073E+0
3.857639E+1,3.562630E+0
3.861111E+1,3.562187E+0
3.864583E+1,3.561744E+0
3.868056E+1,3.561300E+0
3.871528E+1,3.560857E+0
3.875000E+1,3.560414E+0
3.878472E+1,3.559971E+0
3.881944E+1,3.559528E+0
3.885417E+1,3.559085E+0
3.888889E+1,3.558642E+0
3.892361E+1,3.558199E+0
3.895833E+1,3.557756E+0
3.899306E+1,3.557313E+0
3.902778E+1,3.556870E+0
3.906250E+1,3.556427E+0
3.909722E+1,3.555984E+0
3.913194E+1,3.555541E+0
3.916667E+1,3.555098E+0
3.920139E+1,3.554655E+0
3.923611E+1,3.554212E+0
3.927083E+1,3.553769E+0
3.930556E+1,3.553326E+0
3.934028E+1,3.552883E+0
3.937500E+1,3.552440E+0
3.940972E+1,3.551997E+0
3.944444E+1,3.551554E+0
3.947917E+1,3.551111E+0
3.951389E+1,3.550668E+0
3.954861E+1,3.550225E+0
3.958333E+1,3.549782E+0
3.961806E+1,3.549339E+0
3.965278E+1,3.548896E+0
3.968750E+1,3.548453E+0
3.972222E+1,3.548010E+0
3.975694E+1,3.547567E+0
3.979167E+1,3.547124E+0
3.982639E+1,3.546681E+0
3.986111E+1,3.546238E+0
3.989583E+1,3.545795E+0
3.993056E+1,3.545352E+0
3.996528E+1,3.544909E+0
4.000000E+1,3.544466E+0
4.003472E+1,3.544023E+0
4.006944E+1,3.543580E+0
4.010417E+1,3.543137E+0
4.013889E+1,3.542694E+0
4.017361E+1,3.542251E+0
4.020833E+1,3.541808E+0
4.024306E+1,3.541365E+0
4.027778E+1,3.540921E+0
4.031250E+1,3.540478E+0
4.034722E+1,3.540035E+0
4.038194E+1,3.539592E+0
4.041667E+1,3.539149E+0
4.045139E+1,3.538706E+0
4.048611E+1,3.538263E+0
4.052083E+1,3.537820E+0
4.055556E+1,3.537377E+0
4.059028E+1,3.536934E+0
4.062500E+1,3.536491E+0
4.065972E+1,3.536048E+0
4.069444E+1,3.535605E+0
4.072917E+1,3.535162E+0
4.076389E+1,3.534719E+0
4.079861E+1,3.534276E+0
4.083333E+1,3.533833E+0
4.086806E+1,3.533390E+0
4.090278E+1,3.532947E+0
4.093750E+1,3.532504E+0
4.097222E+1,3.532061E+0
4.100694E+1,3.531618E+0
4.104167E+1,3.531175E+0
4.107639E+1,3.531839E+0
4.111111E+1,3.533430E+0
4.114583E+1,3.535021E+0
4.118056E+1,3.536612E+0
4.121528E+1,3.538204E+0
4.125000E+1,3.539795E+0
4.128472E+1,3.541386E+0
4.131944E+1,3.542978E+0
4.135417E+1,3.544569E+0
4.138889E+1,3.546160E+0
4.142361E+1,3.547751E+0
4.145833E+1,3.549343E+0
4.149306E+1,3.550934E+0
4.152778E+1,3.552525E+0
4.156250E+1,3.554116E+0
4.159722E+1,3.555708E+0
4.163194E+1,3.557299E+0
4.166667E+1,3.558890E+0
4.170139E+1,3.560482E+0
4.173611E+1,3.562073E+0
4.177083E+1,3.563664E+0
4.180556E+1,3.565255E+0
4.184028E+1,3.566847E+0
4.187500E+1,3.568438E+0
4.190972E+1,3.570029E+0
4.194444E+1,3.571620E+0
4.197917E+1,3.573212E+0
4.201389E+1,3.574803E+0
4.204861E+1,3.576394E+0
4.208333E+1,3.577986E+0
4.211806E+1,3.579577E+0
4.215278E+1,3.581168E+0
4.218750E+1,3.582759E+0
4.222222E+1,3.584351E+0
4.225694E+1,3.585942E+0
4.229167E+1,3.587533E+0
4.232639E+1,3.589124E+0
4.236111E+1,3.590716E+0
4.239583E+1,3.592307E+0
4.243056E+1,3.593898E+0
4.246528E+1,3.595490E+0
4.250000E+1,3.597081E+0
4.253472E+1,3.598672E+0
4.256944E+1,3.600263E+0
4.260417E+1,3.601855E+0
4.263889E+1,3.603446E+0
4.267361E+1,3.605037E+0
4.270833E+1,3.606628E+0
4.274306E+1,3.608220E+0
4.277778E+1,3.609811E+0
4.281250E+1,3.611402E+0
4.284722E+1,3.612993E+0
4.288194E+1,3.614585E+0
4.291667E+1,3.616176E+0
4.295139E+1,3.617767E+0
4.298611E+1,3.619359E+0
4.302083E+1,3.620950E+0
4.305556E+1,3.622541E+0
4.309028E+1,3.624132E+0
4.312500E+1,3.625724E+0
4.315972E+1,3.627315E+0
4.319444E+1,3.628906E+0
4.322917E+1,3.630497E+0
4.326389E+1,3.632089E+0
4.329861E+1,3.633680E+0
4.333333E+1,3.635271E+0
4.336806E+1,3.636863E+0
4.340278E+1,3.638454E+0
4.343750E+1,3.640045E+0
4.347222E+1,3.641636E+0
4.350694E+1,3.643228E+0
4.354167E+1,3.644819E+0
4.357639E+1,3.646410E+0
4.361111E+1,3.648001E+0
4.364583E+1,3.649593E+0
4.368056E+1,3.651184E+0
4.371528E+1,3.652775E+0
4.375000E+1,3.654367E+0
4.378472E+1,3.655958E+0
4.381944E+1,3.657549E+0
4.385417E+1,3.659140E+0
4.388889E+1,3.660732E+0
4.392361E+1,3.662323E+0
4.395833E+1,3.663914E+0
4.399306E+1,3.665505E+0
4.402778E+1,3.667097E+0
4.406250E+1,3.668688E+0
4.409722E+1,3.670279E+0
4.413194E+1,3.671871E+0
4.416667E+1,3.673462E+0
4.420139E+1,3.675053E+0
4.423611E+1,3.676644E+0
4.427083E+1,3.678236E+0
4.430556E+1,3.679827E+0
4.434028E+1,3.681418E+0
4.437500E+1,3.683009E+0
4.440972E+1,3.684601E+0
4.444444E+1,3.686192E+0
4.447917E+1,3.687783E+0
4.451389E+1,3.689375E+0
4.454861E+1,3.690966E+0
4.458333E+1,3.692557E+0
4.461806E+1,3.694148E+0
4.465278E+1,3.695740E+0
4.468750E+1,3.697331E+0
4.472222E+1,3.698922E+0
4.475694E+1,3.700513E+0
4.479167E+1,3.702105E+0
4.482639E+1,3.703696E+0
4.486111E+1,3.705287E+0
4.489583E+1,3.706878E+0
4.493056E+1,3.708470E+0
4.496528E+1,3.710061E+0
4.500000E+1,3.711652E+0
4.503472E+1,3.713244E+0
4.506944E+1,3.714835E+0
4.510417E+1,3.716426E+0
4.513889E+1,3.718017E+0
4.517361E+1,3.719609E+0
4.520833E+1,3.721200E+0
4.524306E+1,3.722791E+0
4.527778E+1,3.724383E+0
4.531250E+1,3.725974E+0
4.534722E+1,3.727565E+0
4.538194E+1,3.729156E+0
4.541667E+1,3.730748E+0
4.545139E+1,3.732339E+0
4.548611E+1,3.733930E+0
4.552083E+1,3.735521E+0
4.555556E+1,3.737113E+0
4.559028E+1,3.734746E+0
4.562500E+1,3.731262E+0
4.565972E+1,3.727779E+0
4.569444E+1,3.724295E+0
4.572917E+1,3.720811E+0
4.576389E+1,3.717327E+0
4.579861E+1,3.713844E+0
4.583333E+1,3.710360E+0
4.586806E+1,3.706876E+0
4.590278E+1,3.703392E+0
4.593750E+1,3.699908E+0
4.597222E+1,3.696425E+0
4.600694E+1,3.692941E+0
4.604167E+1,3.689457E+0
4.607639E+1,3.685973E+0
4.611111E+1,3.682490E+0
4.614583E+1,3.679006E+0
4.618056E+1,3.675522E+0
4.621528E+1,3.672038E+0
4.625000E+1,3.668554E+0
4.628472E+1,3.665071E+0
4.631944E+1,3.661587E+0
4.635417E+1,3.658103E+0
4.638889E+1,3.654619E+0
4.642361E+1,3.651136E+0
4.645833E+1,3.647652E+0
4.649306E+1,3.644168E+0
4.652778E+1,3.640684E+0
4.656250E+1,3.637201E+0
4.659722E+1,3.633717E+0
4.663194E+1,3.630233E+0
4.666667E+1,3.626749E+0
4.670139E+1,3.623265E+0
4.673611E+1,3.619782E+0
4.677083E+1,3.616298E+0
4.680556E+1,3.612814E+0
4.684028E+1,3.609330E+0
4.687500E+1,3.605847E+0
4.690972E+1,3.602363E+0
4.694444E+1,3.598879E+0
4.697917E+1,3.595395E+0
4.701389E+1,3.591911E+0
4.704861E+1,3.588428E+0
4.708333E+1,3.584944E+0
4.711806E+1,3.581460E+0
4.715278E+1,3.577976E+0
4.718750E+1,3.574493E+0
4.722222E+1,3.571009E+0
4.725694E+1,3.567525E+0
4.729167E+1,3.564041E+0
4.732639E+1,3.560557E+0
4.736111E+1,3.557074E+0
4.739583E+1,3.553590E+0
4.743056E+1,3.550106E+0
4.746528E+1,3.546622E+0
4.750000E+1,3.543139E+0
4.753472E+1,3.539655E+0
4.756944E+1,3.536171E+0
4.760417E+1,3.532687E+0
4.763889E+1,3.529203E+0
4.767361E+1,3.525720E+0
4.770833E+1,3.522236E+0
4.774306E+1,3.518752E+0
4.777778E+1,3.515268E+0
4.781250E+1,3.511785E+0
4.784722E+1,3.508301E+0
4.788194E+1,3.504817E+0
4.791667E+1,3.501333E+0
4.795139E+1,3.497849E+0
4.798611E+1,3.494366E+0
4.802083E+1,3.490882E+0
4.805556E+1,3.487398E+0
4.809028E+1,3.483914E+0
4.812500E+1,3.480431E+0
4.815972E+1,3.476947E+0
4.819444E+1,3.473463E+0
4.822917E+1,3.469979E+0
4.826389E+1,3.466496E+0
4.829861E+1,3.463012E+0
4.833333E+1,3.459528E+0
4.836806E+1,3.456044E+0
4.840278E+1,3.452560E+0
4.843750E+1,3.449077E+0
4.847222E+1,3.445593E+0
4.850694E+1,3.442109E+0
4.854167E+1,3.438625E+0
4.857639E+1,3.435142E+0
4.861111E+1,3.431658E+0
4.864583E+1,3.428174E+0
4.868056E+1,3.424690E+0
4.871528E+1,3.421206E+0
4.875000E+1,3.417723E+0
4.878472E+1,3.414239E+0
4.881944E+1,3.410755E+0
4.885417E+1,3.407271E+0
4.888889E+1,3.403788E+0
4.892361E+1,3.400304E+0
4.895833E+1,3.396820E+0
4.899306E+1,3.393336E+0
4.902778E+1,3.389852E+0
4.906250E+1,3.386369E+0
4.909722E+1,3.382885E+0
4.913194E+1,3.379401E+0
4.916667E+1,3.375917E+0
4.920139E+1,3.372434E+0
4.923611E+1,3.368950E+0
4.927083E+1,3.365466E+0
4.930556E+1,3.361982E+0
4.934028E+1,3.358498E+0
4.937500E+1,3.355015E+0
4.940972E+1,3.351531E+0
4.944444E+1,3.348047E+0
4.947917E+1,3.344563E+0
4.951389E+1,3.341080E+0
4.954861E+1,3.337596E+0
4.958333E+1,3.334112E+0
4.961806E+1,3.330628E+0
4.965278E+1,3.327144E+0
4.968750E+1,3.323661E+0
4.972222E+1,3.320177E+0
4.975694E+1,3.316693E+0
4.979167E+1,3.313209E+0
4.982639E+1,3.309726E+0
4.986111E+1,3.306242E+0
4.989583E+1,3.305141E+0
4.993056E+1,3.309364E+0
4.996528E+1,3.313587E+0
5.000000E+1,3.317811E+0
5.003472E+1,3.322034E+0
5.006944E+1,3.326258E+0
5.010417E+1,3.330481E+0
5.013889E+1,3.334705E+0
5.017361E+1,3.338928E+0
5.020833E+1,3.343151E+0
5.024306E+1,3.347375E+0
5.027778E+1,3.351598E+0
5.031250E+1,3.355822E+0
5.034722E+1,3.360045E+0
5.038194E+1,3.364269E+0
5.041667E+1,3.368492E+0
5.045139E+1,3.372716E+0
5.048611E+1,3.376939E+0
5.052083E+1,3.381162E+0
5.055556E+1,3.385386E+0
5.059028E+1,3.389609E+0
5.062500E+1,3.393833E+0
5.065972E+1,3.398056E+0
5.069444E+1,3.402280E+0
5.072917E+1,3.406503E+0
5.076389E+1,3.410727E+0
5.079861E+1,3.414950E+0
5.083333E+1,3.419173E+0
5.086806E+1,3.423397E+0
5.090278E+1,3.427620E+0
5.093750E+1,3.431844E+0
5.097222E+1,3.436067E+0
5.100694E+1,3.440291E+0
5.104167E+1,3.444514E+0
5.107639E+1,3.448738E+0
5.111111E+1,3.452961E+0
5.114583E+1,3.457184E+0
5.118056E+1,3.461408E+0
5.121528E+1,3.465631E+0
5.125000E+1,3.469855E+0
5.128472E+1,3.474078E+0
5.131944E+1,3.478302E+0
5.135417E+1,3.482525E+0
5.138889E+1,3.486749E+0
5.142361E+1,3.490972E+0
5.145833E+1,3.495195E+0
5.149306E+1,3.499419E+0
5.152778E+1,3.503642E+0
5.156250E+1,3.507866E+0
5.159722E+1,3.512089E+0
5.163194E+1,3.516313E+0
5.166667E+1,3.520536E+0
5.170139E+1,3.524759E+0
5.173611E+1,3.528983E+0
5.177083E+1,3.533206E+0
5.180556E+1,3.537430E+0
5.184028E+1,3.541653E+0
5.187500E+1,3.545877E+0
5.190972E+1,3.550100E+0
5.194444E+1,3.554324E+0
5.197917E+1,3.558547E+0
5.201389E+1,3.562770E+0
5.204861E+1,3.566994E+0
5.208333E+1,3.571217E+0
5.211806E+1,3.575441E+0
5.215278E+1,3.579664E+0
5.218750E+1,3.583888E+0
5.222222E+1,3.588111E+0
5.225694E+1,3.592334E+0
5.229167E+1,3.596558E+0
5.232639E+1,3.600781E+0
5.236111E+1,3.605005E+0
5.239583E+1,3.609228E+0
5.243056E+1,3.613452E+0
5.246528E+1,3.617675E+0
5.250000E+1,3.621899E+0
5.253472E+1,3.626122E+0
5.256944E+1,3.630345E+0
5.260417E+1,3.634569E+0
5.263889E+1,3.638792E+0
5.267361E+1,3.643016E+0
5.270833E+1,3.647239E+0
5.274306E+1,3.651463E+0
5.277778E+1,3.655686E+0
5.281250E+1,3.659910E+0
5.284722E+1,3.664133E+0
5.288194E+1,3.668356E+0
5.291667E+1,3.672580E+0
5.295139E+1,3.676803E+0
5.298611E+1,3.681027E+0
5.302083E+1,3.685250E+0
5.305556E+1,3.689474E+0
5.309028E+1,3.693697E+0
5.312500E+1,3.697921E+0
5.315972E+1,3.702144E+0
5.319444E+1,3.706367E+0
5.322917E+1,3.710591E+0
5.326389E+1,3.714814E+0
5.329861E+1,3.719038E+0
5.333333E+1,3.723261E+0
5.336806E+1,3.727485E+0
5.340278E+1,3.731708E+0
5.343750E+1,3.735932E+0
5.347222E+1,3.740155E+0
5.350694E+1,3.744378E+0
5.354167E+1,3.748602E+0
5.357639E+1,3.752825E+0
5.361111E+1,3.757049E+0
5.364583E+1,3.761272E+0
5.368056E+1,3.765496E+0
5.371528E+1,3.769719E+0
5.375000E+1,3.773942E+0
5.378472E+1,3.778166E+0
5.381944E+1,3.782389E+0
5.385417E+1,3.786613E+0
5.388889E+1,3.790836E+0
5.392361E+1,3.795060E+0
5.395833E+1,3.799283E+0
5.399306E+1,3.803507E+0
5.402778E+1,3.807730E+0
5.406250E+1,3.811953E+0
5.409722E+1,3.816177E+0
5.413194E+1,3.820400E+0
5.416667E+1,3.824624E+0
5.420139E+1,3.828847E+0
5.423611E+1,3.833071E+0
5.427083E+1,3.837294E+0
5.430556E+1,3.842463E+0
5.434028E+1,3.851616E+0
5.437500E+1,3.860769E+0
5.440972E+1,3.869922E+0
5.444444E+1,3.879076E+0
5.447917E+1,3.888229E+0
5.451389E+1,3.897383E+0
5.454861E+1,3.906536E+0
5.458333E+1,3.915689E+0
5.461806E+1,3.924843E+0
5.465278E+1,3.933996E+0
5.468750E+1,3.943149E+0
5.472222E+1,3.952303E+0
5.475694E+1,3.961456E+0
5.479167E+1,3.970609E+0
5.482639E+1,3.979763E+0
5.486111E+1,3.988916E+0
5.489583E+1,3.998069E+0
5.493056E+1,4.007223E+0
5.496528E+1,4.016376E+0
5.500000E+1,4.025529E+0
5.503472E+1,4.034683E+0
5.506944E+1,4.043836E+0
5.510417E+1,4.052989E+0
5.513889E+1,4.062143E+0
5.517361E+1,4.071296E+0
5.520833E+1,4.080449E+0
5.524306E+1,4.089603E+0
5.527778E+1,4.098756E+0
5.531250E+1,4.107909E+0
5.534722E+1,4.117063E+0
5.538194E+1,4.126216E+0
5.541667E+1,4.135370E+0
5.545139E+1,4.144523E+0
5.548611E+1,4.153676E+0
5.552083E+1,4.162829E+0
5.555556E+1,4.171983E+0
5.559028E+1,4.181136E+0
5.562500E+1,4.190290E+0
5.565972E+1,4.199443E+0
5.569444E+1,4.208596E+0
5.572917E+1,4.217750E+0
5.576389E+1,4.226903E+0
5.579861E+1,4.236056E+0
5.583333E+1,4.245209E+0
5.586806E+1,4.254363E+0
5.590278E+1,4.263516E+0
5.593750E+1,4.272670E+0
5.597222E+1,4.281823E+0
5.600694E+1,4.290976E+0
5.604167E+1,4.300130E+0
5.607639E+1,4.309283E+0
5.611111E+1,4.318436E+0
5.614583E+1,4.327590E+0
5.618056E+1,4.336743E+0
5.621528E+1,4.345896E+0
5.625000E+1,4.355050E+0
5.628472E+1,4.364203E+0
5.631944E+1,4.373356E+0
5.635417E+1,4.382510E+0
5.638889E+1,4.391663E+0
5.642361E+1,4.400816E+0
5.645833E+1,4.409970E+0
5.649306E+1,4.419123E+0
5.652778E+1,4.428276E+0
5.656250E+1,4.437430E+0
5.659722E+1,4.446583E+0
5.663194E+1,4.455736E+0
5.666667E+1,4.464890E+0
5.670139E+1,4.474043E+0
5.673611E+1,4.483196E+0
5.677083E+1,4.492350E+0
5.680556E+1,4.501503E+0
5.684028E+1,4.510657E+0
5.687500E+1,4.519810E+0
5.690972E+1,4.528963E+0
5.694444E+1,4.538116E+0
5.697917E+1,4.547270E+0
5.701389E+1,4.556423E+0
5.704861E+1,4.565576E+0
5.708333E+1,4.574730E+0
5.711806E+1,4.583883E+0
5.715278E+1,4.593037E+0
5.718750E+1,4.602190E+0
5.722222E+1,4.611343E+0
5.725694E+1,4.620496E+0
5.729167E+1,4.629650E+0
5.732639E+1,4.638803E+0
5.736111E+1,4.647957E+0
5.739583E+1,4.657110E+0
5.743056E+1,4.666263E+0
5.746528E+1,4.675417E+0
5.750000E+1,4.684570E+0
5.753472E+1,4.693723E+0
5.756944E+1,4.702877E+0
5.760417E+1,4.712030E+0
5.763889E+1,4.721183E+0
5.767361E+1,4.730337E+0
5.770833E+1,4.739490E+0
5.774306E+1,4.748643E+0
5.777778E+1,4.757797E+0
5.781250E+1,4.766950E+0
5.784722E+1,4.776103E+0
5.788194E+1,4.785257E+0
5.791667E+1,4.794410E+0
5.795139E+1,4.803563E+0
5.798611E+1,4.812717E+0
5.802083E+1,4.821870E+0
5.805556E+1,4.831024E+0
5.809028E+1,4.840177E+0
5.812500E+1,4.849330E+0
5.815972E+1,4.858483E+0
5.819444E+1,4.867637E+0
5.822917E+1,4.876790E+0
5.826389E+1,4.885944E+0
5.829861E+1,4.895097E+0
5.833333E+1,4.904250E+0
5.836806E+1,4.913404E+0
5.840278E+1,4.922557E+0
5.843750E+1,4.931710E+0
5.847222E+1,4.940863E+0
5.850694E+1,4.950017E+0
5.854167E+1,4.959452E+0
5.857639E+1,4.969361E+0
5.861111E+1,4.979270E+0
5.864583E+1,4.989179E+0
5.868056E+1,4.999088E+0
5.871528E+1,5.008997E+0
5.875000E+1,5.018905E+0
5.878472E+1,5.028814E+0
5.881944E+1,5.038723E+0
5.885417E+1,5.048632E+0
5.888889E+1,5.058541E+0
5.892361E+1,5.068450E+0
5.895833E+1,5.078358E+0
5.899306E+1,5.088267E+0
5.902778E+1,5.098176E+0
5.906250E+1,5.108085E+0
5.909722E+1,5.117994E+0
5.913194E+1,5.127903E+0
5.916667E+1,5.137812E+0
5.920139E+1,5.147720E+0
5.923611E+1,5.157629E+0
5.927083E+1,5.167538E+0
5.930556E+1,5.177447E+0
5.934028E+1,5.187356E+0
5.937500E+1,5.197265E+0
5.940972E+1,5.207173E+0
5.944444E+1,5.217082E+0
5.947917E+1,5.226991E+0
5.951389E+1,5.236900E+0
5.954861E+1,5.246809E+0
5.958333E+1,5.256718E+0
5.961806E+1,5.266627E+0
5.965278E+1,5.276535E+0
5.968750E+1,5.286444E+0
5.972222E+1,5.296353E+0
5.975694E+1,5.306262E+0
5.979167E+1,5.316171E+0
5.982639E+1,5.326080E+0
5.986111E+1,5.335988E+0
5.989583E+1,5.345897E+0
5.993056E+1,5.355806E+0
5.996528E+1,5.365715E+0
6.000000E+1,5.375624E+0
6.003472E+1,5.385533E+0
6.006944E+1,5.395441E+0
6.010417E+1,5.405350E+0
6.013889E+1,5.415259E+0
6.017361E+1,5.425168E+0
6.020833E+1,5.435077E+0
6.024306E+1,5.444986E+0
6.027778E+1,5.454895E+0
6.031250E+1,5.464803E+0
6.034722E+1,5.474712E+0
6.038194E+1,5.484621E+0
6.041667E+1,5.494530E+0
6.045139E+1,5.504439E+0
6.048611E+1,5.514348E+0
6.052083E+1,5.524256E+0
6.055556E+1,5.534165E+0
6.059028E+1,5.544074E+0
6.062500E+1,5.553983E+0
6.065972E+1,5.563892E+0
6.069444E+1,5.573801E+0
6.072917E+1,5.583710E+0
6.076389E+1,5.593618E+0
6.079861E+1,5.603527E+0
6.083333E+1,5.613436E+0
6.086806E+1,5.623345E+0
6.090278E+1,5.633254E+0
6.093750E+1,5.643163E+0
6.097222E+1,5.653071E+0
6.100694E+1,5.662980E+0
6.104167E+1,5.672889E+0
6.107639E+1,5.682798E+0
6.111111E+1,5.692707E+0
6.114583E+1,5.702616E+0
6.118056E+1,5.712525E+0
6.121528E+1,5.722433E+0
6.125000E+1,5.732342E+0
6.128472E+1,5.742251E+0
6.131944E+1,5.752160E+0
6.135417E+1,5.762069E+0
6.138889E+1,5.771978E+0
6.142361E+1,5.781886E+0
6.145833E+1,5.791795E+0
6.149306E+1,5.801704E+0
6.152778E+1,5.811613E+0
6.156250E+1,5.821522E+0
6.159722E+1,5.831431E+0
6.163194E+1,5.841339E+0
6.166667E+1,5.851248E+0
6.170139E+1,5.861157E+0
6.173611E+1,5.871066E+0
6.177083E+1,5.880975E+0
6.180556E+1,5.890884E+0
6.184028E+1,5.900793E+0
6.187500E+1,5.910701E+0
6.190972E+1,5.920610E+0
6.194444E+1,5.930519E+0
6.197917E+1,5.940428E+0
6.201389E+1,5.950337E+0
6.204861E+1,5.960246E+0
6.208333E+1,5.970154E+0
6.211806E+1,5.980064E+0
6.215278E+1,5.989972E+0
6.218750E+1,5.999881E+0
6.222222E+1,6.009790E+0
6.225694E+1,6.019699E+0
6.229167E+1,6.029608E+0
6.232639E+1,6.039516E+0
6.236111E+1,6.049425E+0
6.239583E+1,6.059334E+0
6.243056E+1,6.069243E+0
6.246528E+1,6.079152E+0
6.250000E+1,6.089061E+0
6.253472E+1,6.098969E+0
6.256944E+1,6.108878E+0
6.260417E+1,6.118787E+0
6.263889E+1,6.128696E+0
6.267361E+1,6.138605E+0
6.270833E+1,6.148514E+0
6.274306E+1,6.158423E+0
6.277778E+1,6.168332E+0
6.281250E+1,6.178240E+0
6.284722E+1,6.188149E+0
6.288194E+1,6.198058E+0
6.291667E+1,6.207967E+0
6.295139E+1,6.214319E+0
6.298611E+1,6.210334E+0
6.302083E+1,6.206349E+0
6.305556E+1,6.202363E+0
6.309028E+1,6.198378E+0
6.312500E+1,6.194393E+0
6.315972E+1,6.190408E+0
6.319444E+1,6.186423E+0
6.322917E+1,6.182438E+0
6.326389E+1,6.178453E+0
6.329861E+1,6.174467E+0
6.333333E+1,6.170482E+0
6.336806E+1,6.166497E+0
6.340278E+1,6.162512E+0
6.343750E+1,6.158527E+0
6.347222E+1,6.154542E+0
6.350694E+1,6.150557E+0
6.354167E+1,6.146571E+0
6.357639E+1,6.142586E+0
6.361111E+1,6.138601E+0
6.364583E+1,6.134616E+0
6.368056E+1,6.130631E+0
6.371528E+1,6.126646E+0
6.375000E+1,6.122661E+0
6.378472E+1,6.118676E+0
6.381944E+1,6.114690E+0
6.385417E+1,6.110705E+0
6.388889E+1,6.106720E+0
6.392361E+1,6.102735E+0
6.395833E+1,6.098750E+0
6.399306E+1,6.094765E+0
6.402778E+1,6.090780E+0
6.406250E+1,6.086795E+0
6.409722E+1,6.082809E+0
6.413194E+1,6.078824E+0
6.416667E+1,6.074839E+0
6.420139E+1,6.070854E+0
6.423611E+1,6.066869E+0
6.427083E+1,6.062884E+0
6.430556E+1,6.058899E+0
6.434028E+1,6.054913E+0
6.437500E+1,6.050928E+0
6.440972E+1,6.046943E+0
6.444444E+1,6.042958E+0
6.447917E+1,6.038973E+0
6.451389E+1,6.034988E+0
6.454861E+1,6.031003E+0
6.458333E+1,6.027018E+0
6.461806E+1,6.023032E+0
6.465278E+1,6.019047E+0
6.468750E+1,6.015062E+0
6.472222E+1,6.011077E+0
6.475694E+1,6.007092E+0
6.479167E+1,6.003107E+0
6.482639E+1,5.999122E+0
6.486111E+1,5.995136E+0
6.489583E+1,5.991151E+0
6.493056E+1,5.987166E+0
6.496528E+1,5.983181E+0
6.500000E+1,5.979196E+0
6.503472E+1,5.975211E+0
6.506944E+1,5.971226E+0
6.510417E+1,5.967240E+0
6.513889E+1,5.963255E+0
6.517361E+1,5.959270E+0
6.520833E+1,5.955285E+0
6.524306E+1,5.951300E+0
6.527778E+1,5.947315E+0
6.531250E+1,5.943330E+0
6.534722E+1,5.939345E+0
6.538194E+1,5.935359E+0
6.541667E+1,5.931374E+0
6.545139E+1,5.927389E+0
6.548611E+1,5.923404E+0
6.552083E+1,5.919419E+0
6.555556E+1,5.915434E+0
6.559028E+1,5.911449E+0
6.562500E+1,5.907463E+0
6.565972E+1,5.903478E+0
6.569444E+1,5.899493E+0
6.572917E+1,5.895508E+0
6.576389E+1,5.891523E+0
6.579861E+1,5.887538E+0
6.583333E+1,5.883553E+0
6.586806E+1,5.879567E+0
6.590278E+1,5.875582E+0
6.593750E+1,5.871597E+0
6.597222E+1,5.867612E+0
6.600694E+1,5.863627E+0
6.604167E+1,5.859642E+0
6.607639E+1,5.855657E+0
6.611111E+1,5.851672E+0
6.614583E+1,5.847686E+0
6.618056E+1,5.843701E+0
6.621528E+1,5.839716E+0
6.625000E+1,5.835731E+0
6.628472E+1,5.831746E+0
6.631944E+1,5.827761E+0
6.635417E+1,5.823776E+0
6.638889E+1,5.819790E+0
6.642361E+1,5.815805E+0
6.645833E+1,5.811820E+0
6.649306E+1,5.807835E+0
6.652778E+1,5.803850E+0
6.656250E+1,5.799865E+0
6.659722E+1,5.795880E+0
6.663194E+1,5.791895E+0
6.666667E+1,5.787909E+0
6.670139E+1,5.783924E+0
6.673611E+1,5.779939E+0
6.677083E+1,5.775954E+0
6.680556E+1,5.771969E+0
6.684028E+1,5.767984E+0
6.687500E+1,5.763999E+0
6.690972E+1,5.760014E+0
6.694444E+1,5.756028E+0
6.697917E+1,5.752043E+0
6.701389E+1,5.748058E+0
6.704861E+1,5.744073E+0
6.708333E+1,5.739885E+0
6.711806E+1,5.733415E+0
6.715278E+1,5.726945E+0
6.718750E+1,5.720475E+0
6.722222E+1,5.714005E+0
6.725694E+1,5.707535E+0
6.729167E+1,5.701065E+0
6.732639E+1,5.694595E+0
6.736111E+1,5.688125E+0
6.739583E+1,5.681655E+0
6.743056E+1,5.675185E+0
6.746528E+1,5.668715E+0
6.750000E+1,5.662245E+0
6.753472E+1,5.655775E+0
6.756944E+1,5.649305E+0
6.760417E+1,5.642835E+0
6.763889E+1,5.636365E+0
6.767361E+1,5.629895E+0
6.770833E+1,5.623425E+0
6.774306E+1,5.616954E+0
6.777778E+1,5.610485E+0
6.781250E+1,5.604015E+0
6.784722E+1,5.597545E+0
6.788194E+1,5.591075E+0
6.791667E+1,5.584604E+0
6.795139E+1,5.578134E+0
6.798611E+1,5.571664E+0
6.802083E+1,5.565194E+0
6.805556E+1,5.558724E+0
6.809028E+1,5.552254E+0
6.812500E+1,5.545784E+0
6.815972E+1,5.539314E+0
6.819444E+1,5.532844E+0
6.822917E+1,5.526374E+0
6.826389E+1,5.519904E+0
6.829861E+1,5.513434E+0
6.833333E+1,5.506964E+0
6.836806E+1,5.500494E+0
6.840278E+1,5.494024E+0
6.843750E+1,5.487554E+0
6.847222E+1,5.481084E+0
6.850694E+1,5.474614E+0
6.854167E+1,5.468144E+0
6.857639E+1,5.461674E+0
6.861111E+1,5.455204E+0
6.864583E+1,5.448734E+0
6.868056E+1,5.442264E+0
6.871528E+1,5.435794E+0
6.875000E+1,5.429324E+0
6.878472E+1,5.422854E+0
6.881944E+1,5.416384E+0
6.885417E+1,5.409914E+0
6.888889E+1,5.403444E+0
6.892361E+1,5.396974E+0
6.895833E+1,5.390504E+0
6.899306E+1,5.384034E+0
6.902778E+1,5.377564E+0
6.906250E+1,5.371094E+0
6.909722E+1,5.364624E+0
6.913194E+1,5.358154E+0
6.916667E+1,5.351684E+0
6.920139E+1,5.345214E+0
6.923611E+1,5.338744E+0
6.927083E+1,5.332274E+0
6.930556E+1,5.325803E+0
6.934028E+1,5.319333E+0
6.937500E+1,5.312863E+0
6.940972E+1,5.306393E+0
6.944444E+1,5.299923E+0
6.947917E+1,5.293453E+0
6.951389E+1,5.286983E+0
6.954861E+1,5.280513E+0
6.958333E+1,5.274043E+0
6.961806E+1,5.267573E+0
6.965278E+1,5.261103E+0
6.968750E+1,5.254633E+0
6.972222E+1,5.248163E+0
6.975694E+1,5.241693E+0
6.979167E+1,5.235223E+0
6.982639E+1,5.228753E+0
6.986111E+1,5.222283E+0
6.989583E+1,5.215813E+0
6.993056E+1,5.209343E+0
6.996528E+1,5.202873E+0
7.000000E+1,5.196403E+0
7.003472E+1,5.189933E+0
7.006944E+1,5.183463E+0
7.010417E+1,5.176993E+0
7.013889E+1,5.170523E+0
7.017361E+1,5.164053E+0
7.020833E+1,5.157583E+0
7.024306E+1,5.151113E+0
7.027778E+1,5.144643E+0
7.031250E+1,5.138173E+0
7.034722E+1,5.131703E+0
7.038194E+1,5.125233E+0
7.041667E+1,5.118763E+0
7.045139E+1,5.112293E+0
7.048611E+1,5.105823E+0
7.052083E+1,5.099353E+0
7.055556E+1,5.092882E+0
7.059028E+1,5.086413E+0
7.062500E+1,5.079943E+0
7.065972E+1,5.073473E+0
7.069444E+1,5.067003E+0
7.072917E+1,5.060532E+0
7.076389E+1,5.054062E+0
7.079861E+1,5.047592E+0
7.083333E+1,5.041122E+0
7.086806E+1,5.034652E+0
7.090278E+1,5.028182E+0
7.093750E+1,5.021712E+0
7.097222E+1,5.015242E+0
7.100694E+1,5.008772E+0
7.104167E+1,5.002302E+0
7.107639E+1,4.995832E+0
7.111111E+1,4.989362E+0
7.114583E+1,4.982892E+0
7.118056E+1,4.976422E+0
7.121528E+1,4.969952E+0
7.125000E+1,4.963482E+0
7.128472E+1,4.957012E+0
7.131944E+1,4.950542E+0
7.135417E+1,4.944072E+0
7.138889E+1,4.937602E+0
7.142361E+1,4.931678E+0
7.145833E+1,4.926098E+0
7.149306E+1,4.920518E+0
7.152778E+1,4.914937E+0
7.156250E+1,4.909357E+0
7.159722E+1,4.903777E+0
7.163194E+1,4.898197E+0
7.166667E+1,4.892616E+0
7.170139E+1,4.887036E+0
7.173611E+1,4.881456E+0
7.177083E+1,4.875876E+0
7.180556E+1,4.870295E+0
7.184028E+1,4.864715E+0
7.187500E+1,4.859135E+0
7.190972E+1,4.853555E+0
7.194444E+1,4.847974E+0
7.197917E+1,4.842394E+0
7.201389E+1,4.836814E+0
7.204861E+1,4.831234E+0
7.208333E+1,4.825653E+0
7.211806E+1,4.820073E+0
7.215278E+1,4.814493E+0
7.218750E+1,4.808913E+0
7.222222E+1,4.803332E+0
7.225694E+1,4.797752E+0
7.229167E+1,4.792172E+0
7.232639E+1,4.786592E+0
7.236111E+1,4.781011E+0
7.239583E+1,4.775431E+0
7.243056E+1,4.769851E+0
7.246528E+1,4.764271E+0
7.250000E+1,4.758690E+0
7.253472E+1,4.753110E+0
7.256944E+1,4.747530E+0
7.260417E+1,4.741950E+0
7.263889E+1,4.736369E+0
7.267361E+1,4.730789E+0
7.270833E+1,4.725209E+0
7.274306E+1,4.719629E+0
7.277778E+1,4.714048E+0
7.281250E+1,4.708468E+0
7.284722E+1,4.702888E+0
7.288194E+1,4.697308E+0
7.291667E+1,4.691727E+0
7.295139E+1,4.686147E+0
7.298611E+1,4.680567E+0
7.302083E+1,4.674987E+0
7.305556E+1,4.669406E+0
7.309028E+1,4.663826E+0
7.312500E+1,4.658246E+0
7.315972E+1,4.652666E+0
7.319444E+1,4.647086E+0
7.322917E+1,4.641505E+0
7.326389E+1,4.635925E+0
7.329861E+1,4.630345E+0
7.333333E+1,4.624764E+0
7.336806E+1,4.619184E+0
7.340278E+1,4.613604E+0
7.343750E+1,4.608024E+0
7.347222E+1,4.602443E+0
7.350694E+1,4.596863E+0
7.354167E+1,4.591283E+0
7.357639E+1,4.585703E+0
7.361111E+1,4.580122E+0
7.364583E+1,4.574542E+0
7.368056E+1,4.568962E+0
7.371528E+1,4.563382E+0
7.375000E+1,4.557801E+0
7.378472E+1,4.552221E+0
7.381944E+1,4.546641E+0
7.385417E+1,4.541061E+0
7.388889E+1,4.535480E+0
7.392361E+1,4.529900E+0
7.395833E+1,4.524320E+0
7.399306E+1,4.518740E+0
7.402778E+1,4.513159E+0
7.406250E+1,4.507579E+0
7.409722E+1,4.501999E+0
7.413194E+1,4.496419E+0
7.416667E+1,4.490838E+0
7.420139E+1,4.485258E+0
7.423611E+1,4.479678E+0
7.427083E+1,4.474098E+0
7.430556E+1,4.468517E+0
7.434028E+1,4.462937E+0
7.437500E+1,4.457357E+0
7.440972E+1,4.451777E+0
7.444444E+1,4.446197E+0
7.447917E+1,4.440616E+0
7.451389E+1,4.435036E+0
7.454861E+1,4.429456E+0
7.458333E+1,4.423876E+0
7.461806E+1,4.418295E+0
7.465278E+1,4.412715E+0
7.468750E+1,4.407135E+0
7.472222E+1,4.401555E+0
7.475694E+1,4.395974E+0
7.479167E+1,4.390394E+0
7.482639E+1,4.384814E+0
7.486111E+1,4.379234E+0
7.489583E+1,4.373653E+0
7.493056E+1,4.368073E+0
7.496528E+1,4.362493E+0
7.500000E+1,4.356913E+0
7.503472E+1,4.351332E+0
7.506944E+1,4.345752E+0
7.510417E+1,4.340172E+0
7.513889E+1,4.334592E+0
7.517361E+1,4.329011E+0
7.520833E+1,4.323431E+0
7.524306E+1,4.317851E+0
7.527778E+1,4.312271E+0
7.531250E+1,4.306690E+0
7.534722E+1,4.301110E+0
7.538194E+1,4.295530E+0
7.541667E+1,4.289950E+0
7.545139E+1,4.284369E+0
7.548611E+1,4.278789E+0
7.552083E+1,4.273209E+0
7.555556E+1,4.267629E+0
7.559028E+1,4.262048E+0
7.562500E+1,4.256468E+0
7.565972E+1,4.250888E+0
7.569444E+1,4.245308E+0
7.572917E+1,4.239727E+0
7.576389E+1,4.234147E+0
7.579861E+1,4.228567E+0
7.583333E+1,4.222987E+0
7.586806E+1,4.217406E+0
7.590278E+1,4.211826E+0
7.593750E+1,4.206246E+0
7.597222E+1,4.200666E+0
7.600694E+1,4.195085E+0
7.604167E+1,4.189505E+0
7.607639E+1,4.183925E+0
7.611111E+1,4.177661E+0
7.614583E+1,4.170838E+0
7.618056E+1,4.164015E+0
7.621528E+1,4.157193E+0
7.625000E+1,4.150370E+0
7.628472E+1,4.143548E+0
7.631944E+1,4.136725E+0
7.635417E+1,4.129902E+0
7.638889E+1,4.123080E+0
7.642361E+1,4.116257E+0
7.645833E+1,4.109435E+0
7.649306E+1,4.102612E+0
7.652778E+1,4.095789E+0
7.656250E+1,4.088967E+0
7.659722E+1,4.082144E+0
7.663194E+1,4.075322E+0
7.666667E+1,4.068499E+0
7.670139E+1,4.061676E+0
7.673611E+1,4.054854E+0
7.677083E+1,4.048031E+0
7.680556E+1,4.041208E+0
7.684028E+1,4.034386E+0
7.687500E+1,4.027563E+0
7.690972E+1,4.020741E+0
7.694444E+1,4.013918E+0
7.697917E+1,4.007095E+0
7.701389E+1,4.000273E+0
7.704861E+1,3.993450E+0
7.708333E+1,3.986627E+0
7.711806E+1,3.979805E+0
7.715278E+1,3.972982E+0
7.718750E+1,3.966160E+0
7.722222E+1,3.959337E+0
7.725694E+1,3.952514E+0
7.729167E+1,3.945692E+0
7.732639E+1,3.938869E+0
7.736111E+1,3.932046E+0
7.739583E+1,3.925224E+0
7.743056E+1,3.918401E+0
7.746528E+1,3.911579E+0
7.750000E+1,3.904756E+0
7.753472E+1,3.897933E+0
7.756944E+1,3.891111E+0
7.760417E+1,3.884288E+0
7.763889E+1,3.877465E+0
7.767361E+1,3.870643E+0
7.770833E+1,3.863820E+0
7.774306E+1,3.856998E+0
7.777778E+1,3.850175E+0
7.781250E+1,3.843352E+0
7.784722E+1,3.836530E+0
7.788194E+1,3.829707E+0
7.791667E+1,3.822884E+0
7.795139E+1,3.816062E+0
7.798611E+1,3.809239E+0
7.802083E+1,3.802417E+0
7.805556E+1,3.795594E+0
7.809028E+1,3.788771E+0
7.812500E+1,3.781949E+0
7.815972E+1,3.775126E+0
7.819444E+1,3.768304E+0
7.822917E+1,3.761481E+0
7.826389E+1,3.754658E+0
7.829861E+1,3.747836E+0
7.833333E+1,3.741013E+0
7.836806E+1,3.734190E+0
7.840278E+1,3.727368E+0
7.843750E+1,3.720545E+0
7.847222E+1,3.713723E+0
7.850694E+1,3.706900E+0
7.854167E+1,3.700077E+0
7.857639E+1,3.693255E+0
7.861111E+1,3.686432E+0
7.864583E+1,3.679609E+0
7.868056E+1,3.672787E+0
7.871528E+1,3.665964E+0
7.875000E+1,3.659142E+0
7.878472E+1,3.652319E+0
7.881944E+1,3.645496E+0
7.885417E+1,3.638674E+0
7.888889E+1,3.631851E+0
7.892361E+1,3.625028E+0
7.895833E+1,3.618206E+0
7.899306E+1,3.611383E+0
7.902778E+1,3.604561E+0
7.906250E+1,3.597738E+0
7.909722E+1,3.590915E+0
7.913194E+1,3.584093E+0
7.916667E+1,3.577270E+0
7.920139E+1,3.570447E+0
7.923611E+1,3.563625E+0
7.927083E+1,3.556802E+0
7.930556E+1,3.549980E+0
7.934028E+1,3.543157E+0
7.937500E+1,3.536334E+0
7.940972E+1,3.529512E+0
7.944444E+1,3.522689E+0
7.947917E+1,3.515866E+0
7.951389E+1,3.509044E+0
7.954861E+1,3.502221E+0
7.958333E+1,3.495399E+0
7.961806E+1,3.488576E+0
7.965278E+1,3.481753E+0
7.968750E+1,3.474931E+0
7.972222E+1,3.468108E+0
7.975694E+1,3.461286E+0
7.979167E+1,3.454463E+0
7.982639E+1,3.447640E+0
7.986111E+1,3.440818E+0
7.989583E+1,3.433995E+0
7.993056E+1,3.427172E+0
7.996528E+1,3.420350E+0
8.000000E+1,3.413527E+0
8.003472E+1,3.406705E+0
8.006944E+1,3.399882E+0
8.010417E+1,3.393059E+0
8.013889E+1,3.386356E+0
8.017361E+1,3.383731E+0
8.020833E+1,3.381105E+0
8.024306E+1,3.378480E+0
8.027778E+1,3.375854E+0
8.031250E+1,3.373229E+0
8.034722E+1,3.370603E+0
8.038194E+1,3.367978E+0
8.041667E+1,3.365352E+0
8.045139E+1,3.362726E+0
8.048611E+1,3.360101E+0
8.052083E+1,3.357475E+0
8.055556E+1,3.354850E+0
8.059028E+1,3.352224E+0
8.062500E+1,3.349599E+0
8.065972E+1,3.346973E+0
8.069444E+1,3.344348E+0
8.072917E+1,3.341722E+0
8.076389E+1,3.339097E+0
8.079861E+1,3.336471E+0
8.083333E+1,3.333846E+0
8.086806E+1,3.331220E+0
8.090278E+1,3.328594E+0
8.093750E+1,3.325969E+0
8.097222E+1,3.323343E+0
8.100694E+1,3.320718E+0
8.104167E+1,3.318092E+0
8.107639E+1,3.315467E+0
8.111111E+1,3.312841E+0
8.114583E+1,3.310216E+0
8.118056E+1,3.307590E+0
8.121528E+1,3.304965E+0
8.125000E+1,3.302339E+0
8.128472E+1,3.299714E+0
8.131944E+1,3.297088E+0
8.135417E+1,3.294462E+0
8.138889E+1,3.291837E+0
8.142361E+1,3.289211E+0
8.145833E+1,3.286586E+0
8.149306E+1,3.283960E+0
8.152778E+1,3.281335E+0
8.156250E+1,3.278709E+0
8.159722E+1,3.276084E+0
8.163194E+1,3.273458E+0
8.166667E+1,3.270833E+0
8.170139E+1,3.268207E+0
8.173611E+1,3.265582E+0
8.177083E+1,3.262956E+0
8.180556E+1,3.260330E+0
8.184028E+1,3.257705E+0
8.187500E+1,3.255079E+0
8.190972E+1,3.252454E+0
8.194444E+1,3.249828E+0
8.197917E+1,3.247203E+0
8.201389E+1,3.244577E+0
8.204861E+1,3.241952E+0
8.208333E+1,3.239326E+0
8.211806E+1,3.236701E+0
8.215278E+1,3.234075E+0
8.218750E+1,3.231450E+0
8.222222E+1,3.228824E+0
8.225694E+1,3.226199E+0
8.229167E+1,3.223573E+0
8.232639E+1,3.220947E+0
8.236111E+1,3.218322E+0
8.239583E+1,3.215696E+0
8.243056E+1,3.213071E+0
8.246528E+1,3.210445E+0
8.250000E+1,3.207820E+0
8.253472E+1,3.205194E+0
8.256944E+1,3.202569E+0
8.260417E+1,3.199943E+0
8.263889E+1,3.197318E+0
8.267361E+1,3.194692E+0
8.270833E+1,3.192067E+0
8.274306E+1,3.189441E+0
8.277778E+1,3.186815E+0
8.281250E+1,3.184190E+0
8.284722E+1,3.181564E+0
8.288194E+1,3.178939E+0
8.291667E+1,3.176313E+0
8.295139E+1,3.173688E+0
8.298611E+1,3.171062E+0
8.302083E+1,3.168437E+0
8.305556E+1,3.165811E+0
8.309028E+1,3.163186E+0
8.312500E+1,3.160560E+0
8.315972E+1,3.157935E+0
8.319444E+1,3.155309E+0
8.322917E+1,3.152684E+0
8.326389E+1,3.150058E+0
8.329861E+1,3.147432E+0
8.333333E+1,3.144807E+0
8.336806E+1,3.142181E+0
8.340278E+1,3.139556E+0
8.343750E+1,3.136930E+0
8.347222E+1,3.134305E+0
8.350694E+1,3.131679E+0
8.354167E+1,3.129054E+0
8.357639E+1,3.126428E+0
8.361111E+1,3.123803E+0
8.364583E+1,3.121177E+0
8.368056E+1,3.118552E+0
8.371528E+1,3.115926E+0
8.375000E+1,3.113301E+0
8.378472E+1,3.110675E+0
8.381944E+1,3.108049E+0
8.385417E+1,3.105424E+0
8.388889E+1,3.102798E+0
8.392361E+1,3.100173E+0
8.395833E+1,3.097547E+0
8.399306E+1,3.094922E+0
8.402778E+1,3.092296E+0
8.406250E+1,3.089671E+0
8.409722E+1,3.087045E+0
8.413194E+1,3.084420E+0
8.416667E+1,3.081794E+0
8.420139E+1,3.079169E+0
8.423611E+1,3.076543E+0
8.427083E+1,3.073917E+0
8.430556E+1,3.071292E+0
8.434028E+1,3.068666E+0
8.437500E+1,3.066041E+0
8.440972E+1,3.063415E+0
8.444444E+1,3.060790E+0
8.447917E+1,3.058164E+0
8.451389E+1,3.055539E+0
8.454861E+1,3.052913E+0
8.458333E+1,3.050288E+0
8.461806E+1,3.047662E+0
8.465278E+1,3.048249E+0
8.468750E+1,3.057911E+0
8.472222E+1,3.067572E+0
8.475694E+1,3.077234E+0
8.479167E+1,3.086896E+0
8.482639E+1,3.096557E+0
8.486111E+1,3.106219E+0
8.489583E+1,3.115880E+0
8.493056E+1,3.125542E+0
8.496528E+1,3.135204E+0
8.500000E+1,3.144865E+0
8.503472E+1,3.154527E+0
8.506944E+1,3.164188E+0
8.510417E+1,3.173850E+0
8.513889E+1,3.183512E+0
8.517361E+1,3.193173E+0
8.520833E+1,3.202835E+0
8.524306E+1,3.212497E+0
8.527778E+1,3.222158E+0
8.531250E+1,3.231820E+0
8.534722E+1,3.241482E+0
8.538194E+1,3.251143E+0
8.541667E+1,3.260805E+0
8.545139E+1,3.270467E+0
8.548611E+1,3.280128E+0
8.552083E+1,3.289790E+0
8.555556E+1,3.299452E+0
8.559028E+1,3.309113E+0
8.562500E+1,3.318775E+0
8.565972E+1,3.328436E+0
8.569444E+1,3.338098E+0
8.572917E+1,3.347760E+0
8.576389E+1,3.357421E+0
8.579861E+1,3.367083E+0
8.583333E+1,3.376744E+0
8.586806E+1,3.386406E+0
8.590278E+1,3.396068E+0
8.593750E+1,3.405729E+0
8.597222E+1,3.415391E+0
8.600694E+1,3.425053E+0
8.604167E+1,3.434714E+0
8.607639E+1,3.444376E+0
8.611111E+1,3.454038E+0
8.614583E+1,3.463699E+0
8.618056E+1,3.473361E+0
8.621528E+1,3.483023E+0
8.625000E+1,3.492684E+0
8.628472E+1,3.502346E+0
8.631944E+1,3.512007E+0
8.635417E+1,3.521669E+0
8.638889E+1,3.531331E+0
8.642361E+1,3.540992E+0
8.645833E+1,3.550654E+0
8.649306E+1,3.560316E+0
8.652778E+1,3.569977E+0
8.656250E+1,3.579639E+0
8.659722E+1,3.589300E+0
8.663194E+1,3.598962E+0
8.666667E+1,3.608624E+0
8.670139E+1,3.618285E+0
8.673611E+1,3.627947E+0
8.677083E+1,3.637608E+0
8.680556E+1,3.647270E+0
8.684028E+1,3.656932E+0
8.687500E+1,3.666593E+0
8.690972E+1,3.676255E+0
8.694444E+1,3.685917E+0
8.697917E+1,3.695578E+0
8.701389E+1,3.705240E+0
8.704861E+1,3.714902E+0
8.708333E+1,3.724563E+0
8.711806E+1,3.734225E+0
8.715278E+1,3.743887E+0
8.718750E+1,3.753548E+0
8.722222E+1,3.763210E+0
8.725694E+1,3.772871E+0
8.729167E+1,3.782533E+0
8.732639E+1,3.792195E+0
8.736111E+1,3.801856E+0
8.739583E+1,3.811518E+0
8.743056E+1,3.821180E+0
8.746528E+1,3.830841E+0
8.750000E+1,3.840503E+0
8.753472E+1,3.850164E+0
8.756944E+1,3.859826E+0
8.760417E+1,3.869488E+0
8.763889E+1,3.879149E+0
8.767361E+1,3.888811E+0
8.770833E+1,3.898473E+0
8.774306E+1,3.908134E+0
8.777778E+1,3.917796E+0
8.781250E+1,3.927458E+0
8.784722E+1,3.937119E+0
8.788194E+1,3.946781E+0
8.791667E+1,3.956443E+0
8.795139E+1,3.966104E+0
8.798611E+1,3.975766E+0
8.802083E+1,3.985427E+0
8.805556E+1,3.995089E+0
8.809028E+1,4.004751E+0
8.812500E+1,4.014412E+0
8.815972E+1,4.024074E+0
8.819444E+1,4.033735E+0
8.822917E+1,4.043397E+0
8.826389E+1,4.053059E+0
8.829861E+1,4.062720E+0
8.833333E+1,4.072382E+0
8.836806E+1,4.082044E+0
8.840278E+1,4.091705E+0
8.843750E+1,4.101367E+0
8.847222E+1,4.111029E+0
8.850694E+1,4.120690E+0
8.854167E+1,4.130352E+0
8.857639E+1,4.140014E+0
8.861111E+1,4.149675E+0
8.864583E+1,4.159337E+0
8.868056E+1,4.168999E+0
8.871528E+1,4.178660E+0
8.875000E+1,4.188322E+0
8.878472E+1,4.197983E+0
8.881944E+1,4.207645E+0
8.885417E+1,4.217307E+0
8.888889E+1,4.219495E+0
8.892361E+1,4.212186E+0
8.895833E+1,4.204876E+0
8.899306E+1,4.197566E+0
8.902778E+1,4.190256E+0
8.906250E+1,4.182946E+0
8.909722E+1,4.175637E+0
8.913194E+1,4.168327E+0
8.916667E+1,4.161017E+0
8.920139E+1,4.153707E+0
8.923611E+1,4.146397E+0
8.927083E+1,4.139088E+0
8.930556E+1,4.131778E+0
8.934028E+1,4.124468E+0
8.937500E+1,4.117158E+0
8.940972E+1,4.109848E+0
8.944444E+1,4.102539E+0
8.947917E+1,4.095229E+0
8.951389E+1,4.087919E+0
8.954861E+1,4.080609E+0
8.958333E+1,4.073299E+0
8.961806E+1,4.065989E+0
8.965278E+1,4.058680E+0
8.968750E+1,4.051370E+0
8.972222E+1,4.044060E+0
8.975694E+1,4.036750E+0
8.979167E+1,4.029440E+0
8.982639E+1,4.022131E+0
8.986111E+1,4.014821E+0
8.989583E+1,4.007511E+0
8.993056E+1,4.000201E+0
8.996528E+1,3.992891E+0
9.000000E+1,3.985582E+0
9.003472E+1,3.978272E+0
9.006944E+1,3.970962E+0
9.010417E+1,3.963652E+0
9.013889E+1,3.956342E+0
9.017361E+1,3.949032E+0
9.020833E+1,3.941723E+0
9.024306E+1,3.934413E+0
9.027778E+1,3.927103E+0
9.031250E+1,3.919793E+0
9.034722E+1,3.912483E+0
9.038194E+1,3.905174E+0
9.041667E+1,3.897864E+0
9.045139E+1,3.890554E+0
9.048611E+1,3.883244E+0
9.052083E+1,3.875934E+0
9.055556E+1,3.868624E+0
9.059028E+1,3.861315E+0
9.062500E+1,3.854005E+0
9.065972E+1,3.846695E+0
9.069444E+1,3.839385E+0
9.072917E+1,3.832075E+0
9.076389E+1,3.824766E+0
9.079861E+1,3.817456E+0
9.083333E+1,3.810146E+0
9.086806E+1,3.802836E+0
9.090278E+1,3.795526E+0
9.093750E+1,3.788217E+0
9.097222E+1,3.780907E+0
9.100694E+1,3.773597E+0
9.104167E+1,3.766287E+0
9.107639E+1,3.758977E+0
9.111111E+1,3.751668E+0
9.114583E+1,3.744358E+0
9.118056E+1,3.737048E+0
9.121528E+1,3.729738E+0
9.125000E+1,3.722428E+0
9.128472E+1,3.715119E+0
9.131944E+1,3.707809E+0
9.135417E+1,3.700499E+0
9.138889E+1,3.693189E+0
9.142361E+1,3.685879E+0
9.145833E+1,3.678570E+0
9.149306E+1,3.671260E+0
9.152778E+1,3.663950E+0
9.156250E+1,3.656640E+0
9.159722E+1,3.649330E+0
9.163194E+1,3.642021E+0
9.166667E+1,3.634711E+0
9.170139E+1,3.627401E+0
9.173611E+1,3.620091E+0
9.177083E+1,3.612781E+0
9.180556E+1,3.605471E+0
9.184028E+1,3.598162E+0
9.187500E+1,3.590852E+0
9.190972E+1,3.583542E+0
9.194444E+1,3.576232E+0
9.197917E+1,3.568922E+0
9.201389E+1,3.561613E+0
9.204861E+1,3.554303E+0
9.208333E+1,3.546993E+0
9.211806E+1,3.539683E+0
9.215278E+1,3.532373E+0
9.218750E+1,3.525064E+0
9.222222E+1,3.517754E+0
9.225694E+1,3.510444E+0
9.229167E+1,3.503134E+0
9.232639E+1,3.495824E+0
9.236111E+1,3.488515E+0
9.239583E+1,3.481205E+0
9.243056E+1,3.473895E+0
9.246528E+1,3.466585E+0
9.250000E+1,3.459275E+0
9.253472E+1,3.451966E+0
9.256944E+1,3.444656E+0
9.260417E+1,3.437346E+0
9.263889E+1,3.430036E+0
9.267361E+1,3.422726E+0
9.270833E+1,3.415417E+0
9.274306E+1,3.408107E+0
9.277778E+1,3.400797E+0
9.281250E+1,3.393487E+0
9.284722E+1,3.386177E+0
9.288194E+1,3.378868E+0
9.291667E+1,3.371558E+0
9.295139E+1,3.364248E+0
9.298611E+1,3.356938E+0
9.302083E+1,3.349628E+0
9.305556E+1,3.342318E+0
9.309028E+1,3.335009E+0
9.312500E+1,3.327699E+0
9.315972E+1,3.320389E+0
9.319444E+1,3.313079E+0
9.322917E+1,3.305769E+0
9.326389E+1,3.298460E+0
9.329861E+1,3.287779E+0
9.333333E+1,3.270028E+0
9.336806E+1,3.252276E+0
9.340278E+1,3.234525E+0
9.343750E+1,3.216774E+0
9.347222E+1,3.199023E+0
9.350694E+1,3.181272E+0
9.354167E+1,3.163521E+0
9.357639E+1,3.145770E+0
9.361111E+1,3.128019E+0
9.364583E+1,3.110268E+0
9.368056E+1,3.092516E+0
9.371528E+1,3.074765E+0
9.375000E+1,3.057014E+0
9.378472E+1,3.039263E+0
9.381944E+1,3.021513E+0
9.385417E+1,3.003761E+0
9.388889E+1,2.986010E+0
9.392361E+1,2.968259E+0
9.395833E+1,2.950508E+0
9.399306E+1,2.932757E+0
9.402778E+1,2.915006E+0
9.406250E+1,2.897255E+0
9.409722E+1,2.879504E+0
9.413194E+1,2.861753E+0
9.416667E+1,2.844001E+0
9.420139E+1,2.826250E+0
9.423611E+1,2.808499E+0
9.427083E+1,2.790748E+0
9.430556E+1,2.772997E+0
9.434028E+1,2.755246E+0
9.437500E+1,2.737495E+0
9.440972E+1,2.719744E+0
9.444444E+1,2.701993E+0
9.447917E+1,2.684242E+0
9.451389E+1,2.666491E+0
9.454861E+1,2.648740E+0
9.458333E+1,2.630989E+0
9.461806E+1,2.613237E+0
9.465278E+1,2.595486E+0
9.468750E+1,2.577735E+0
9.472222E+1,2.559984E+0
9.475694E+1,2.542233E+0
9.479167E+1,2.524482E+0
9.482639E+1,2.506731E+0
9.486111E+1,2.488980E+0
9.489583E+1,2.471229E+0
9.493056E+1,2.453477E+0
9.496528E+1,2.435726E+0
9.500000E+1,2.417975E+0
9.503472E+1,2.400224E+0
9.506944E+1,2.382474E+0
9.510417E+1,2.364722E+0
9.513889E+1,2.346971E+0
9.517361E+1,2.329220E+0
9.520833E+1,2.311469E+0
9.524306E+1,2.293718E+0
9.527778E+1,2.275967E+0
9.531250E+1,2.258216E+0
9.534722E+1,2.240465E+0
9.538194E+1,2.222714E+0
9.541667E+1,2.204962E+0
9.545139E+1,2.187211E+0
9.548611E+1,2.169460E+0
9.552083E+1,2.151709E+0
9.555556E+1,2.133958E+0
9.559028E+1,2.116207E+0
9.562500E+1,2.098456E+0
9.565972E+1,2.080705E+0
9.569444E+1,2.062954E+0
9.572917E+1,2.045203E+0
9.576389E+1,2.027452E+0
9.579861E+1,2.009701E+0
9.583333E+1,1.991950E+0
9.586806E+1,1.974198E+0
9.590278E+1,1.956447E+0
9.593750E+1,1.938696E+0
9.597222E+1,1.920945E+0
9.600694E+1,1.903194E+0
9.604167E+1,1.885443E+0
9.607639E+1,1.867692E+0
9.611111E+1,1.849941E+0
9.614583E+1,1.832190E+0
9.618056E+1,1.814438E+0
9.621528E+1,1.796687E+0
9.625000E+1,1.778936E+0
9.628472E+1,1.761185E+0
9.631944E+1,1.743435E+0
9.635417E+1,1.725683E+0
9.638889E+1,1.707932E+0
9.642361E+1,1.690181E+0
9.645833E+1,1.672430E+0
9.649306E+1,1.654679E+0
9.652778E+1,1.636928E+0
9.656250E+1,1.619177E+0
9.659722E+1,1.601426E+0
9.663194E+1,1.583675E+0
9.666667E+1,1.565923E+0
9.670139E+1,1.548172E+0
9.673611E+1,1.530421E+0
9.677083E+1,1.512670E+0
9.680556E+1,1.494919E+0
9.684028E+1,1.477168E+0
9.687500E+1,1.459417E+0
9.690972E+1,1.441666E+0
9.694444E+1,1.423915E+0
9.697917E+1,1.406164E+0
9.701389E+1,1.388413E+0
9.704861E+1,1.370662E+0
9.708333E+1,1.352911E+0
9.711806E+1,1.335159E+0
9.715278E+1,1.317408E+0
9.718750E+1,1.299657E+0
9.722222E+1,1.281906E+0
9.725694E+1,1.264155E+0
9.729167E+1,1.246404E+0
9.732639E+1,1.228653E+0
9.736111E+1,1.210902E+0
9.739583E+1,1.193151E+0
9.743056E+1,1.175399E+0
9.746528E+1,1.157648E+0
9.750000E+1,1.139897E+0
9.753472E+1,1.122146E+0
9.756944E+1,1.104396E+0
9.760417E+1,1.086644E+0
9.763889E+1,1.068893E+0
9.767361E+1,1.051142E+0
9.770833E+1,1.033391E+0
9.774306E+1,1.015640E+0
9.777778E+1,9.978887E-1
9.781250E+1,9.801377E-1
9.784722E+1,9.623867E-1
9.788194E+1,9.446358E-1
9.791667E+1,9.268843E-1
9.795139E+1,9.091333E-1
9.798611E+1,8.913823E-1
9.802083E+1,8.736314E-1
9.805556E+1,8.558799E-1
9.809028E+1,8.381289E-1
9.812500E+1,8.203779E-1
9.815972E+1,8.026270E-1
9.819444E+1,7.848760E-1
9.822917E+1,7.671245E-1
9.826389E+1,7.493736E-1
9.829861E+1,7.316226E-1
9.833333E+1,7.138716E-1
9.836806E+1,6.961201E-1
9.840278E+1,6.783692E-1
9.843750E+1,6.606182E-1
9.847222E+1,6.428672E-1
9.850694E+1,6.251163E-1
9.854167E+1,6.073648E-1
9.857639E+1,5.896138E-1
9.861111E+1,5.718628E-1
9.864583E+1,5.541119E-1
9.868056E+1,5.363604E-1
9.871528E+1,5.186094E-1
9.875000E+1,5.008584E-1
9.878472E+1,4.831075E-1
9.881944E+1,4.653565E-1
9.885417E+1,4.476050E-1
9.888889E+1,4.298541E-1
9.892361E+1,4.121031E-1
9.895833E+1,3.943521E-1
9.899306E+1,3.766006E-1
9.902778E+1,3.588497E-1
9.906250E+1,3.410987E-1
9.909722E+1,3.233477E-1
9.913194E+1,3.055968E-1
9.916667E+1,2.878453E-1
9.920139E+1,2.700943E-1
9.923611E+1,2.523433E-1
9.927083E+1,2.345924E-1
9.930556E+1,2.168409E-1
9.934028E+1,1.990899E-1
9.937500E+1,1.813389E-1
9.940972E+1,1.635880E-1
9.944444E+1,1.458370E-1
9.947917E+1,1.280855E-1
9.951389E+1,1.103346E-1
9.954861E+1,9.258359E-2
9.958333E+1,7.483262E-2
9.961806E+1,5.708114E-2
9.965278E+1,3.933017E-2
9.968750E+1,2.157920E-2
9.972222E+1,3.828227E-3
9.975694E+1,-1.392274E-2
9.979167E+1,-3.167422E-2
9.982639E+1,-4.942519E-2
9.986111E+1,-6.717616E-2
9.989583E+1,-8.492713E-2
9.993056E+1,-1.026786E-1
9.996528E+1,-1.204296E-1
