7.139351E-14,3.050474E-3
3.472222E-4,3.045691E-3
6.944444E-4,3.040908E-3
1.041667E-3,3.036124E-3
1.388889E-3,3.031341E-3
1.736111E-3,3.026558E-3
2.083333E-3,3.021775E-3
2.430556E-3,3.016992E-3
2.777778E-3,3.012209E-3
3.125000E-3,3.007426E-3
3.472222E-3,3.002643E-3
3.819444E-3,2.997860E-3
4.166667E-3,2.993077E-3
4.513889E-3,2.988294E-3
4.861111E-3,2.983511E-3
5.208333E-3,2.978728E-3
5.555556E-3,2.973945E-3
5.902778E-3,2.969162E-3
6.250000E-3,2.964379E-3
6.597222E-3,2.959596E-3
6.944444E-3,2.954813E-3
7.291667E-3,2.950030E-3
7.638889E-3,2.945247E-3
7.986111E-3,2.940463E-3
8.333333E-3,2.935680E-3
8.680556E-3,2.930897E-3
9.027778E-3,2.926114E-3
9.375000E-3,2.921331E-3
9.722222E-3,2.916548E-3
1.006944E-2,2.911765E-3
1.041667E-2,2.906982E-3
1.076389E-2,2.902199E-3
1.111111E-2,2.897416E-3
1.145833E-2,2.892633E-3
1.180556E-2,2.887850E-3
1.215278E-2,2.883067E-3
1.250000E-2,2.878284E-3
1.284722E-2,2.873501E-3
1.319444E-2,2.868718E-3
1.354167E-2,2.863935E-3
1.388889E-2,2.859152E-3
1.423611E-2,2.854369E-3
1.458333E-2,2.849586E-3
1.493056E-2,2.844802E-3
1.527778E-2,2.840019E-3
1.562500E-2,2.835236E-3
1.597222E-2,2.830453E-3
1.631944E-2,2.825670E-3
1.666667E-2,2.820887E-3
1.701389E-2,2.816104E-3
1.736111E-2,2.811321E-3
1.770833E-2,2.806538E-3
1.805556E-2,2.801755E-3
1.840278E-2,2.796972E-3
1.875000E-2,2.792189E-3
1.909722E-2,2.787406E-3
1.944444E-2,2.782623E-3
1.979167E-2,2.777840E-3
2.013889E-2,2.773057E-3
2.048611E-2,2.768274E-3
2.083333E-2,2.763491E-3
2.118056E-2,2.758708E-3
2.152778E-2,2.753925E-3
2.187500E-2,2.749142E-3
2.222222E-2,2.744358E-3
2.256944E-2,2.739575E-3
2.291667E-2,2.734792E-3
2.326389E-2,2.730009E-3
2.361111E-2,2.725226E-3
2.395833E-2,2.720443E-3
2.430556E-2,2.715660E-3
2.465278E-2,2.710877E-3
2.500000E-2,2.706094E-3
2.534722E-2,2.701311E-3
2.569444E-2,2.696528E-3
2.604167E-2,2.691745E-3
2.638889E-2,2.686962E-3
2.673611E-2,2.682179E-3
2.708333E-2,2.677396E-3
2.743056E-2,2.672613E-3
2.777778E-2,2.667830E-3
2.812500E-2,2.663047E-3
2.847222E-2,2.658264E-3
2.881944E-2,2.653481E-3
2.916667E-2,2.648697E-3
2.951389E-2,2.643914E-3
2.986111E-2,2.639131E-3
3.020833E-2,2.634348E-3
3.055556E-2,2.629565E-3
3.090278E-2,2.624782E-3
3.125000E-2,2.619999E-3
3.159722E-2,2.615216E-3
3.194444E-2,2.610433E-3
3.229167E-2,2.605650E-3
3.263889E-2,2.600867E-3
3.298611E-2,2.596084E-3
3.333333E-2,2.591301E-3
3.368056E-2,2.586518E-3
3.402778E-2,2.581735E-3
3.437500E-2,2.576952E-3
3.472222E-2,2.572169E-3
3.506944E-2,2.567386E-3
3.541667E-2,2.562603E-3
3.576389E-2,2.557820E-3
3.611111E-2,2.553036E-3
3.645833E-2,2.548253E-3
3.680556E-2,2.543470E-3
3.715278E-2,2.538687E-3
3.750000E-2,2.533904E-3
3.784722E-2,2.529121E-3
3.819444E-2,2.524338E-3
3.854167E-2,2.519555E-3
3.888889E-2,2.514772E-3
3.923611E-2,2.509989E-3
3.958333E-2,2.505206E-3
3.993056E-2,2.500423E-3
4.027778E-2,2.495640E-3
4.062500E-2,2.490857E-3
4.097222E-2,2.486074E-3
4.131944E-2,2.481291E-3
4.166667E-2,2.476508E-3
4.201389E-2,2.471725E-3
4.236111E-2,2.466942E-3
4.270833E-2,2.462159E-3
4.305556E-2,2.457375E-3
4.340278E-2,2.452592E-3
4.375000E-2,2.447809E-3
4.409722E-2,2.443026E-3
4.444444E-2,2.438243E-3
4.479167E-2,2.433460E-3
4.513889E-2,2.428677E-3
4.548611E-2,2.423894E-3
4.583333E-2,2.419111E-3
4.618056E-2,2.414328E-3
4.652778E-2,2.409545E-3
4.687500E-2,2.404762E-3
4.722222E-2,2.399979E-3
4.756944E-2,2.395196E-3
4.791667E-2,2.390413E-3
4.826389E-2,2.385630E-3
4.861111E-2,2.380847E-3
4.895833E-2,2.376064E-3
4.930556E-2,2.371281E-3
4.965278E-2,2.366498E-3
5.000000E-2,2.361715E-3
5.034722E-2,2.356931E-3
5.069444E-2,2.352148E-3
5.104167E-2,2.347365E-3
5.138889E-2,2.342582E-3
5.173611E-2,2.337799E-3
5.208333E-2,2.333016E-3
5.243056E-2,2.328233E-3
5.277778E-2,2.323450E-3
5.312500E-2,2.318667E-3
5.347222E-2,2.313884E-3
5.381944E-2,2.309101E-3
5.416667E-2,2.304318E-3
5.451389E-2,2.299535E-3
5.486111E-2,2.294752E-3
5.520833E-2,2.289969E-3
5.555556E-2,2.285186E-3
5.590278E-2,2.280403E-3
5.625000E-2,2.275620E-3
5.659722E-2,2.270837E-3
5.694444E-2,2.266054E-3
5.729167E-2,2.261270E-3
5.763889E-2,2.256487E-3
5.798611E-2,2.251704E-3
5.833333E-2,2.246921E-3
5.868056E-2,2.242138E-3
5.902778E-2,2.237355E-3
5.937500E-2,2.232572E-3
5.972222E-2,2.227789E-3
6.006944E-2,2.223006E-3
6.041667E-2,2.218223E-3
6.076389E-2,2.213440E-3
6.111111E-2,2.208657E-3
6.145833E-2,2.203874E-3
6.180556E-2,2.199091E-3
6.215278E-2,2.194308E-3
6.250000E-2,2.189525E-3
6.284722E-2,2.184742E-3
6.319444E-2,2.179959E-3
6.354167E-2,2.175176E-3
6.388889E-2,2.170393E-3
6.423611E-2,2.165610E-3
6.458333E-2,2.160826E-3
6.493056E-2,2.156043E-3
6.527778E-2,2.151260E-3
6.562500E-2,2.146477E-3
6.597222E-2,2.141694E-3
6.631944E-2,2.136911E-3
6.666667E-2,2.132128E-3
6.701389E-2,2.127345E-3
6.736111E-2,2.122562E-3
6.770833E-2,2.117779E-3
6.805556E-2,2.112996E-3
6.840278E-2,2.108213E-3
6.875000E-2,2.103430E-3
6.909722E-2,2.098647E-3
6.944444E-2,2.093864E-3
6.979167E-2,2.089081E-3
7.013889E-2,2.086280E-3
7.048611E-2,2.085154E-3
7.083333E-2,2.084028E-3
7.118056E-2,2.082902E-3
7.152778E-2,2.081776E-3
7.187500E-2,2.080650E-3
7.222222E-2,2.079524E-3
7.256944E-2,2.078399E-3
7.291667E-2,2.077273E-3
7.326389E-2,2.076147E-3
7.361111E-2,2.075021E-3
7.395833E-2,2.073895E-3
7.430556E-2,2.072769E-3
7.465278E-2,2.071643E-3
7.500000E-2,2.070517E-3
7.534722E-2,2.069391E-3
7.569444E-2,2.068266E-3
7.604167E-2,2.067140E-3
7.638889E-2,2.066014E-3
7.673611E-2,2.064888E-3
7.708333E-2,2.063762E-3
7.743056E-2,2.062636E-3
7.777778E-2,2.061510E-3
7.812500E-2,2.060384E-3
7.847222E-2,2.059258E-3
7.881944E-2,2.058133E-3
7.916667E-2,2.057007E-3
7.951389E-2,2.055881E-3
7.986111E-2,2.054755E-3
8.020833E-2,2.053629E-3
8.055556E-2,2.052503E-3
8.090278E-2,2.051377E-3
8.125000E-2,2.050251E-3
8.159722E-2,2.049125E-3
8.194444E-2,2.048000E-3
8.229167E-2,2.046874E-3
8.263889E-2,2.045748E-3
8.298611E-2,2.044622E-3
8.333333E-2,2.043496E-3
8.368056E-2,2.042370E-3
8.402778E-2,2.041244E-3
8.437500E-2,2.040118E-3
8.472222E-2,2.038992E-3
8.506944E-2,2.037867E-3
8.541667E-2,2.036741E-3
8.576389E-2,2.035615E-3
8.611111E-2,2.034489E-3
8.645833E-2,2.033363E-3
8.680556E-2,2.032237E-3
8.715278E-2,2.031111E-3
8.750000E-2,2.029985E-3
8.784722E-2,2.028859E-3
8.819444E-2,2.027734E-3
8.854167E-2,2.026608E-3
8.888889E-2,2.025482E-3
8.923611E-2,2.024356E-3
8.958333E-2,2.023230E-3
8.993056E-2,2.022104E-3
9.027778E-2,2.020978E-3
9.062500E-2,2.019852E-3
9.097222E-2,2.018726E-3
9.131944E-2,2.017601E-3
9.166667E-2,2.016475E-3
9.201389E-2,2.015349E-3
9.236111E-2,2.014223E-3
9.270833E-2,2.013097E-3
9.305556E-2,2.011971E-3
9.340278E-2,2.010845E-3
9.375000E-2,2.009719E-3
9.409722E-2,2.008593E-3
9.444444E-2,2.007467E-3
9.479167E-2,2.006342E-3
9.513889E-2,2.005216E-3
9.548611E-2,2.004090E-3
9.583333E-2,2.002964E-3
9.618056E-2,2.001838E-3
9.652778E-2,2.000712E-3
9.687500E-2,1.999586E-3
9.722222E-2,1.998460E-3
9.756944E-2,1.997334E-3
9.791667E-2,1.996209E-3
9.826389E-2,1.995083E-3
9.861111E-2,1.993957E-3
9.895833E-2,1.992831E-3
9.930556E-2,1.991705E-3
9.965278E-2,1.990579E-3
1.000000E-1,1.989453E-3
1.003472E-1,1.988327E-3
1.006944E-1,1.987201E-3
1.010417E-1,1.986076E-3
1.013889E-1,1.984950E-3
1.017361E-1,1.983824E-3
1.020833E-1,1.982698E-3
1.024306E-1,1.981572E-3
1.027778E-1,1.980446E-3
1.031250E-1,1.979320E-3
1.034722E-1,1.978194E-3
1.038194E-1,1.977068E-3
1.041667E-1,1.975943E-3
1.045139E-1,1.974817E-3
1.048611E-1,1.973691E-3
1.052083E-1,1.972565E-3
1.055556E-1,1.971439E-3
1.059028E-1,1.970313E-3
1.062500E-1,1.969187E-3
1.065972E-1,1.968061E-3
1.069444E-1,1.966935E-3
1.072917E-1,1.965810E-3
1.076389E-1,1.964684E-3
1.079861E-1,1.963558E-3
1.083333E-1,1.962432E-3
1.086806E-1,1.961306E-3
1.090278E-1,1.960180E-3
1.093750E-1,1.959054E-3
1.097222E-1,1.957928E-3
1.100694E-1,1.956802E-3
1.104167E-1,1.955677E-3
1.107639E-1,1.954551E-3
1.111111E-1,1.953425E-3
1.114583E-1,1.952299E-3
1.118056E-1,1.951173E-3
1.121528E-1,1.950047E-3
1.125000E-1,1.948921E-3
1.128472E-1,1.947795E-3
1.131944E-1,1.946669E-3
1.135417E-1,1.945544E-3
1.138889E-1,1.944418E-3
1.142361E-1,1.943292E-3
1.145833E-1,1.941578E-3
1.149306E-1,1.939765E-3
1.152778E-1,1.937952E-3
1.156250E-1,1.936139E-3
1.159722E-1,1.934327E-3
1.163194E-1,1.932514E-3
1.166667E-1,1.930701E-3
1.170139E-1,1.928888E-3
1.173611E-1,1.927076E-3
1.177083E-1,1.925263E-3
1.180556E-1,1.923450E-3
1.184028E-1,1.921638E-3
1.187500E-1,1.919825E-3
1.190972E-1,1.918012E-3
1.194444E-1,1.916199E-3
1.197917E-1,1.914387E-3
1.201389E-1,1.912574E-3
1.204861E-1,1.910761E-3
1.208333E-1,1.908948E-3
1.211806E-1,1.907136E-3
1.215278E-1,1.905323E-3
1.218750E-1,1.903510E-3
1.222222E-1,1.901697E-3
1.225694E-1,1.899885E-3
1.229167E-1,1.898072E-3
1.232639E-1,1.896259E-3
1.236111E-1,1.894446E-3
1.239583E-1,1.892634E-3
1.243056E-1,1.890821E-3
1.246528E-1,1.889008E-3
1.250000E-1,1.887195E-3
1.253472E-1,1.885383E-3
1.256944E-1,1.883570E-3
1.260417E-1,1.881757E-3
1.263889E-1,1.879944E-3
1.267361E-1,1.878132E-3
1.270833E-1,1.876319E-3
1.274306E-1,1.874506E-3
1.277778E-1,1.872693E-3
1.281250E-1,1.870881E-3
1.284722E-1,1.869068E-3
1.288194E-1,1.867255E-3
1.291667E-1,1.865442E-3
1.295139E-1,1.863630E-3
1.298611E-1,1.861817E-3
1.302083E-1,1.860004E-3
1.305556E-1,1.858191E-3
1.309028E-1,1.856379E-3
1.312500E-1,1.854566E-3
1.315972E-1,1.852753E-3
1.319444E-1,1.850940E-3
1.322917E-1,1.849128E-3
1.326389E-1,1.847315E-3
1.329861E-1,1.845502E-3
1.333333E-1,1.843689E-3
1.336806E-1,1.841877E-3
1.340278E-1,1.840064E-3
1.343750E-1,1.838251E-3
1.347222E-1,1.836438E-3
1.350694E-1,1.834626E-3
1.354167E-1,1.832813E-3
1.357639E-1,1.831000E-3
1.361111E-1,1.829188E-3
1.364583E-1,1.827375E-3
1.368056E-1,1.825562E-3
1.371528E-1,1.823749E-3
1.375000E-1,1.821937E-3
1.378472E-1,1.820124E-3
1.381944E-1,1.818311E-3
1.385417E-1,1.816498E-3
1.388889E-1,1.814686E-3
1.392361E-1,1.812873E-3
1.395833E-1,1.811060E-3
1.399306E-1,1.809247E-3
1.402778E-1,1.807435E-3
1.406250E-1,1.805622E-3
1.409722E-1,1.803809E-3
1.413194E-1,1.801996E-3
1.416667E-1,1.800184E-3
1.420139E-1,1.798371E-3
1.423611E-1,1.796558E-3
1.427083E-1,1.794745E-3
1.430556E-1,1.792933E-3
1.434028E-1,1.791120E-3
1.437500E-1,1.789307E-3
1.440972E-1,1.787494E-3
1.444444E-1,1.785682E-3
1.447917E-1,1.783869E-3
1.451389E-1,1.782056E-3
1.454861E-1,1.780243E-3
1.458333E-1,1.778431E-3
1.461806E-1,1.776618E-3
1.465278E-1,1.774805E-3
1.468750E-1,1.772992E-3
1.472222E-1,1.771180E-3
1.475694E-1,1.769367E-3
1.479167E-1,1.767554E-3
1.482639E-1,1.765741E-3
1.486111E-1,1.763929E-3
1.489583E-1,1.762116E-3
1.493056E-1,1.760303E-3
1.496528E-1,1.758490E-3
1.500000E-1,1.756678E-3
1.503472E-1,1.754865E-3
1.506944E-1,1.753052E-3
1.510417E-1,1.751239E-3
1.513889E-1,1.749427E-3
1.517361E-1,1.747614E-3
1.520833E-1,1.745801E-3
1.524306E-1,1.743988E-3
1.527778E-1,1.742176E-3
1.531250E-1,1.740363E-3
1.534722E-1,1.738550E-3
1.538194E-1,1.736738E-3
1.541667E-1,1.734925E-3
1.545139E-1,1.733112E-3
1.548611E-1,1.731299E-3
1.552083E-1,1.729487E-3
1.555556E-1,1.727674E-3
1.559028E-1,1.725861E-3
1.562500E-1,1.724048E-3
1.565972E-1,1.722236E-3
1.569444E-1,1.721372E-3
1.572917E-1,1.720680E-3
1.576389E-1,1.719987E-3
1.579861E-1,1.719294E-3
1.583333E-1,1.718601E-3
1.586806E-1,1.717908E-3
1.590278E-1,1.717215E-3
1.593750E-1,1.716522E-3
1.597222E-1,1.715829E-3
1.600694E-1,1.715137E-3
1.604167E-1,1.714444E-3
1.607639E-1,1.713751E-3
1.611111E-1,1.713058E-3
1.614583E-1,1.712365E-3
1.618056E-1,1.711672E-3
1.621528E-1,1.710979E-3
1.625000E-1,1.710286E-3
1.628472E-1,1.709594E-3
1.631944E-1,1.708901E-3
1.635417E-1,1.708208E-3
1.638889E-1,1.707515E-3
1.642361E-1,1.706822E-3
1.645833E-1,1.706129E-3
1.649306E-1,1.705436E-3
1.652778E-1,1.704743E-3
1.656250E-1,1.704050E-3
1.659722E-1,1.703358E-3
1.663194E-1,1.702665E-3
1.666667E-1,1.701972E-3
1.670139E-1,1.701279E-3
1.673611E-1,1.700586E-3
1.677083E-1,1.699893E-3
1.680556E-1,1.699200E-3
1.684028E-1,1.698507E-3
1.687500E-1,1.697815E-3
1.690972E-1,1.697122E-3
1.694444E-1,1.696429E-3
1.697917E-1,1.695736E-3
1.701389E-1,1.695043E-3
1.704861E-1,1.694350E-3
1.708333E-1,1.693657E-3
1.711806E-1,1.692964E-3
1.715278E-1,1.692272E-3
1.718750E-1,1.691579E-3
1.722222E-1,1.690886E-3
1.725694E-1,1.690193E-3
1.729167E-1,1.689500E-3
1.732639E-1,1.688807E-3
1.736111E-1,1.688114E-3
1.739583E-1,1.687421E-3
1.743056E-1,1.686729E-3
1.746528E-1,1.686036E-3
1.750000E-1,1.685343E-3
1.753472E-1,1.684650E-3
1.756944E-1,1.683957E-3
1.760417E-1,1.683264E-3
1.763889E-1,1.682571E-3
1.767361E-1,1.681878E-3
1.770833E-1,1.681186E-3
1.774306E-1,1.680493E-3
1.777778E-1,1.679800E-3
1.781250E-1,1.679107E-3
1.784722E-1,1.678414E-3
1.788194E-1,1.677721E-3
1.791667E-1,1.677028E-3
1.795139E-1,1.676335E-3
1.798611E-1,1.675642E-3
1.802083E-1,1.674950E-3
1.805556E-1,1.674257E-3
1.809028E-1,1.673564E-3
1.812500E-1,1.672871E-3
1.815972E-1,1.672178E-3
1.819444E-1,1.671485E-3
1.822917E-1,1.670792E-3
1.826389E-1,1.670099E-3
1.829861E-1,1.669407E-3
1.833333E-1,1.668714E-3
1.836806E-1,1.668021E-3
1.840278E-1,1.667328E-3
1.843750E-1,1.666635E-3
1.847222E-1,1.665942E-3
1.850694E-1,1.665249E-3
1.854167E-1,1.664556E-3
1.857639E-1,1.663864E-3
1.861111E-1,1.663171E-3
1.864583E-1,1.662478E-3
1.868056E-1,1.661785E-3
1.871528E-1,1.661092E-3
1.875000E-1,1.660399E-3
1.878472E-1,1.659706E-3
1.881944E-1,1.659013E-3
1.885417E-1,1.658321E-3
1.888889E-1,1.657628E-3
1.892361E-1,1.656935E-3
1.895833E-1,1.656242E-3
1.899306E-1,1.655549E-3
1.902778E-1,1.654856E-3
1.906250E-1,1.654163E-3
1.909722E-1,1.653470E-3
1.913194E-1,1.652778E-3
1.916667E-1,1.652085E-3
1.920139E-1,1.651392E-3
1.923611E-1,1.650699E-3
1.927083E-1,1.650006E-3
1.930556E-1,1.649313E-3
1.934028E-1,1.648620E-3
1.937500E-1,1.647927E-3
1.940972E-1,1.647234E-3
1.944444E-1,1.646542E-3
1.947917E-1,1.645849E-3
1.951389E-1,1.645156E-3
1.954861E-1,1.644463E-3
1.958333E-1,1.643770E-3
1.961806E-1,1.643077E-3
1.965278E-1,1.642384E-3
1.968750E-1,1.641691E-3
1.972222E-1,1.640999E-3
1.975694E-1,1.640306E-3
1.979167E-1,1.639613E-3
1.982639E-1,1.638920E-3
1.986111E-1,1.638227E-3
1.989583E-1,1.637534E-3
1.993056E-1,1.636841E-3
1.996528E-1,1.636148E-3
2.000000E-1,1.635456E-3
2.003472E-1,1.634763E-3
2.006944E-1,1.634070E-3
2.010417E-1,1.633409E-3
2.013889E-1,1.632910E-3
2.017361E-1,1.632412E-3
2.020833E-1,1.631913E-3
2.024306E-1,1.631415E-3
2.027778E-1,1.630916E-3
2.031250E-1,1.630418E-3
2.034722E-1,1.629919E-3
2.038194E-1,1.629421E-3
2.041667E-1,1.628922E-3
2.045139E-1,1.628424E-3
2.048611E-1,1.627925E-3
2.052083E-1,1.627427E-3
2.055556E-1,1.626928E-3
2.059028E-1,1.626430E-3
2.062500E-1,1.625931E-3
2.065972E-1,1.625433E-3
2.069444E-1,1.624935E-3
2.072917E-1,1.624436E-3
2.076389E-1,1.623938E-3
2.079861E-1,1.623439E-3
2.083333E-1,1.622941E-3
2.086806E-1,1.622442E-3
2.090278E-1,1.621944E-3
2.093750E-1,1.621445E-3
2.097222E-1,1.620947E-3
2.100694E-1,1.620448E-3
2.104167E-1,1.619950E-3
2.107639E-1,1.619451E-3
2.111111E-1,1.618953E-3
2.114583E-1,1.618454E-3
2.118056E-1,1.617956E-3
2.121528E-1,1.617457E-3
2.125000E-1,1.616959E-3
2.128472E-1,1.616460E-3
2.131944E-1,1.615962E-3
2.135417E-1,1.615463E-3
2.138889E-1,1.614965E-3
2.142361E-1,1.614466E-3
2.145833E-1,1.613968E-3
2.149306E-1,1.613469E-3
2.152778E-1,1.612971E-3
2.156250E-1,1.612473E-3
2.159722E-1,1.611974E-3
2.163194E-1,1.611476E-3
2.166667E-1,1.610977E-3
2.170139E-1,1.610479E-3
2.173611E-1,1.609980E-3
2.177083E-1,1.609482E-3
2.180556E-1,1.608983E-3
2.184028E-1,1.608485E-3
2.187500E-1,1.607986E-3
2.190972E-1,1.607488E-3
2.194444E-1,1.606989E-3
2.197917E-1,1.606491E-3
2.201389E-1,1.605992E-3
2.204861E-1,1.605494E-3
2.208333E-1,1.604995E-3
2.211806E-1,1.604497E-3
2.215278E-1,1.603998E-3
2.218750E-1,1.603500E-3
2.222222E-1,1.603001E-3
2.225694E-1,1.602503E-3
2.229167E-1,1.602004E-3
2.232639E-1,1.601506E-3
2.236111E-1,1.601008E-3
2.239583E-1,1.600509E-3
2.243056E-1,1.600011E-3
2.246528E-1,1.599512E-3
2.250000E-1,1.599014E-3
2.253472E-1,1.598515E-3
2.256944E-1,1.598017E-3
2.260417E-1,1.597518E-3
2.263889E-1,1.597020E-3
2.267361E-1,1.596521E-3
2.270833E-1,1.596023E-3
2.274306E-1,1.595524E-3
2.277778E-1,1.595026E-3
2.281250E-1,1.594527E-3
2.284722E-1,1.594029E-3
2.288194E-1,1.593530E-3
2.291667E-1,1.593032E-3
2.295139E-1,1.592533E-3
2.298611E-1,1.592035E-3
2.302083E-1,1.591536E-3
2.305556E-1,1.591038E-3
2.309028E-1,1.590539E-3
2.312500E-1,1.590041E-3
2.315972E-1,1.589543E-3
2.319444E-1,1.589044E-3
2.322917E-1,1.588546E-3
2.326389E-1,1.588047E-3
2.329861E-1,1.587549E-3
2.333333E-1,1.587050E-3
2.336806E-1,1.586552E-3
2.340278E-1,1.586053E-3
2.343750E-1,1.585555E-3
2.347222E-1,1.585056E-3
2.350694E-1,1.584558E-3
2.354167E-1,1.584059E-3
2.357639E-1,1.583561E-3
2.361111E-1,1.583062E-3
2.364583E-1,1.582564E-3
2.368056E-1,1.582065E-3
2.371528E-1,1.581567E-3
2.375000E-1,1.581068E-3
2.378472E-1,1.580570E-3
2.381944E-1,1.580071E-3
2.385417E-1,1.579573E-3
2.388889E-1,1.579074E-3
2.392361E-1,1.578576E-3
2.395833E-1,1.578078E-3
2.399306E-1,1.577579E-3
2.402778E-1,1.577081E-3
2.406250E-1,1.576582E-3
2.409722E-1,1.576084E-3
2.413194E-1,1.575585E-3
2.416667E-1,1.575087E-3
2.420139E-1,1.574588E-3
2.423611E-1,1.574090E-3
2.427083E-1,1.573591E-3
2.430556E-1,1.573093E-3
2.434028E-1,1.572535E-3
2.437500E-1,1.571650E-3
2.440972E-1,1.570764E-3
2.444444E-1,1.569878E-3
2.447917E-1,1.568992E-3
2.451389E-1,1.568107E-3
2.454861E-1,1.567221E-3
2.458333E-1,1.566335E-3
2.461806E-1,1.565450E-3
2.465278E-1,1.564564E-3
2.468750E-1,1.563678E-3
2.472222E-1,1.562792E-3
2.475694E-1,1.561907E-3
2.479167E-1,1.561021E-3
2.482639E-1,1.560135E-3
2.486111E-1,1.559250E-3
2.489583E-1,1.558364E-3
2.493056E-1,1.557478E-3
2.496528E-1,1.556592E-3
2.500000E-1,1.555707E-3
2.503472E-1,1.554821E-3
2.506944E-1,1.553935E-3
2.510417E-1,1.553050E-3
2.513889E-1,1.552164E-3
2.517361E-1,1.551278E-3
2.520833E-1,1.550392E-3
2.524306E-1,1.549507E-3
2.527778E-1,1.548621E-3
2.531250E-1,1.547735E-3
2.534722E-1,1.546850E-3
2.538194E-1,1.545964E-3
2.541667E-1,1.545078E-3
2.545139E-1,1.544192E-3
2.548611E-1,1.543307E-3
2.552083E-1,1.542421E-3
2.555556E-1,1.541535E-3
2.559028E-1,1.540650E-3
2.562500E-1,1.539764E-3
2.565972E-1,1.538878E-3
2.569444E-1,1.537992E-3
2.572917E-1,1.537107E-3
2.576389E-1,1.536221E-3
2.579861E-1,1.535335E-3
2.583333E-1,1.534450E-3
2.586806E-1,1.533564E-3
2.590278E-1,1.532678E-3
2.593750E-1,1.531792E-3
2.597222E-1,1.530907E-3
2.600694E-1,1.530021E-3
2.604167E-1,1.529135E-3
2.607639E-1,1.528250E-3
2.611111E-1,1.527364E-3
2.614583E-1,1.526478E-3
2.618056E-1,1.525592E-3
2.621528E-1,1.524707E-3
2.625000E-1,1.523821E-3
2.628472E-1,1.522935E-3
2.631944E-1,1.522050E-3
2.635417E-1,1.521164E-3
2.638889E-1,1.520278E-3
2.642361E-1,1.519392E-3
2.645833E-1,1.518507E-3
2.649306E-1,1.517621E-3
2.652778E-1,1.516735E-3
2.656250E-1,1.515849E-3
2.659722E-1,1.514964E-3
2.663194E-1,1.514078E-3
2.666667E-1,1.513192E-3
2.670139E-1,1.512307E-3
2.673611E-1,1.511421E-3
2.677083E-1,1.510535E-3
2.680556E-1,1.509649E-3
2.684028E-1,1.508764E-3
2.687500E-1,1.507878E-3
2.690972E-1,1.506992E-3
2.694444E-1,1.506107E-3
2.697917E-1,1.505221E-3
2.701389E-1,1.504335E-3
2.704861E-1,1.503449E-3
2.708333E-1,1.502564E-3
2.711806E-1,1.501678E-3
2.715278E-1,1.500792E-3
2.718750E-1,1.499907E-3
2.722222E-1,1.499021E-3
2.725694E-1,1.498135E-3
2.729167E-1,1.497249E-3
2.732639E-1,1.496364E-3
2.736111E-1,1.495478E-3
2.739583E-1,1.494592E-3
2.743056E-1,1.493707E-3
2.746528E-1,1.492821E-3
2.750000E-1,1.491935E-3
2.753472E-1,1.491049E-3
2.756944E-1,1.490164E-3
2.760417E-1,1.489278E-3
2.763889E-1,1.488392E-3
2.767361E-1,1.487507E-3
2.770833E-1,1.486621E-3
2.774306E-1,1.485735E-3
2.777778E-1,1.484849E-3
2.781250E-1,1.483964E-3
2.784722E-1,1.483078E-3
2.788194E-1,1.482192E-3
2.791667E-1,1.481307E-3
2.795139E-1,1.480421E-3
2.798611E-1,1.479535E-3
2.802083E-1,1.478649E-3
2.805556E-1,1.477764E-3
2.809028E-1,1.476878E-3
2.812500E-1,1.475992E-3
2.815972E-1,1.475107E-3
2.819444E-1,1.474221E-3
2.822917E-1,1.473335E-3
2.826389E-1,1.472449E-3
2.829861E-1,1.471564E-3
2.833333E-1,1.470678E-3
2.836806E-1,1.469792E-3
2.840278E-1,1.468906E-3
2.843750E-1,1.468021E-3
2.847222E-1,1.467135E-3
2.850694E-1,1.466249E-3
2.854167E-1,1.465364E-3
2.857639E-1,1.464478E-3
2.861111E-1,1.463592E-3
2.864583E-1,1.462706E-3
2.868056E-1,1.461910E-3
2.871528E-1,1.461317E-3
2.875000E-1,1.460724E-3
2.878472E-1,1.460130E-3
2.881944E-1,1.459537E-3
2.885417E-1,1.458944E-3
2.888889E-1,1.458351E-3
2.892361E-1,1.457758E-3
2.895833E-1,1.457165E-3
2.899306E-1,1.456572E-3
2.902778E-1,1.455979E-3
2.906250E-1,1.455386E-3
2.909722E-1,1.454793E-3
2.913194E-1,1.454200E-3
2.916667E-1,1.453607E-3
2.920139E-1,1.453013E-3
2.923611E-1,1.452420E-3
2.927083E-1,1.451827E-3
2.930556E-1,1.451234E-3
2.934028E-1,1.450641E-3
2.937500E-1,1.450048E-3
2.940972E-1,1.449455E-3
2.944444E-1,1.448862E-3
2.947917E-1,1.448269E-3
2.951389E-1,1.447676E-3
2.954861E-1,1.447083E-3
2.958333E-1,1.446490E-3
2.961806E-1,1.445896E-3
2.965278E-1,1.445303E-3
2.968750E-1,1.444710E-3
2.972222E-1,1.444117E-3
2.975694E-1,1.443524E-3
2.979167E-1,1.442931E-3
2.982639E-1,1.442338E-3
2.986111E-1,1.441745E-3
2.989583E-1,1.441152E-3
2.993056E-1,1.440559E-3
2.996528E-1,1.439966E-3
3.000000E-1,1.439373E-3
3.003472E-1,1.438780E-3
3.006944E-1,1.438186E-3
3.010417E-1,1.437593E-3
3.013889E-1,1.437000E-3
3.017361E-1,1.436407E-3
3.020833E-1,1.435814E-3
3.024306E-1,1.435221E-3
3.027778E-1,1.434628E-3
3.031250E-1,1.434035E-3
3.034722E-1,1.433442E-3
3.038194E-1,1.432849E-3
3.041667E-1,1.432256E-3
3.045139E-1,1.431663E-3
3.048611E-1,1.431069E-3
3.052083E-1,1.430476E-3
3.055556E-1,1.429883E-3
3.059028E-1,1.429290E-3
3.062500E-1,1.428697E-3
3.065972E-1,1.428104E-3
3.069444E-1,1.427511E-3
3.072917E-1,1.426918E-3
3.076389E-1,1.426325E-3
3.079861E-1,1.425732E-3
3.083333E-1,1.425139E-3
3.086806E-1,1.424546E-3
3.090278E-1,1.423952E-3
3.093750E-1,1.423359E-3
3.097222E-1,1.422766E-3
3.100694E-1,1.422173E-3
3.104167E-1,1.421580E-3
3.107639E-1,1.420987E-3
3.111111E-1,1.420394E-3
3.114583E-1,1.419801E-3
3.118056E-1,1.419208E-3
3.121528E-1,1.418615E-3
3.125000E-1,1.418022E-3
3.128472E-1,1.417429E-3
3.131944E-1,1.416835E-3
3.135417E-1,1.416242E-3
3.138889E-1,1.415649E-3
3.142361E-1,1.415056E-3
3.145833E-1,1.414463E-3
3.149306E-1,1.413870E-3
3.152778E-1,1.413277E-3
3.156250E-1,1.412684E-3
3.159722E-1,1.412091E-3
3.163194E-1,1.411498E-3
3.166667E-1,1.410905E-3
3.170139E-1,1.410312E-3
3.173611E-1,1.409718E-3
3.177083E-1,1.409125E-3
3.180556E-1,1.408532E-3
3.184028E-1,1.407939E-3
3.187500E-1,1.407346E-3
3.190972E-1,1.406753E-3
3.194444E-1,1.406160E-3
3.197917E-1,1.405567E-3
3.201389E-1,1.404974E-3
3.204861E-1,1.404381E-3
3.208333E-1,1.403788E-3
3.211806E-1,1.403195E-3
3.215278E-1,1.402602E-3
3.218750E-1,1.402008E-3
3.222222E-1,1.401415E-3
3.225694E-1,1.400822E-3
3.229167E-1,1.400229E-3
3.232639E-1,1.399636E-3
3.236111E-1,1.399043E-3
3.239583E-1,1.398450E-3
3.243056E-1,1.397857E-3
3.246528E-1,1.397264E-3
3.250000E-1,1.396671E-3
3.253472E-1,1.396078E-3
3.256944E-1,1.395485E-3
3.260417E-1,1.394891E-3
3.263889E-1,1.394298E-3
3.267361E-1,1.393705E-3
3.270833E-1,1.393112E-3
3.274306E-1,1.392519E-3
3.277778E-1,1.391926E-3
3.281250E-1,1.391333E-3
3.284722E-1,1.390740E-3
3.288194E-1,1.390147E-3
3.291667E-1,1.389554E-3
3.295139E-1,1.388961E-3
3.298611E-1,1.388368E-3
3.302083E-1,1.387774E-3
3.305556E-1,1.387181E-3
3.309028E-1,1.386588E-3
3.312500E-1,1.385995E-3
3.315972E-1,1.385402E-3
3.319444E-1,1.384809E-3
3.322917E-1,1.385035E-3
3.326389E-1,1.385488E-3
3.329861E-1,1.385941E-3
3.333333E-1,1.386394E-3
3.336806E-1,1.386847E-3
3.340278E-1,1.387300E-3
3.343750E-1,1.387754E-3
3.347222E-1,1.388207E-3
3.350694E-1,1.388660E-3
3.354167E-1,1.389113E-3
3.357639E-1,1.389566E-3
3.361111E-1,1.390019E-3
3.364583E-1,1.390473E-3
3.368056E-1,1.390926E-3
3.371528E-1,1.391379E-3
3.375000E-1,1.391832E-3
3.378472E-1,1.392285E-3
3.381944E-1,1.392738E-3
3.385417E-1,1.393192E-3
3.388889E-1,1.393645E-3
3.392361E-1,1.394098E-3
3.395833E-1,1.394551E-3
3.399306E-1,1.395004E-3
3.402778E-1,1.395457E-3
3.406250E-1,1.395911E-3
3.409722E-1,1.396364E-3
3.413194E-1,1.396817E-3
3.416667E-1,1.397270E-3
3.420139E-1,1.397723E-3
3.423611E-1,1.398176E-3
3.427083E-1,1.398630E-3
3.430556E-1,1.399083E-3
3.434028E-1,1.399536E-3
3.437500E-1,1.399989E-3
3.440972E-1,1.400442E-3
3.444444E-1,1.400895E-3
3.447917E-1,1.401349E-3
3.451389E-1,1.401802E-3
3.454861E-1,1.402255E-3
3.458333E-1,1.402708E-3
3.461806E-1,1.403161E-3
3.465278E-1,1.403614E-3
3.468750E-1,1.404068E-3
3.472222E-1,1.404521E-3
3.475694E-1,1.404974E-3
3.479167E-1,1.405427E-3
3.482639E-1,1.405880E-3
3.486111E-1,1.406333E-3
3.489583E-1,1.406787E-3
3.493056E-1,1.407240E-3
3.496528E-1,1.407693E-3
3.500000E-1,1.408146E-3
3.503472E-1,1.408599E-3
3.506944E-1,1.409052E-3
3.510417E-1,1.409506E-3
3.513889E-1,1.409959E-3
3.517361E-1,1.410412E-3
3.520833E-1,1.410865E-3
3.524306E-1,1.411318E-3
3.527778E-1,1.411771E-3
3.531250E-1,1.412225E-3
3.534722E-1,1.412678E-3
3.538194E-1,1.413131E-3
3.541667E-1,1.413584E-3
3.545139E-1,1.414037E-3
3.548611E-1,1.414490E-3
3.552083E-1,1.414943E-3
3.555556E-1,1.415397E-3
3.559028E-1,1.415850E-3
3.562500E-1,1.416303E-3
3.565972E-1,1.416756E-3
3.569444E-1,1.417209E-3
3.572917E-1,1.417663E-3
3.576389E-1,1.418116E-3
3.579861E-1,1.418569E-3
3.583333E-1,1.419022E-3
3.586806E-1,1.419475E-3
3.590278E-1,1.419928E-3
3.593750E-1,1.420381E-3
3.597222E-1,1.420835E-3
3.600694E-1,1.421288E-3
3.604167E-1,1.421741E-3
3.607639E-1,1.422194E-3
3.611111E-1,1.422647E-3
3.614583E-1,1.423100E-3
3.618056E-1,1.423554E-3
3.621528E-1,1.424007E-3
3.625000E-1,1.424460E-3
3.628472E-1,1.424913E-3
3.631944E-1,1.425366E-3
3.635417E-1,1.425819E-3
3.638889E-1,1.426273E-3
3.642361E-1,1.426726E-3
3.645833E-1,1.427179E-3
3.649306E-1,1.427632E-3
3.652778E-1,1.428085E-3
3.656250E-1,1.428538E-3
3.659722E-1,1.428992E-3
3.663194E-1,1.429445E-3
3.666667E-1,1.429898E-3
3.670139E-1,1.430351E-3
3.673611E-1,1.430804E-3
3.677083E-1,1.431257E-3
3.680556E-1,1.431711E-3
3.684028E-1,1.432164E-3
3.687500E-1,1.432617E-3
3.690972E-1,1.433070E-3
3.694444E-1,1.433523E-3
3.697917E-1,1.433976E-3
3.701389E-1,1.434430E-3
3.704861E-1,1.434883E-3
3.708333E-1,1.435336E-3
3.711806E-1,1.435789E-3
3.715278E-1,1.436242E-3
3.718750E-1,1.436695E-3
3.722222E-1,1.437149E-3
3.725694E-1,1.437602E-3
3.729167E-1,1.438055E-3
3.732639E-1,1.438508E-3
3.736111E-1,1.438961E-3
3.739583E-1,1.439414E-3
3.743056E-1,1.439868E-3
3.746528E-1,1.440758E-3
3.750000E-1,1.441777E-3
3.753472E-1,1.442796E-3
3.756944E-1,1.443814E-3
3.760417E-1,1.444833E-3
3.763889E-1,1.445851E-3
3.767361E-1,1.446870E-3
3.770833E-1,1.447889E-3
3.774306E-1,1.448907E-3
3.777778E-1,1.449926E-3
3.781250E-1,1.450944E-3
3.784722E-1,1.451963E-3
3.788194E-1,1.452982E-3
3.791667E-1,1.454000E-3
3.795139E-1,1.455019E-3
3.798611E-1,1.456037E-3
3.802083E-1,1.457056E-3
3.805556E-1,1.458075E-3
3.809028E-1,1.459093E-3
3.812500E-1,1.460112E-3
3.815972E-1,1.461130E-3
3.819444E-1,1.462149E-3
3.822917E-1,1.463168E-3
3.826389E-1,1.464186E-3
3.829861E-1,1.465205E-3
3.833333E-1,1.466223E-3
3.836806E-1,1.467242E-3
3.840278E-1,1.468261E-3
3.843750E-1,1.469279E-3
3.847222E-1,1.470298E-3
3.850694E-1,1.471316E-3
3.854167E-1,1.472335E-3
3.857639E-1,1.473354E-3
3.861111E-1,1.474372E-3
3.864583E-1,1.475391E-3
3.868056E-1,1.476409E-3
3.871528E-1,1.477428E-3
3.875000E-1,1.478447E-3
3.878472E-1,1.479465E-3
3.881944E-1,1.480484E-3
3.885417E-1,1.481502E-3
3.888889E-1,1.482521E-3
3.892361E-1,1.483540E-3
3.895833E-1,1.484558E-3
3.899306E-1,1.485577E-3
3.902778E-1,1.486595E-3
3.906250E-1,1.487614E-3
3.909722E-1,1.488633E-3
3.913194E-1,1.489651E-3
3.916667E-1,1.490670E-3
3.920139E-1,1.491688E-3
3.923611E-1,1.492707E-3
3.927083E-1,1.493726E-3
3.930556E-1,1.494744E-3
3.934028E-1,1.495763E-3
3.937500E-1,1.496781E-3
3.940972E-1,1.497800E-3
3.944444E-1,1.498819E-3
3.947917E-1,1.499837E-3
3.951389E-1,1.500856E-3
3.954861E-1,1.501874E-3
3.958333E-1,1.502893E-3
3.961806E-1,1.503912E-3
3.965278E-1,1.504930E-3
3.968750E-1,1.505949E-3
3.972222E-1,1.506967E-3
3.975694E-1,1.507986E-3
3.979167E-1,1.509005E-3
3.982639E-1,1.510023E-3
3.986111E-1,1.511042E-3
3.989583E-1,1.512060E-3
3.993056E-1,1.513079E-3
3.996528E-1,1.514098E-3
4.000000E-1,1.515116E-3
4.003472E-1,1.516135E-3
4.006944E-1,1.517153E-3
4.010417E-1,1.518172E-3
4.013889E-1,1.519191E-3
4.017361E-1,1.520209E-3
4.020833E-1,1.521228E-3
4.024306E-1,1.522246E-3
4.027778E-1,1.523265E-3
4.031250E-1,1.524284E-3
4.034722E-1,1.525302E-3
4.038194E-1,1.526321E-3
4.041667E-1,1.527339E-3
4.045139E-1,1.528358E-3
4.048611E-1,1.529377E-3
4.052083E-1,1.530395E-3
4.055556E-1,1.531414E-3
4.059028E-1,1.532432E-3
4.062500E-1,1.533451E-3
4.065972E-1,1.534470E-3
4.069444E-1,1.535488E-3
4.072917E-1,1.536507E-3
4.076389E-1,1.537525E-3
4.079861E-1,1.538544E-3
4.083333E-1,1.539563E-3
4.086806E-1,1.540581E-3
4.090278E-1,1.541600E-3
4.093750E-1,1.542618E-3
4.097222E-1,1.543637E-3
4.100694E-1,1.544656E-3
4.104167E-1,1.545674E-3
4.107639E-1,1.546693E-3
4.111111E-1,1.547711E-3
4.114583E-1,1.548730E-3
4.118056E-1,1.549749E-3
4.121528E-1,1.550767E-3
4.125000E-1,1.551786E-3
4.128472E-1,1.552804E-3
4.131944E-1,1.553823E-3
4.135417E-1,1.554842E-3
4.138889E-1,1.555860E-3
4.142361E-1,1.556879E-3
4.145833E-1,1.557897E-3
4.149306E-1,1.558916E-3
4.152778E-1,1.559935E-3
4.156250E-1,1.560953E-3
4.159722E-1,1.561972E-3
4.163194E-1,1.562990E-3
4.166667E-1,1.564009E-3
4.170139E-1,1.565028E-3
4.173611E-1,1.566046E-3
4.177083E-1,1.567065E-3
4.180556E-1,1.568238E-3
4.184028E-1,1.569425E-3
4.187500E-1,1.570611E-3
4.190972E-1,1.571797E-3
4.194444E-1,1.572983E-3
4.197917E-1,1.574169E-3
4.201389E-1,1.575355E-3
4.204861E-1,1.576542E-3
4.208333E-1,1.577728E-3
4.211806E-1,1.578914E-3
4.215278E-1,1.580100E-3
4.218750E-1,1.581286E-3
4.222222E-1,1.582472E-3
4.225694E-1,1.583659E-3
4.229167E-1,1.584845E-3
4.232639E-1,1.586031E-3
4.236111E-1,1.587217E-3
4.239583E-1,1.588403E-3
4.243056E-1,1.589589E-3
4.246528E-1,1.590776E-3
4.250000E-1,1.591962E-3
4.253472E-1,1.593148E-3
4.256944E-1,1.594334E-3
4.260417E-1,1.595520E-3
4.263889E-1,1.596706E-3
4.267361E-1,1.597893E-3
4.270833E-1,1.599079E-3
4.274306E-1,1.600265E-3
4.277778E-1,1.601451E-3
4.281250E-1,1.602637E-3
4.284722E-1,1.603823E-3
4.288194E-1,1.605010E-3
4.291667E-1,1.606196E-3
4.295139E-1,1.607382E-3
4.298611E-1,1.608568E-3
4.302083E-1,1.609754E-3
4.305556E-1,1.610940E-3
4.309028E-1,1.612127E-3
4.312500E-1,1.613313E-3
4.315972E-1,1.614499E-3
4.319444E-1,1.615685E-3
4.322917E-1,1.616871E-3
4.326389E-1,1.618057E-3
4.329861E-1,1.619244E-3
4.333333E-1,1.620430E-3
4.336806E-1,1.621616E-3
4.340278E-1,1.622802E-3
4.343750E-1,1.623988E-3
4.347222E-1,1.625174E-3
4.350694E-1,1.626360E-3
4.354167E-1,1.627547E-3
4.357639E-1,1.628733E-3
4.361111E-1,1.629919E-3
4.364583E-1,1.631105E-3
4.368056E-1,1.632291E-3
4.371528E-1,1.633478E-3
4.375000E-1,1.634664E-3
4.378472E-1,1.635850E-3
4.381944E-1,1.637036E-3
4.385417E-1,1.638222E-3
4.388889E-1,1.639408E-3
4.392361E-1,1.640594E-3
4.395833E-1,1.641781E-3
4.399306E-1,1.642967E-3
4.402778E-1,1.644153E-3
4.406250E-1,1.645339E-3
4.409722E-1,1.646525E-3
4.413194E-1,1.647711E-3
4.416667E-1,1.648898E-3
4.420139E-1,1.650084E-3
4.423611E-1,1.651270E-3
4.427083E-1,1.652456E-3
4.430556E-1,1.653642E-3
4.434028E-1,1.654828E-3
4.437500E-1,1.656015E-3
4.440972E-1,1.657201E-3
4.444444E-1,1.658387E-3
4.447917E-1,1.659573E-3
4.451389E-1,1.660759E-3
4.454861E-1,1.661945E-3
4.458333E-1,1.663132E-3
4.461806E-1,1.664318E-3
4.465278E-1,1.665504E-3
4.468750E-1,1.666690E-3
4.472222E-1,1.667876E-3
4.475694E-1,1.669062E-3
4.479167E-1,1.670249E-3
4.482639E-1,1.671435E-3
4.486111E-1,1.672621E-3
4.489583E-1,1.673807E-3
4.493056E-1,1.674993E-3
4.496528E-1,1.676179E-3
4.500000E-1,1.677366E-3
4.503472E-1,1.678552E-3
4.506944E-1,1.679738E-3
4.510417E-1,1.680924E-3
4.513889E-1,1.682110E-3
4.517361E-1,1.683296E-3
4.520833E-1,1.684483E-3
4.524306E-1,1.685669E-3
4.527778E-1,1.686855E-3
4.531250E-1,1.688041E-3
4.534722E-1,1.689227E-3
4.538194E-1,1.690413E-3
4.541667E-1,1.691600E-3
4.545139E-1,1.692786E-3
4.548611E-1,1.693972E-3
4.552083E-1,1.695158E-3
4.555556E-1,1.696344E-3
4.559028E-1,1.697530E-3
4.562500E-1,1.698717E-3
4.565972E-1,1.699903E-3
4.569444E-1,1.701089E-3
4.572917E-1,1.702275E-3
4.576389E-1,1.703461E-3
4.579861E-1,1.704647E-3
4.583333E-1,1.705833E-3
4.586806E-1,1.707020E-3
4.590278E-1,1.708206E-3
4.593750E-1,1.709392E-3
4.597222E-1,1.710578E-3
4.600694E-1,1.711764E-3
4.604167E-1,1.712950E-3
4.607639E-1,1.714137E-3
4.611111E-1,1.715323E-3
4.614583E-1,1.716509E-3
4.618056E-1,1.717695E-3
4.621528E-1,1.718881E-3
4.625000E-1,1.720067E-3
4.628472E-1,1.721254E-3
4.631944E-1,1.722638E-3
4.635417E-1,1.724315E-3
4.638889E-1,1.725992E-3
4.642361E-1,1.727668E-3
4.645833E-1,1.729345E-3
4.649306E-1,1.731022E-3
4.652778E-1,1.732699E-3
4.656250E-1,1.734375E-3
4.659722E-1,1.736052E-3
4.663194E-1,1.737729E-3
4.666667E-1,1.739406E-3
4.670139E-1,1.741082E-3
4.673611E-1,1.742759E-3
4.677083E-1,1.744436E-3
4.680556E-1,1.746112E-3
4.684028E-1,1.747789E-3
4.687500E-1,1.749466E-3
4.690972E-1,1.751143E-3
4.694444E-1,1.752819E-3
4.697917E-1,1.754496E-3
4.701389E-1,1.756173E-3
4.704861E-1,1.757850E-3
4.708333E-1,1.759526E-3
4.711806E-1,1.761203E-3
4.715278E-1,1.762880E-3
4.718750E-1,1.764556E-3
4.722222E-1,1.766233E-3
4.725694E-1,1.767910E-3
4.729167E-1,1.769587E-3
4.732639E-1,1.771263E-3
4.736111E-1,1.772940E-3
4.739583E-1,1.774617E-3
4.743056E-1,1.776294E-3
4.746528E-1,1.777970E-3
4.750000E-1,1.779647E-3
4.753472E-1,1.781324E-3
4.756944E-1,1.783001E-3
4.760417E-1,1.784677E-3
4.763889E-1,1.786354E-3
4.767361E-1,1.788031E-3
4.770833E-1,1.789707E-3
4.774306E-1,1.791384E-3
4.777778E-1,1.793061E-3
4.781250E-1,1.794738E-3
4.784722E-1,1.796414E-3
4.788194E-1,1.798091E-3
4.791667E-1,1.799768E-3
4.795139E-1,1.801445E-3
4.798611E-1,1.803121E-3
4.802083E-1,1.804798E-3
4.805556E-1,1.806475E-3
4.809028E-1,1.808152E-3
4.812500E-1,1.809828E-3
4.815972E-1,1.811505E-3
4.819444E-1,1.813182E-3
4.822917E-1,1.814858E-3
4.826389E-1,1.816535E-3
4.829861E-1,1.818212E-3
4.833333E-1,1.819889E-3
4.836806E-1,1.821565E-3
4.840278E-1,1.823242E-3
4.843750E-1,1.824919E-3
4.847222E-1,1.826596E-3
4.850694E-1,1.828272E-3
4.854167E-1,1.829949E-3
4.857639E-1,1.831626E-3
4.861111E-1,1.833302E-3
4.864583E-1,1.834979E-3
4.868056E-1,1.836656E-3
4.871528E-1,1.838333E-3
4.875000E-1,1.840009E-3
4.878472E-1,1.841686E-3
4.881944E-1,1.843363E-3
4.885417E-1,1.845040E-3
4.888889E-1,1.846716E-3
4.892361E-1,1.848393E-3
4.895833E-1,1.850070E-3
4.899306E-1,1.851747E-3
4.902778E-1,1.853423E-3
4.906250E-1,1.855100E-3
4.909722E-1,1.856777E-3
4.913194E-1,1.858453E-3
4.916667E-1,1.860130E-3
4.920139E-1,1.861807E-3
4.923611E-1,1.863484E-3
4.927083E-1,1.865160E-3
4.930556E-1,1.866837E-3
4.934028E-1,1.868514E-3
4.937500E-1,1.870191E-3
4.940972E-1,1.871867E-3
4.944444E-1,1.873544E-3
4.947917E-1,1.875221E-3
4.951389E-1,1.876897E-3
4.954861E-1,1.878574E-3
4.958333E-1,1.880251E-3
4.961806E-1,1.881928E-3
4.965278E-1,1.883604E-3
4.968750E-1,1.885281E-3
4.972222E-1,1.886958E-3
4.975694E-1,1.888635E-3
4.979167E-1,1.890311E-3
4.982639E-1,1.891988E-3
4.986111E-1,1.893665E-3
4.989583E-1,1.895342E-3
4.993056E-1,1.897018E-3
4.996528E-1,1.898695E-3
5.000000E-1,1.900372E-3
5.003472E-1,1.902048E-3
5.006944E-1,1.903725E-3
5.010417E-1,1.905402E-3
5.013889E-1,1.907079E-3
5.017361E-1,1.908755E-3
5.020833E-1,1.910432E-3
5.024306E-1,1.912109E-3
5.027778E-1,1.913786E-3
5.031250E-1,1.915462E-3
5.034722E-1,1.917139E-3
5.038194E-1,1.918816E-3
5.041667E-1,1.920493E-3
5.045139E-1,1.922169E-3
5.048611E-1,1.923846E-3
5.052083E-1,1.925523E-3
5.055556E-1,1.927289E-3
5.059028E-1,1.929195E-3
5.062500E-1,1.931100E-3
5.065972E-1,1.933006E-3
5.069444E-1,1.934911E-3
5.072917E-1,1.936816E-3
5.076389E-1,1.938722E-3
5.079861E-1,1.940627E-3
5.083333E-1,1.942532E-3
5.086806E-1,1.944438E-3
5.090278E-1,1.946343E-3
5.093750E-1,1.948249E-3
5.097222E-1,1.950154E-3
5.100694E-1,1.952059E-3
5.104167E-1,1.953965E-3
5.107639E-1,1.955870E-3
5.111111E-1,1.957776E-3
5.114583E-1,1.959681E-3
5.118056E-1,1.961586E-3
5.121528E-1,1.963492E-3
5.125000E-1,1.965397E-3
5.128472E-1,1.967303E-3
5.131944E-1,1.969208E-3
5.135417E-1,1.971113E-3
5.138889E-1,1.973019E-3
5.142361E-1,1.974924E-3
5.145833E-1,1.976830E-3
5.149306E-1,1.978735E-3
5.152778E-1,1.980640E-3
5.156250E-1,1.982546E-3
5.159722E-1,1.984451E-3
5.163194E-1,1.986357E-3
5.166667E-1,1.988262E-3
5.170139E-1,1.990167E-3
5.173611E-1,1.992073E-3
5.177083E-1,1.993978E-3
5.180556E-1,1.995884E-3
5.184028E-1,1.997789E-3
5.187500E-1,1.999694E-3
5.190972E-1,2.001600E-3
5.194444E-1,2.003505E-3
5.197917E-1,2.005411E-3
5.201389E-1,2.007316E-3
5.204861E-1,2.009221E-3
5.208333E-1,2.011127E-3
5.211806E-1,2.013032E-3
5.215278E-1,2.014938E-3
5.218750E-1,2.016843E-3
5.222222E-1,2.018748E-3
5.225694E-1,2.020654E-3
5.229167E-1,2.022559E-3
5.232639E-1,2.024465E-3
5.236111E-1,2.026370E-3
5.239583E-1,2.028275E-3
5.243056E-1,2.030181E-3
5.246528E-1,2.032086E-3
5.250000E-1,2.033991E-3
5.253472E-1,2.035897E-3
5.256944E-1,2.037802E-3
5.260417E-1,2.039708E-3
5.263889E-1,2.041613E-3
5.267361E-1,2.043518E-3
5.270833E-1,2.045424E-3
5.274306E-1,2.047329E-3
5.277778E-1,2.049235E-3
5.281250E-1,2.051140E-3
5.284722E-1,2.053045E-3
5.288194E-1,2.054951E-3
5.291667E-1,2.056856E-3
5.295139E-1,2.058762E-3
5.298611E-1,2.060667E-3
5.302083E-1,2.062572E-3
5.305556E-1,2.064478E-3
5.309028E-1,2.066383E-3
5.312500E-1,2.068289E-3
5.315972E-1,2.070194E-3
5.319444E-1,2.072099E-3
5.322917E-1,2.074005E-3
5.326389E-1,2.075910E-3
5.329861E-1,2.077816E-3
5.333333E-1,2.079721E-3
5.336806E-1,2.081626E-3
5.340278E-1,2.083532E-3
5.343750E-1,2.085437E-3
5.347222E-1,2.087343E-3
5.350694E-1,2.089248E-3
5.354167E-1,2.091153E-3
5.357639E-1,2.093059E-3
5.361111E-1,2.094964E-3
5.364583E-1,2.096870E-3
5.368056E-1,2.098775E-3
5.371528E-1,2.100680E-3
5.375000E-1,2.102586E-3
5.378472E-1,2.104491E-3
5.381944E-1,2.106396E-3
5.385417E-1,2.108302E-3
5.388889E-1,2.110207E-3
5.392361E-1,2.112113E-3
5.395833E-1,2.114018E-3
5.399306E-1,2.115923E-3
5.402778E-1,2.117829E-3
5.406250E-1,2.119734E-3
5.409722E-1,2.121640E-3
5.413194E-1,2.123545E-3
5.416667E-1,2.125450E-3
5.420139E-1,2.127356E-3
5.423611E-1,2.129261E-3
5.427083E-1,2.131167E-3
5.430556E-1,2.133072E-3
5.434028E-1,2.134977E-3
5.437500E-1,2.136883E-3
5.440972E-1,2.138788E-3
5.444444E-1,2.140694E-3
5.447917E-1,2.142599E-3
5.451389E-1,2.144504E-3
5.454861E-1,2.146410E-3
5.458333E-1,2.148315E-3
5.461806E-1,2.150221E-3
5.465278E-1,2.152126E-3
5.468750E-1,2.154031E-3
5.472222E-1,2.155937E-3
5.475694E-1,2.157842E-3
5.479167E-1,2.159748E-3
5.482639E-1,2.161653E-3
5.486111E-1,2.163558E-3
5.489583E-1,2.165464E-3
5.493056E-1,2.167369E-3
5.496528E-1,2.169275E-3
5.500000E-1,2.171303E-3
5.503472E-1,2.173381E-3
5.506944E-1,2.175460E-3
5.510417E-1,2.177538E-3
5.513889E-1,2.179617E-3
5.517361E-1,2.181695E-3
5.520833E-1,2.183774E-3
5.524306E-1,2.185853E-3
5.527778E-1,2.187931E-3
5.531250E-1,2.190010E-3
5.534722E-1,2.192088E-3
5.538194E-1,2.194167E-3
5.541667E-1,2.196245E-3
5.545139E-1,2.198324E-3
5.548611E-1,2.200402E-3
5.552083E-1,2.202481E-3
5.555556E-1,2.204560E-3
5.559028E-1,2.206638E-3
5.562500E-1,2.208717E-3
5.565972E-1,2.210795E-3
5.569444E-1,2.212874E-3
5.572917E-1,2.214952E-3
5.576389E-1,2.217031E-3
5.579861E-1,2.219109E-3
5.583333E-1,2.221188E-3
5.586806E-1,2.223267E-3
5.590278E-1,2.225345E-3
5.593750E-1,2.227424E-3
5.597222E-1,2.229502E-3
5.600694E-1,2.231581E-3
5.604167E-1,2.233659E-3
5.607639E-1,2.235738E-3
5.611111E-1,2.237816E-3
5.614583E-1,2.239895E-3
5.618056E-1,2.241974E-3
5.621528E-1,2.244052E-3
5.625000E-1,2.246131E-3
5.628472E-1,2.248209E-3
5.631944E-1,2.250288E-3
5.635417E-1,2.252366E-3
5.638889E-1,2.254445E-3
5.642361E-1,2.256523E-3
5.645833E-1,2.258602E-3
5.649306E-1,2.260681E-3
5.652778E-1,2.262759E-3
5.656250E-1,2.264838E-3
5.659722E-1,2.266916E-3
5.663194E-1,2.268995E-3
5.666667E-1,2.271073E-3
5.670139E-1,2.273152E-3
5.673611E-1,2.275230E-3
5.677083E-1,2.277309E-3
5.680556E-1,2.279388E-3
5.684028E-1,2.281466E-3
5.687500E-1,2.283545E-3
5.690972E-1,2.285623E-3
5.694444E-1,2.287702E-3
5.697917E-1,2.289780E-3
5.701389E-1,2.291859E-3
5.704861E-1,2.293937E-3
5.708333E-1,2.296016E-3
5.711806E-1,2.298095E-3
5.715278E-1,2.300173E-3
5.718750E-1,2.302252E-3
5.722222E-1,2.304330E-3
5.725694E-1,2.306409E-3
5.729167E-1,2.308487E-3
5.732639E-1,2.310566E-3
5.736111E-1,2.312644E-3
5.739583E-1,2.314723E-3
5.743056E-1,2.316802E-3
5.746528E-1,2.318880E-3
5.750000E-1,2.320959E-3
5.753472E-1,2.323037E-3
5.756944E-1,2.325116E-3
5.760417E-1,2.327194E-3
5.763889E-1,2.329273E-3
5.767361E-1,2.331351E-3
5.770833E-1,2.333430E-3
5.774306E-1,2.335509E-3
5.777778E-1,2.337587E-3
5.781250E-1,2.339666E-3
5.784722E-1,2.341744E-3
5.788194E-1,2.343823E-3
5.791667E-1,2.345901E-3
5.795139E-1,2.347980E-3
5.798611E-1,2.350058E-3
5.802083E-1,2.352137E-3
5.805556E-1,2.354216E-3
5.809028E-1,2.356294E-3
5.812500E-1,2.358373E-3
5.815972E-1,2.360451E-3
5.819444E-1,2.362530E-3
5.822917E-1,2.364608E-3
5.826389E-1,2.366687E-3
5.829861E-1,2.368765E-3
5.833333E-1,2.370844E-3
5.836806E-1,2.372923E-3
5.840278E-1,2.375001E-3
5.843750E-1,2.377080E-3
5.847222E-1,2.379158E-3
5.850694E-1,2.381237E-3
5.854167E-1,2.383315E-3
5.857639E-1,2.385394E-3
5.861111E-1,2.387472E-3
5.864583E-1,2.389551E-3
5.868056E-1,2.391630E-3
5.871528E-1,2.393708E-3
5.875000E-1,2.395787E-3
5.878472E-1,2.397865E-3
5.881944E-1,2.399944E-3
5.885417E-1,2.402022E-3
5.888889E-1,2.404101E-3
5.892361E-1,2.406179E-3
5.895833E-1,2.408258E-3
5.899306E-1,2.410337E-3
5.902778E-1,2.412415E-3
5.906250E-1,2.414494E-3
5.909722E-1,2.416572E-3
5.913194E-1,2.418651E-3
5.916667E-1,2.420729E-3
5.920139E-1,2.422808E-3
5.923611E-1,2.424886E-3
5.927083E-1,2.426965E-3
5.930556E-1,2.429044E-3
5.934028E-1,2.431122E-3
5.937500E-1,2.433201E-3
5.940972E-1,2.435280E-3
5.944444E-1,2.437402E-3
5.947917E-1,2.439524E-3
5.951389E-1,2.441646E-3
5.954861E-1,2.443768E-3
5.958333E-1,2.445890E-3
5.961806E-1,2.448011E-3
5.965278E-1,2.450133E-3
5.968750E-1,2.452255E-3
5.972222E-1,2.454377E-3
5.975694E-1,2.456499E-3
5.979167E-1,2.458621E-3
5.982639E-1,2.460743E-3
5.986111E-1,2.462864E-3
5.989583E-1,2.464986E-3
5.993056E-1,2.467108E-3
5.996528E-1,2.469230E-3
6.000000E-1,2.471352E-3
6.003472E-1,2.473474E-3
6.006944E-1,2.475596E-3
6.010417E-1,2.477718E-3
6.013889E-1,2.479839E-3
6.017361E-1,2.481961E-3
6.020833E-1,2.484083E-3
6.024306E-1,2.486205E-3
6.027778E-1,2.488327E-3
6.031250E-1,2.490449E-3
6.034722E-1,2.492571E-3
6.038194E-1,2.494692E-3
6.041667E-1,2.496814E-3
6.045139E-1,2.498936E-3
6.048611E-1,2.501058E-3
6.052083E-1,2.503180E-3
6.055556E-1,2.505302E-3
6.059028E-1,2.507424E-3
6.062500E-1,2.509546E-3
6.065972E-1,2.511667E-3
6.069444E-1,2.513789E-3
6.072917E-1,2.515911E-3
6.076389E-1,2.518033E-3
6.079861E-1,2.520155E-3
6.083333E-1,2.522277E-3
6.086806E-1,2.524399E-3
6.090278E-1,2.526520E-3
6.093750E-1,2.528642E-3
6.097222E-1,2.530764E-3
6.100694E-1,2.532886E-3
6.104167E-1,2.535008E-3
6.107639E-1,2.537130E-3
6.111111E-1,2.539252E-3
6.114583E-1,2.541374E-3
6.118056E-1,2.543495E-3
6.121528E-1,2.545617E-3
6.125000E-1,2.547739E-3
6.128472E-1,2.549861E-3
6.131944E-1,2.551983E-3
6.135417E-1,2.554105E-3
6.138889E-1,2.556227E-3
6.142361E-1,2.558348E-3
6.145833E-1,2.560470E-3
6.149306E-1,2.562592E-3
6.152778E-1,2.564714E-3
6.156250E-1,2.566836E-3
6.159722E-1,2.568958E-3
6.163194E-1,2.571080E-3
6.166667E-1,2.573202E-3
6.170139E-1,2.575323E-3
6.173611E-1,2.577445E-3
6.177083E-1,2.579567E-3
6.180556E-1,2.581689E-3
6.184028E-1,2.583811E-3
6.187500E-1,2.585933E-3
6.190972E-1,2.588055E-3
6.194444E-1,2.590176E-3
6.197917E-1,2.592298E-3
6.201389E-1,2.594420E-3
6.204861E-1,2.596542E-3
6.208333E-1,2.598664E-3
6.211806E-1,2.600786E-3
6.215278E-1,2.602908E-3
6.218750E-1,2.605030E-3
6.222222E-1,2.607151E-3
6.225694E-1,2.609273E-3
6.229167E-1,2.611395E-3
6.232639E-1,2.613517E-3
6.236111E-1,2.615639E-3
6.239583E-1,2.617761E-3
6.243056E-1,2.619883E-3
6.246528E-1,2.622004E-3
6.250000E-1,2.624126E-3
6.253472E-1,2.626248E-3
6.256944E-1,2.628370E-3
6.260417E-1,2.630492E-3
6.263889E-1,2.632614E-3
6.267361E-1,2.634736E-3
6.270833E-1,2.636857E-3
6.274306E-1,2.638979E-3
6.277778E-1,2.641101E-3
6.281250E-1,2.643223E-3
6.284722E-1,2.645345E-3
6.288194E-1,2.647467E-3
6.291667E-1,2.649589E-3
6.295139E-1,2.651711E-3
6.298611E-1,2.653832E-3
6.302083E-1,2.655954E-3
6.305556E-1,2.658076E-3
6.309028E-1,2.660198E-3
6.312500E-1,2.662320E-3
6.315972E-1,2.664442E-3
6.319444E-1,2.666564E-3
6.322917E-1,2.668685E-3
6.326389E-1,2.670807E-3
6.329861E-1,2.672929E-3
6.333333E-1,2.675051E-3
6.336806E-1,2.677173E-3
6.340278E-1,2.679295E-3
6.343750E-1,2.681417E-3
6.347222E-1,2.683539E-3
6.350694E-1,2.685660E-3
6.354167E-1,2.687782E-3
6.357639E-1,2.689904E-3
6.361111E-1,2.692026E-3
6.364583E-1,2.694148E-3
6.368056E-1,2.696270E-3
6.371528E-1,2.698392E-3
6.375000E-1,2.700513E-3
6.378472E-1,2.702635E-3
6.381944E-1,2.704757E-3
6.385417E-1,2.706805E-3
6.388889E-1,2.708707E-3
6.392361E-1,2.710609E-3
6.395833E-1,2.712512E-3
6.399306E-1,2.714414E-3
6.402778E-1,2.716316E-3
6.406250E-1,2.718218E-3
6.409722E-1,2.720121E-3
6.413194E-1,2.722023E-3
6.416667E-1,2.723925E-3
6.420139E-1,2.725828E-3
6.423611E-1,2.727730E-3
6.427083E-1,2.729632E-3
6.430556E-1,2.731535E-3
6.434028E-1,2.733437E-3
6.437500E-1,2.735339E-3
6.440972E-1,2.737241E-3
6.444444E-1,2.739144E-3
6.447917E-1,2.741046E-3
6.451389E-1,2.742948E-3
6.454861E-1,2.744851E-3
6.458333E-1,2.746753E-3
6.461806E-1,2.748655E-3
6.465278E-1,2.750558E-3
6.468750E-1,2.752460E-3
6.472222E-1,2.754362E-3
6.475694E-1,2.756264E-3
6.479167E-1,2.758167E-3
6.482639E-1,2.760069E-3
6.486111E-1,2.761971E-3
6.489583E-1,2.763874E-3
6.493056E-1,2.765776E-3
6.496528E-1,2.767678E-3
6.500000E-1,2.769581E-3
6.503472E-1,2.771483E-3
6.506944E-1,2.773385E-3
6.510417E-1,2.775287E-3
6.513889E-1,2.777190E-3
6.517361E-1,2.779092E-3
6.520833E-1,2.780994E-3
6.524306E-1,2.782897E-3
6.527778E-1,2.784799E-3
6.531250E-1,2.786701E-3
6.534722E-1,2.788604E-3
6.538194E-1,2.790506E-3
6.541667E-1,2.792408E-3
6.545139E-1,2.794310E-3
6.548611E-1,2.796213E-3
6.552083E-1,2.798115E-3
6.555556E-1,2.800017E-3
6.559028E-1,2.801920E-3
6.562500E-1,2.803822E-3
6.565972E-1,2.805724E-3
6.569444E-1,2.807627E-3
6.572917E-1,2.809529E-3
6.576389E-1,2.811431E-3
6.579861E-1,2.813333E-3
6.583333E-1,2.815236E-3
6.586806E-1,2.817138E-3
6.590278E-1,2.819040E-3
6.593750E-1,2.820943E-3
6.597222E-1,2.822845E-3
6.600694E-1,2.824747E-3
6.604167E-1,2.826650E-3
6.607639E-1,2.828552E-3
6.611111E-1,2.830454E-3
6.614583E-1,2.832356E-3
6.618056E-1,2.834259E-3
6.621528E-1,2.836161E-3
6.625000E-1,2.838063E-3
6.628472E-1,2.839966E-3
6.631944E-1,2.841868E-3
6.635417E-1,2.843770E-3
6.638889E-1,2.845673E-3
6.642361E-1,2.847575E-3
6.645833E-1,2.849477E-3
6.649306E-1,2.851379E-3
6.652778E-1,2.853282E-3
6.656250E-1,2.855184E-3
6.659722E-1,2.857086E-3
6.663194E-1,2.858989E-3
6.666667E-1,2.860891E-3
6.670139E-1,2.862793E-3
6.673611E-1,2.864696E-3
6.677083E-1,2.866598E-3
6.680556E-1,2.868500E-3
6.684028E-1,2.870402E-3
6.687500E-1,2.872305E-3
6.690972E-1,2.874207E-3
6.694444E-1,2.876109E-3
6.697917E-1,2.878012E-3
6.701389E-1,2.879914E-3
6.704861E-1,2.881816E-3
6.708333E-1,2.883719E-3
6.711806E-1,2.885621E-3
6.715278E-1,2.887523E-3
6.718750E-1,2.889425E-3
6.722222E-1,2.891328E-3
6.725694E-1,2.893230E-3
6.729167E-1,2.895132E-3
6.732639E-1,2.897035E-3
6.736111E-1,2.898937E-3
6.739583E-1,2.900839E-3
6.743056E-1,2.902742E-3
6.746528E-1,2.904644E-3
6.750000E-1,2.906546E-3
6.753472E-1,2.908448E-3
6.756944E-1,2.910351E-3
6.760417E-1,2.912253E-3
6.763889E-1,2.914155E-3
6.767361E-1,2.916058E-3
6.770833E-1,2.917960E-3
6.774306E-1,2.919862E-3
6.777778E-1,2.921765E-3
6.781250E-1,2.923667E-3
6.784722E-1,2.925569E-3
6.788194E-1,2.927471E-3
6.791667E-1,2.929374E-3
6.795139E-1,2.931276E-3
6.798611E-1,2.933135E-3
6.802083E-1,2.934781E-3
6.805556E-1,2.936426E-3
6.809028E-1,2.938072E-3
6.812500E-1,2.939718E-3
6.815972E-1,2.941363E-3
6.819444E-1,2.943009E-3
6.822917E-1,2.944654E-3
6.826389E-1,2.946300E-3
6.829861E-1,2.947945E-3
6.833333E-1,2.949591E-3
6.836806E-1,2.951236E-3
6.840278E-1,2.952882E-3
6.843750E-1,2.954527E-3
6.847222E-1,2.956173E-3
6.850694E-1,2.957818E-3
6.854167E-1,2.959464E-3
6.857639E-1,2.961110E-3
6.861111E-1,2.962755E-3
6.864583E-1,2.964401E-3
6.868056E-1,2.966046E-3
6.871528E-1,2.967692E-3
6.875000E-1,2.969337E-3
6.878472E-1,2.970983E-3
6.881944E-1,2.972628E-3
6.885417E-1,2.974274E-3
6.888889E-1,2.975919E-3
6.892361E-1,2.977565E-3
6.895833E-1,2.979210E-3
6.899306E-1,2.980856E-3
6.902778E-1,2.982502E-3
6.906250E-1,2.984147E-3
6.909722E-1,2.985793E-3
6.913194E-1,2.987438E-3
6.916667E-1,2.989084E-3
6.920139E-1,2.990729E-3
6.923611E-1,2.992375E-3
6.927083E-1,2.994020E-3
6.930556E-1,2.995666E-3
6.934028E-1,2.997311E-3
6.937500E-1,2.998957E-3
6.940972E-1,3.000602E-3
6.944444E-1,3.002248E-3
6.947917E-1,3.003893E-3
6.951389E-1,3.005539E-3
6.954861E-1,3.007185E-3
6.958333E-1,3.008830E-3
6.961806E-1,3.010476E-3
6.965278E-1,3.012121E-3
6.968750E-1,3.013767E-3
6.972222E-1,3.015412E-3
6.975694E-1,3.017058E-3
6.979167E-1,3.018703E-3
6.982639E-1,3.020349E-3
6.986111E-1,3.021994E-3
6.989583E-1,3.023640E-3
6.993056E-1,3.025285E-3
6.996528E-1,3.026931E-3
7.000000E-1,3.028577E-3
7.003472E-1,3.030222E-3
7.006944E-1,3.031868E-3
7.010417E-1,3.033513E-3
7.013889E-1,3.035159E-3
7.017361E-1,3.036804E-3
7.020833E-1,3.038450E-3
7.024306E-1,3.040095E-3
7.027778E-1,3.041741E-3
7.031250E-1,3.043386E-3
7.034722E-1,3.045032E-3
7.038194E-1,3.046677E-3
7.041667E-1,3.048323E-3
7.045139E-1,3.049968E-3
7.048611E-1,3.051614E-3
7.052083E-1,3.053260E-3
7.055556E-1,3.054905E-3
7.059028E-1,3.056551E-3
7.062500E-1,3.058196E-3
7.065972E-1,3.059842E-3
7.069444E-1,3.061487E-3
7.072917E-1,3.063133E-3
7.076389E-1,3.064778E-3
7.079861E-1,3.066424E-3
7.083333E-1,3.068069E-3
7.086806E-1,3.069715E-3
7.090278E-1,3.071360E-3
7.093750E-1,3.073006E-3
7.097222E-1,3.074652E-3
7.100694E-1,3.076297E-3
7.104167E-1,3.077943E-3
7.107639E-1,3.079588E-3
7.111111E-1,3.081234E-3
7.114583E-1,3.082879E-3
7.118056E-1,3.084525E-3
7.121528E-1,3.086170E-3
7.125000E-1,3.087816E-3
7.128472E-1,3.089461E-3
7.131944E-1,3.091107E-3
7.135417E-1,3.092752E-3
7.138889E-1,3.094398E-3
7.142361E-1,3.096044E-3
7.145833E-1,3.097689E-3
7.149306E-1,3.099335E-3
7.152778E-1,3.100980E-3
7.156250E-1,3.102626E-3
7.159722E-1,3.104271E-3
7.163194E-1,3.105917E-3
7.166667E-1,3.107562E-3
7.170139E-1,3.109208E-3
7.173611E-1,3.110853E-3
7.177083E-1,3.112499E-3
7.180556E-1,3.114144E-3
7.184028E-1,3.115790E-3
7.187500E-1,3.117435E-3
7.190972E-1,3.119081E-3
7.194444E-1,3.120727E-3
7.197917E-1,3.122372E-3
7.201389E-1,3.124018E-3
7.204861E-1,3.125663E-3
7.208333E-1,3.127309E-3
7.211806E-1,3.128954E-3
7.215278E-1,3.130600E-3
7.218750E-1,3.132245E-3
7.222222E-1,3.133891E-3
7.225694E-1,3.135536E-3
7.229167E-1,3.137182E-3
7.232639E-1,3.138827E-3
7.236111E-1,3.140473E-3
7.239583E-1,3.142119E-3
7.243056E-1,3.142664E-3
7.246528E-1,3.142029E-3
7.250000E-1,3.141395E-3
7.253472E-1,3.140760E-3
7.256944E-1,3.140126E-3
7.260417E-1,3.139492E-3
7.263889E-1,3.138857E-3
7.267361E-1,3.138223E-3
7.270833E-1,3.137588E-3
7.274306E-1,3.136954E-3
7.277778E-1,3.136319E-3
7.281250E-1,3.135685E-3
7.284722E-1,3.135050E-3
7.288194E-1,3.134416E-3
7.291667E-1,3.133781E-3
7.295139E-1,3.133147E-3
7.298611E-1,3.132512E-3
7.302083E-1,3.131878E-3
7.305556E-1,3.131243E-3
7.309028E-1,3.130609E-3
7.312500E-1,3.129975E-3
7.315972E-1,3.129340E-3
7.319444E-1,3.128706E-3
7.322917E-1,3.128071E-3
7.326389E-1,3.127437E-3
7.329861E-1,3.126802E-3
7.333333E-1,3.126168E-3
7.336806E-1,3.125533E-3
7.340278E-1,3.124899E-3
7.343750E-1,3.124264E-3
7.347222E-1,3.123630E-3
7.350694E-1,3.122995E-3
7.354167E-1,3.122361E-3
7.357639E-1,3.121726E-3
7.361111E-1,3.121092E-3
7.364583E-1,3.120458E-3
7.368056E-1,3.119823E-3
7.371528E-1,3.119189E-3
7.375000E-1,3.118554E-3
7.378472E-1,3.117920E-3
7.381944E-1,3.117285E-3
7.385417E-1,3.116651E-3
7.388889E-1,3.116016E-3
7.392361E-1,3.115382E-3
7.395833E-1,3.114747E-3
7.399306E-1,3.114113E-3
7.402778E-1,3.113478E-3
7.406250E-1,3.112844E-3
7.409722E-1,3.112210E-3
7.413194E-1,3.111575E-3
7.416667E-1,3.110941E-3
7.420139E-1,3.110306E-3
7.423611E-1,3.109672E-3
7.427083E-1,3.109037E-3
7.430556E-1,3.108403E-3
7.434028E-1,3.107768E-3
7.437500E-1,3.107134E-3
7.440972E-1,3.106499E-3
7.444444E-1,3.105865E-3
7.447917E-1,3.105230E-3
7.451389E-1,3.104596E-3
7.454861E-1,3.103961E-3
7.458333E-1,3.103327E-3
7.461806E-1,3.102693E-3
7.465278E-1,3.102058E-3
7.468750E-1,3.101424E-3
7.472222E-1,3.100789E-3
7.475694E-1,3.100155E-3
7.479167E-1,3.099520E-3
7.482639E-1,3.098886E-3
7.486111E-1,3.098251E-3
7.489583E-1,3.097617E-3
7.493056E-1,3.096982E-3
7.496528E-1,3.096348E-3
7.500000E-1,3.095713E-3
7.503472E-1,3.095079E-3
7.506944E-1,3.094445E-3
7.510417E-1,3.093810E-3
7.513889E-1,3.093176E-3
7.517361E-1,3.092541E-3
7.520833E-1,3.091907E-3
7.524306E-1,3.091272E-3
7.527778E-1,3.090638E-3
7.531250E-1,3.090003E-3
7.534722E-1,3.089369E-3
7.538194E-1,3.088734E-3
7.541667E-1,3.088100E-3
7.545139E-1,3.087465E-3
7.548611E-1,3.086831E-3
7.552083E-1,3.086196E-3
7.555556E-1,3.085562E-3
7.559028E-1,3.084928E-3
7.562500E-1,3.084293E-3
7.565972E-1,3.083659E-3
7.569444E-1,3.083024E-3
7.572917E-1,3.082390E-3
7.576389E-1,3.081755E-3
7.579861E-1,3.081121E-3
7.583333E-1,3.080486E-3
7.586806E-1,3.079852E-3
7.590278E-1,3.079217E-3
7.593750E-1,3.078583E-3
7.597222E-1,3.077948E-3
7.600694E-1,3.077314E-3
7.604167E-1,3.076679E-3
7.607639E-1,3.076045E-3
7.611111E-1,3.075411E-3
7.614583E-1,3.074776E-3
7.618056E-1,3.074142E-3
7.621528E-1,3.073507E-3
7.625000E-1,3.072873E-3
7.628472E-1,3.072238E-3
7.631944E-1,3.071604E-3
7.635417E-1,3.070969E-3
7.638889E-1,3.070335E-3
7.642361E-1,3.069700E-3
7.645833E-1,3.069066E-3
7.649306E-1,3.068431E-3
7.652778E-1,3.067797E-3
7.656250E-1,3.067163E-3
7.659722E-1,3.066528E-3
7.663194E-1,3.065894E-3
7.666667E-1,3.065259E-3
7.670139E-1,3.064625E-3
7.673611E-1,3.063990E-3
7.677083E-1,3.063356E-3
7.680556E-1,3.062721E-3
7.684028E-1,3.062087E-3
7.687500E-1,3.061452E-3
7.690972E-1,3.060818E-3
7.694444E-1,3.060183E-3
7.697917E-1,3.059549E-3
7.701389E-1,3.058914E-3
7.704861E-1,3.058280E-3
7.708333E-1,3.057646E-3
7.711806E-1,3.057011E-3
7.715278E-1,3.056377E-3
7.718750E-1,3.055742E-3
7.722222E-1,3.055108E-3
7.725694E-1,3.054473E-3
7.729167E-1,3.053839E-3
7.732639E-1,3.053204E-3
7.736111E-1,3.052570E-3
7.739583E-1,3.051935E-3
7.743056E-1,3.051301E-3
7.746528E-1,3.050666E-3
7.750000E-1,3.050032E-3
7.753472E-1,3.049397E-3
7.756944E-1,3.048763E-3
7.760417E-1,3.048129E-3
7.763889E-1,3.047494E-3
7.767361E-1,3.046860E-3
7.770833E-1,3.046225E-3
7.774306E-1,3.045591E-3
7.777778E-1,3.044956E-3
7.781250E-1,3.044322E-3
7.784722E-1,3.043687E-3
7.788194E-1,3.043053E-3
7.791667E-1,3.042418E-3
7.795139E-1,3.041784E-3
7.798611E-1,3.041149E-3
7.802083E-1,3.040515E-3
7.805556E-1,3.039881E-3
7.809028E-1,3.039246E-3
7.812500E-1,3.038612E-3
7.815972E-1,3.037977E-3
7.819444E-1,3.037343E-3
7.822917E-1,3.036708E-3
7.826389E-1,3.036074E-3
7.829861E-1,3.035439E-3
7.833333E-1,3.034805E-3
7.836806E-1,3.034170E-3
7.840278E-1,3.033536E-3
7.843750E-1,3.032901E-3
7.847222E-1,3.032267E-3
7.850694E-1,3.031632E-3
7.854167E-1,3.030998E-3
7.857639E-1,3.030364E-3
7.861111E-1,3.029729E-3
7.864583E-1,3.029095E-3
7.868056E-1,3.028460E-3
7.871528E-1,3.027826E-3
7.875000E-1,3.027191E-3
7.878472E-1,3.026557E-3
7.881944E-1,3.025922E-3
7.885417E-1,3.025288E-3
7.888889E-1,3.024653E-3
7.892361E-1,3.024019E-3
7.895833E-1,3.023384E-3
7.899306E-1,3.022750E-3
7.902778E-1,3.022115E-3
7.906250E-1,3.021481E-3
7.909722E-1,3.020847E-3
7.913194E-1,3.020212E-3
7.916667E-1,3.019578E-3
7.920139E-1,3.018943E-3
7.923611E-1,3.018309E-3
7.927083E-1,3.017674E-3
7.930556E-1,3.017040E-3
7.934028E-1,3.016405E-3
7.937500E-1,3.015771E-3
7.940972E-1,3.015136E-3
7.944444E-1,3.014502E-3
7.947917E-1,3.013867E-3
7.951389E-1,3.013233E-3
7.954861E-1,3.012599E-3
7.958333E-1,3.011964E-3
7.961806E-1,3.011330E-3
7.965278E-1,3.010695E-3
7.968750E-1,3.010061E-3
7.972222E-1,3.009426E-3
7.975694E-1,3.008792E-3
7.979167E-1,3.008157E-3
7.982639E-1,3.007523E-3
7.986111E-1,3.006888E-3
7.989583E-1,3.006254E-3
7.993056E-1,3.005619E-3
7.996528E-1,3.004985E-3
8.000000E-1,3.004350E-3
8.003472E-1,3.003716E-3
8.006944E-1,3.003082E-3
8.010417E-1,3.002447E-3
8.013889E-1,3.001813E-3
8.017361E-1,3.001178E-3
8.020833E-1,3.000544E-3
8.024306E-1,2.999909E-3
8.027778E-1,2.999275E-3
8.031250E-1,2.998640E-3
8.034722E-1,2.998006E-3
8.038194E-1,2.997371E-3
8.041667E-1,2.996737E-3
8.045139E-1,2.996102E-3
8.048611E-1,2.995468E-3
8.052083E-1,2.994834E-3
8.055556E-1,2.994199E-3
8.059028E-1,2.993565E-3
8.062500E-1,2.992930E-3
8.065972E-1,2.992296E-3
8.069444E-1,2.991661E-3
8.072917E-1,2.991027E-3
8.076389E-1,2.990392E-3
8.079861E-1,2.989758E-3
8.083333E-1,2.989123E-3
8.086806E-1,2.988489E-3
8.090278E-1,2.987854E-3
8.093750E-1,2.987220E-3
8.097222E-1,2.986585E-3
8.100694E-1,2.985951E-3
8.104167E-1,2.985317E-3
8.107639E-1,2.984682E-3
8.111111E-1,2.984048E-3
8.114583E-1,2.983413E-3
8.118056E-1,2.982779E-3
8.121528E-1,2.982144E-3
8.125000E-1,2.981510E-3
8.128472E-1,2.980875E-3
8.131944E-1,2.980241E-3
8.135417E-1,2.979606E-3
8.138889E-1,2.978972E-3
8.142361E-1,2.978337E-3
8.145833E-1,2.977703E-3
8.149306E-1,2.977068E-3
8.152778E-1,2.976434E-3
8.156250E-1,2.975800E-3
8.159722E-1,2.975165E-3
8.163194E-1,2.974531E-3
8.166667E-1,2.973896E-3
8.170139E-1,2.973262E-3
8.173611E-1,2.972627E-3
8.177083E-1,2.971993E-3
8.180556E-1,2.971358E-3
8.184028E-1,2.970724E-3
8.187500E-1,2.970089E-3
8.190972E-1,2.969455E-3
8.194444E-1,2.968820E-3
8.197917E-1,2.968186E-3
8.201389E-1,2.967552E-3
8.204861E-1,2.966917E-3
8.208333E-1,2.966283E-3
8.211806E-1,2.965648E-3
8.215278E-1,2.965014E-3
8.218750E-1,2.964379E-3
8.222222E-1,2.963745E-3
8.225694E-1,2.963110E-3
8.229167E-1,2.962476E-3
8.232639E-1,2.961841E-3
8.236111E-1,2.961207E-3
8.239583E-1,2.960572E-3
8.243056E-1,2.959938E-3
8.246528E-1,2.959303E-3
8.250000E-1,2.958669E-3
8.253472E-1,2.958035E-3
8.256944E-1,2.957400E-3
8.260417E-1,2.956766E-3
8.263889E-1,2.956131E-3
8.267361E-1,2.955497E-3
8.270833E-1,2.954862E-3
8.274306E-1,2.954228E-3
8.277778E-1,2.953593E-3
8.281250E-1,2.952959E-3
8.284722E-1,2.952324E-3
8.288194E-1,2.951690E-3
8.291667E-1,2.951055E-3
8.295139E-1,2.950421E-3
8.298611E-1,2.949786E-3
8.302083E-1,2.949152E-3
8.305556E-1,2.948518E-3
8.309028E-1,2.947883E-3
8.312500E-1,2.947249E-3
8.315972E-1,2.946614E-3
8.319444E-1,2.945980E-3
8.322917E-1,2.945345E-3
8.326389E-1,2.944711E-3
8.329861E-1,2.944076E-3
8.333333E-1,2.943442E-3
8.336806E-1,2.942807E-3
8.340278E-1,2.942173E-3
8.343750E-1,2.941538E-3
8.347222E-1,2.940904E-3
8.350694E-1,2.940270E-3
8.354167E-1,2.939635E-3
8.357639E-1,2.939001E-3
8.361111E-1,2.938366E-3
8.364583E-1,2.937732E-3
8.368056E-1,2.937097E-3
8.371528E-1,2.936463E-3
8.375000E-1,2.935828E-3
8.378472E-1,2.935194E-3
8.381944E-1,2.934559E-3
8.385417E-1,2.933925E-3
8.388889E-1,2.933290E-3
8.392361E-1,2.932656E-3
8.395833E-1,2.932021E-3
8.399306E-1,2.931387E-3
8.402778E-1,2.930753E-3
8.406250E-1,2.930118E-3
8.409722E-1,2.929484E-3
8.413194E-1,2.928849E-3
8.416667E-1,2.928215E-3
8.420139E-1,2.927580E-3
8.423611E-1,2.926946E-3
8.427083E-1,2.926311E-3
8.430556E-1,2.925677E-3
8.434028E-1,2.925042E-3
8.437500E-1,2.924408E-3
8.440972E-1,2.923773E-3
8.444444E-1,2.923139E-3
8.447917E-1,2.922504E-3
8.451389E-1,2.921870E-3
8.454861E-1,2.921236E-3
8.458333E-1,2.920601E-3
8.461806E-1,2.919967E-3
8.465278E-1,2.919332E-3
8.468750E-1,2.918698E-3
8.472222E-1,2.918063E-3
8.475694E-1,2.917429E-3
8.479167E-1,2.916794E-3
8.482639E-1,2.916160E-3
8.486111E-1,2.915525E-3
8.489583E-1,2.914891E-3
8.493056E-1,2.914256E-3
8.496528E-1,2.913622E-3
8.500000E-1,2.912988E-3
8.503472E-1,2.912353E-3
8.506944E-1,2.911719E-3
8.510417E-1,2.911084E-3
8.513889E-1,2.910450E-3
8.517361E-1,2.909815E-3
8.520833E-1,2.909181E-3
8.524306E-1,2.908546E-3
8.527778E-1,2.907912E-3
8.531250E-1,2.907277E-3
8.534722E-1,2.906643E-3
8.538194E-1,2.906008E-3
8.541667E-1,2.905374E-3
8.545139E-1,2.904739E-3
8.548611E-1,2.904105E-3
8.552083E-1,2.903471E-3
8.555556E-1,2.902836E-3
8.559028E-1,2.902202E-3
8.562500E-1,2.901567E-3
8.565972E-1,2.900933E-3
8.569444E-1,2.900298E-3
8.572917E-1,2.899664E-3
8.576389E-1,2.899029E-3
8.579861E-1,2.898395E-3
8.583333E-1,2.897760E-3
8.586806E-1,2.897126E-3
8.590278E-1,2.896491E-3
8.593750E-1,2.895857E-3
8.597222E-1,2.895223E-3
8.600694E-1,2.894588E-3
8.604167E-1,2.893954E-3
8.607639E-1,2.893319E-3
8.611111E-1,2.892685E-3
8.614583E-1,2.892050E-3
8.618056E-1,2.891416E-3
8.621528E-1,2.890781E-3
8.625000E-1,2.890147E-3
8.628472E-1,2.889512E-3
8.631944E-1,2.888878E-3
8.635417E-1,2.888243E-3
8.638889E-1,2.887609E-3
8.642361E-1,2.886974E-3
8.645833E-1,2.886340E-3
8.649306E-1,2.885706E-3
8.652778E-1,2.885071E-3
8.656250E-1,2.884437E-3
8.659722E-1,2.883802E-3
8.663194E-1,2.883168E-3
8.666667E-1,2.882533E-3
8.670139E-1,2.881899E-3
8.673611E-1,2.881264E-3
8.677083E-1,2.880630E-3
8.680556E-1,2.879995E-3
8.684028E-1,2.879361E-3
8.687500E-1,2.878726E-3
8.690972E-1,2.878092E-3
8.694444E-1,2.877458E-3
8.697917E-1,2.876823E-3
8.701389E-1,2.876189E-3
8.704861E-1,2.875554E-3
8.708333E-1,2.874920E-3
8.711806E-1,2.874285E-3
8.715278E-1,2.873651E-3
8.718750E-1,2.873016E-3
8.722222E-1,2.872382E-3
8.725694E-1,2.871747E-3
8.729167E-1,2.871113E-3
8.732639E-1,2.870478E-3
8.736111E-1,2.869844E-3
8.739583E-1,2.869209E-3
8.743056E-1,2.868575E-3
8.746528E-1,2.867941E-3
8.750000E-1,2.867306E-3
8.753472E-1,2.866672E-3
8.756944E-1,2.866037E-3
8.760417E-1,2.865403E-3
8.763889E-1,2.864768E-3
8.767361E-1,2.864134E-3
8.770833E-1,2.863499E-3
8.774306E-1,2.862865E-3
8.777778E-1,2.862230E-3
8.781250E-1,2.861596E-3
8.784722E-1,2.860961E-3
8.788194E-1,2.860327E-3
8.791667E-1,2.859692E-3
8.795139E-1,2.859058E-3
8.798611E-1,2.858424E-3
8.802083E-1,2.857789E-3
8.805556E-1,2.857155E-3
8.809028E-1,2.856520E-3
8.812500E-1,2.855886E-3
8.815972E-1,2.855251E-3
8.819444E-1,2.854617E-3
8.822917E-1,2.853982E-3
8.826389E-1,2.853348E-3
8.829861E-1,2.852713E-3
8.833333E-1,2.852079E-3
8.836806E-1,2.851444E-3
8.840278E-1,2.850810E-3
8.843750E-1,2.850176E-3
8.847222E-1,2.849541E-3
8.850694E-1,2.848907E-3
8.854167E-1,2.848272E-3
8.857639E-1,2.847638E-3
8.861111E-1,2.847003E-3
8.864583E-1,2.846369E-3
8.868056E-1,2.845734E-3
8.871528E-1,2.845100E-3
8.875000E-1,2.844465E-3
8.878472E-1,2.843831E-3
8.881944E-1,2.843196E-3
8.885417E-1,2.842562E-3
8.888889E-1,2.841927E-3
8.892361E-1,2.841293E-3
8.895833E-1,2.840659E-3
8.899306E-1,2.840024E-3
8.902778E-1,2.839390E-3
8.906250E-1,2.838755E-3
8.909722E-1,2.838121E-3
8.913194E-1,2.837486E-3
8.916667E-1,2.836852E-3
8.920139E-1,2.836217E-3
8.923611E-1,2.835583E-3
8.927083E-1,2.834948E-3
8.930556E-1,2.834314E-3
8.934028E-1,2.833679E-3
8.937500E-1,2.833045E-3
8.940972E-1,2.832410E-3
8.944444E-1,2.831776E-3
8.947917E-1,2.831142E-3
8.951389E-1,2.830507E-3
8.954861E-1,2.829873E-3
8.958333E-1,2.829238E-3
8.961806E-1,2.828604E-3
8.965278E-1,2.827969E-3
8.968750E-1,2.827335E-3
8.972222E-1,2.826700E-3
8.975694E-1,2.826066E-3
8.979167E-1,2.825431E-3
8.982639E-1,2.824797E-3
8.986111E-1,2.824162E-3
8.989583E-1,2.823528E-3
8.993056E-1,2.822894E-3
8.996528E-1,2.822259E-3
9.000000E-1,2.821625E-3
9.003472E-1,2.820990E-3
9.006944E-1,2.820356E-3
9.010417E-1,2.819721E-3
9.013889E-1,2.819087E-3
9.017361E-1,2.818452E-3
9.020833E-1,2.817818E-3
9.024306E-1,2.817183E-3
9.027778E-1,2.816549E-3
9.031250E-1,2.815914E-3
9.034722E-1,2.815280E-3
9.038194E-1,2.814645E-3
9.041667E-1,2.814011E-3
9.045139E-1,2.813377E-3
9.048611E-1,2.812742E-3
9.052083E-1,2.812108E-3
9.055556E-1,2.811473E-3
9.059028E-1,2.810839E-3
9.062500E-1,2.810204E-3
9.065972E-1,2.809570E-3
9.069444E-1,2.808935E-3
9.072917E-1,2.808301E-3
9.076389E-1,2.807666E-3
9.079861E-1,2.807032E-3
9.083333E-1,2.806397E-3
9.086806E-1,2.805763E-3
9.090278E-1,2.805128E-3
9.093750E-1,2.804494E-3
9.097222E-1,2.803860E-3
9.100694E-1,2.803225E-3
9.104167E-1,2.802591E-3
9.107639E-1,2.801956E-3
9.111111E-1,2.801322E-3
9.114583E-1,2.800687E-3
9.118056E-1,2.800053E-3
9.121528E-1,2.799418E-3
9.125000E-1,2.798784E-3
9.128472E-1,2.798149E-3
9.131944E-1,2.797515E-3
9.135417E-1,2.796880E-3
9.138889E-1,2.796246E-3
9.142361E-1,2.795612E-3
9.145833E-1,2.794977E-3
9.149306E-1,2.794343E-3
9.152778E-1,2.793708E-3
9.156250E-1,2.793074E-3
9.159722E-1,2.792439E-3
9.163194E-1,2.791805E-3
9.166667E-1,2.791170E-3
9.170139E-1,2.790536E-3
9.173611E-1,2.789901E-3
9.177083E-1,2.789267E-3
9.180556E-1,2.788632E-3
9.184028E-1,2.787998E-3
9.187500E-1,2.787363E-3
9.190972E-1,2.786729E-3
9.194444E-1,2.786095E-3
9.197917E-1,2.785460E-3
9.201389E-1,2.784826E-3
9.204861E-1,2.784191E-3
9.208333E-1,2.783557E-3
9.211806E-1,2.782922E-3
9.215278E-1,2.782288E-3
9.218750E-1,2.781653E-3
9.222222E-1,2.781019E-3
9.225694E-1,2.780384E-3
9.229167E-1,2.779750E-3
9.232639E-1,2.779115E-3
9.236111E-1,2.778481E-3
9.239583E-1,2.777847E-3
9.243056E-1,2.777212E-3
9.246528E-1,2.776578E-3
9.250000E-1,2.775943E-3
9.253472E-1,2.775309E-3
9.256944E-1,2.774674E-3
9.260417E-1,2.774040E-3
9.263889E-1,2.773405E-3
9.267361E-1,2.772771E-3
9.270833E-1,2.772136E-3
9.274306E-1,2.771502E-3
9.277778E-1,2.770867E-3
9.281250E-1,2.770233E-3
9.284722E-1,2.769598E-3
9.288194E-1,2.768964E-3
9.291667E-1,2.768330E-3
9.295139E-1,2.767695E-3
9.298611E-1,2.767061E-3
9.302083E-1,2.766426E-3
9.305556E-1,2.765792E-3
9.309028E-1,2.765157E-3
9.312500E-1,2.764523E-3
9.315972E-1,2.763888E-3
9.319444E-1,2.763254E-3
9.322917E-1,2.762619E-3
9.326389E-1,2.761985E-3
9.329861E-1,2.761350E-3
9.333333E-1,2.760716E-3
9.336806E-1,2.760081E-3
9.340278E-1,2.759447E-3
9.343750E-1,2.758813E-3
9.347222E-1,2.758178E-3
9.350694E-1,2.757544E-3
9.354167E-1,2.756909E-3
9.357639E-1,2.756275E-3
9.361111E-1,2.755640E-3
9.364583E-1,2.755006E-3
9.368056E-1,2.754371E-3
9.371528E-1,2.753737E-3
9.375000E-1,2.753102E-3
9.378472E-1,2.752468E-3
9.381944E-1,2.751833E-3
9.385417E-1,2.751199E-3
9.388889E-1,2.750565E-3
9.392361E-1,2.749930E-3
9.395833E-1,2.749296E-3
9.399306E-1,2.748661E-3
9.402778E-1,2.748027E-3
9.406250E-1,2.747392E-3
9.409722E-1,2.746758E-3
9.413194E-1,2.746123E-3
9.416667E-1,2.745489E-3
9.420139E-1,2.744854E-3
9.423611E-1,2.744220E-3
9.427083E-1,2.743585E-3
9.430556E-1,2.742951E-3
9.434028E-1,2.742316E-3
9.437500E-1,2.741682E-3
9.440972E-1,2.741048E-3
9.444444E-1,2.740413E-3
9.447917E-1,2.739779E-3
9.451389E-1,2.739144E-3
9.454861E-1,2.738510E-3
9.458333E-1,2.737875E-3
9.461806E-1,2.737241E-3
9.465278E-1,2.736606E-3
9.468750E-1,2.735972E-3
9.472222E-1,2.735337E-3
9.475694E-1,2.734703E-3
9.479167E-1,2.734068E-3
9.482639E-1,2.733434E-3
9.486111E-1,2.732799E-3
9.489583E-1,2.732165E-3
9.493056E-1,2.731531E-3
9.496528E-1,2.730896E-3
9.500000E-1,2.730262E-3
9.503472E-1,2.729627E-3
9.506944E-1,2.728993E-3
9.510417E-1,2.728358E-3
9.513889E-1,2.727724E-3
9.517361E-1,2.727089E-3
9.520833E-1,2.726455E-3
9.524306E-1,2.725820E-3
9.527778E-1,2.725186E-3
9.531250E-1,2.724551E-3
9.534722E-1,2.723917E-3
9.538194E-1,2.723283E-3
9.541667E-1,2.722648E-3
9.545139E-1,2.722014E-3
9.548611E-1,2.721379E-3
9.552083E-1,2.720745E-3
9.555556E-1,2.720110E-3
9.559028E-1,2.719476E-3
9.562500E-1,2.718841E-3
9.565972E-1,2.718207E-3
9.569444E-1,2.717572E-3
9.572917E-1,2.716938E-3
9.576389E-1,2.716303E-3
9.579861E-1,2.715669E-3
9.583333E-1,2.715034E-3
9.586806E-1,2.714400E-3
9.590278E-1,2.713766E-3
9.593750E-1,2.713131E-3
9.597222E-1,2.712497E-3
9.600694E-1,2.711862E-3
9.604167E-1,2.711228E-3
9.607639E-1,2.710593E-3
9.611111E-1,2.709959E-3
9.614583E-1,2.709324E-3
9.618056E-1,2.708690E-3
9.621528E-1,2.708055E-3
9.625000E-1,2.707421E-3
9.628472E-1,2.706786E-3
9.631944E-1,2.706152E-3
9.635417E-1,2.705517E-3
9.638889E-1,2.704883E-3
9.642361E-1,2.704249E-3
9.645833E-1,2.703614E-3
9.649306E-1,2.702980E-3
9.652778E-1,2.702345E-3
9.656250E-1,2.701711E-3
9.659722E-1,2.701076E-3
9.663194E-1,2.700442E-3
9.666667E-1,2.699807E-3
9.670139E-1,2.699173E-3
9.673611E-1,2.698538E-3
9.677083E-1,2.697904E-3
9.680556E-1,2.697269E-3
9.684028E-1,2.696635E-3
9.687500E-1,2.696001E-3
9.690972E-1,2.695366E-3
9.694444E-1,2.694732E-3
9.697917E-1,2.694097E-3
9.701389E-1,2.693463E-3
9.704861E-1,2.692828E-3
9.708333E-1,2.692194E-3
9.711806E-1,2.691559E-3
9.715278E-1,2.690925E-3
9.718750E-1,2.690290E-3
9.722222E-1,2.689656E-3
9.725694E-1,2.689021E-3
9.729167E-1,2.688387E-3
9.732639E-1,2.687752E-3
9.736111E-1,2.687118E-3
9.739583E-1,2.686484E-3
9.743056E-1,2.685849E-3
9.746528E-1,2.685215E-3
9.750000E-1,2.684580E-3
9.753472E-1,2.683946E-3
9.756944E-1,2.683311E-3
9.760417E-1,2.682677E-3
9.763889E-1,2.682042E-3
9.767361E-1,2.681408E-3
9.770833E-1,2.680773E-3
9.774306E-1,2.680139E-3
9.777778E-1,2.679504E-3
9.781250E-1,2.678870E-3
9.784722E-1,2.678236E-3
9.788194E-1,2.677601E-3
9.791667E-1,2.676967E-3
9.795139E-1,2.676332E-3
9.798611E-1,2.675698E-3
9.802083E-1,2.675063E-3
9.805556E-1,2.674429E-3
9.809028E-1,2.673794E-3
9.812500E-1,2.673160E-3
9.815972E-1,2.672525E-3
9.819444E-1,2.671891E-3
9.822917E-1,2.671256E-3
9.826389E-1,2.670622E-3
9.829861E-1,2.669987E-3
9.833333E-1,2.669353E-3
9.836806E-1,2.668719E-3
9.840278E-1,2.668084E-3
9.843750E-1,2.667450E-3
9.847222E-1,2.666815E-3
9.850694E-1,2.666181E-3
9.854167E-1,2.665546E-3
9.857639E-1,2.664912E-3
9.861111E-1,2.664277E-3
9.864583E-1,2.663643E-3
9.868056E-1,2.663008E-3
9.871528E-1,2.662374E-3
9.875000E-1,2.661739E-3
9.878472E-1,2.661105E-3
9.881944E-1,2.660470E-3
9.885417E-1,2.659836E-3
9.888889E-1,2.659202E-3
9.892361E-1,2.658567E-3
9.895833E-1,2.657933E-3
9.899306E-1,2.657298E-3
9.902778E-1,2.656664E-3
9.906250E-1,2.656029E-3
9.909722E-1,2.655395E-3
9.913194E-1,2.654760E-3
9.916667E-1,2.654126E-3
9.920139E-1,2.653491E-3
9.923611E-1,2.652857E-3
9.927083E-1,2.652222E-3
9.930556E-1,2.651588E-3
9.934028E-1,2.650954E-3
9.937500E-1,2.650319E-3
9.940972E-1,2.649685E-3
9.944444E-1,2.649050E-3
9.947917E-1,2.648416E-3
9.951389E-1,2.647781E-3
9.954861E-1,2.647147E-3
9.958333E-1,2.646512E-3
9.961806E-1,2.645878E-3
9.965278E-1,2.645243E-3
9.968750E-1,2.644609E-3
9.972222E-1,2.643974E-3
9.975694E-1,2.643340E-3
9.979167E-1,2.642705E-3
9.982639E-1,2.642071E-3
9.986111E-1,2.641437E-3
9.989583E-1,2.640802E-3
9.993056E-1,2.640168E-3
9.996528E-1,2.639533E-3
