7.139351E-12,-1.520246E+0
3.472222E-2,-1.517343E+0
6.944444E-2,-1.514439E+0
1.041667E-1,-1.511536E+0
1.388889E-1,-1.508633E+0
1.736111E-1,-1.505730E+0
2.083333E-1,-1.502826E+0
2.430556E-1,-1.499923E+0
2.777778E-1,-1.497020E+0
3.125000E-1,-1.494117E+0
3.472222E-1,-1.491214E+0
3.819444E-1,-1.488310E+0
4.166667E-1,-1.485407E+0
4.513889E-1,-1.482504E+0
4.861111E-1,-1.479601E+0
5.208333E-1,-1.476698E+0
5.555556E-1,-1.473794E+0
5.902778E-1,-1.470891E+0
6.250000E-1,-1.467988E+0
6.597222E-1,-1.465085E+0
6.944444E-1,-1.462181E+0
7.291667E-1,-1.459278E+0
7.638889E-1,-1.456375E+0
7.986111E-1,-1.453472E+0
8.333333E-1,-1.450569E+0
8.680556E-1,-1.447665E+0
9.027778E-1,-1.444762E+0
9.375000E-1,-1.441859E+0
9.722222E-1,-1.438956E+0
1.006944E+0,-1.436052E+0
1.041667E+0,-1.433149E+0
1.076389E+0,-1.430246E+0
1.111111E+0,-1.427343E+0
1.145833E+0,-1.424440E+0
1.180556E+0,-1.421536E+0
1.215278E+0,-1.418633E+0
1.250000E+0,-1.415730E+0
1.284722E+0,-1.412827E+0
1.319444E+0,-1.409924E+0
1.354167E+0,-1.407020E+0
1.388889E+0,-1.404117E+0
1.423611E+0,-1.401214E+0
1.458333E+0,-1.398311E+0
1.493056E+0,-1.395407E+0
1.527778E+0,-1.392504E+0
1.562500E+0,-1.389601E+0
1.597222E+0,-1.386698E+0
1.631944E+0,-1.383795E+0
1.666667E+0,-1.380891E+0
1.701389E+0,-1.377988E+0
1.736111E+0,-1.375085E+0
1.770833E+0,-1.372182E+0
1.805556E+0,-1.369279E+0
1.840278E+0,-1.366375E+0
1.875000E+0,-1.363472E+0
1.909722E+0,-1.360569E+0
1.944444E+0,-1.357666E+0
1.979167E+0,-1.354762E+0
2.013889E+0,-1.351859E+0
2.048611E+0,-1.348956E+0
2.083333E+0,-1.346053E+0
2.118056E+0,-1.343150E+0
2.152778E+0,-1.340246E+0
2.187500E+0,-1.337343E+0
2.222222E+0,-1.334440E+0
2.256944E+0,-1.331537E+0
2.291667E+0,-1.328634E+0
2.326389E+0,-1.325730E+0
2.361111E+0,-1.322827E+0
2.395833E+0,-1.319924E+0
2.430556E+0,-1.317021E+0
2.465278E+0,-1.314117E+0
2.500000E+0,-1.311214E+0
2.534722E+0,-1.308311E+0
2.569444E+0,-1.305408E+0
2.604167E+0,-1.302505E+0
2.638889E+0,-1.299601E+0
2.673611E+0,-1.296698E+0
2.708333E+0,-1.293795E+0
2.743056E+0,-1.290892E+0
2.777778E+0,-1.287989E+0
2.812500E+0,-1.285085E+0
2.847222E+0,-1.282182E+0
2.881944E+0,-1.279279E+0
2.916667E+0,-1.276376E+0
2.951389E+0,-1.273472E+0
2.986111E+0,-1.270569E+0
3.020833E+0,-1.267666E+0
3.055556E+0,-1.264763E+0
3.090278E+0,-1.261860E+0
3.125000E+0,-1.258956E+0
3.159722E+0,-1.256053E+0
3.194444E+0,-1.253150E+0
3.229167E+0,-1.250247E+0
3.263889E+0,-1.247344E+0
3.298611E+0,-1.244440E+0
3.333333E+0,-1.241537E+0
3.368056E+0,-1.238634E+0
3.402778E+0,-1.235731E+0
3.437500E+0,-1.232827E+0
3.472222E+0,-1.229924E+0
3.506944E+0,-1.227021E+0
3.541667E+0,-1.224118E+0
3.576389E+0,-1.221215E+0
3.611111E+0,-1.218311E+0
3.645833E+0,-1.215408E+0
3.680556E+0,-1.212505E+0
3.715278E+0,-1.209602E+0
3.750000E+0,-1.206699E+0
3.784722E+0,-1.203795E+0
3.819444E+0,-1.200892E+0
3.854167E+0,-1.197989E+0
3.888889E+0,-1.195086E+0
3.923611E+0,-1.192182E+0
3.958333E+0,-1.189279E+0
3.993056E+0,-1.186376E+0
4.027778E+0,-1.183473E+0
4.062500E+0,-1.180570E+0
4.097222E+0,-1.177666E+0
4.131944E+0,-1.174763E+0
4.166667E+0,-1.171860E+0
4.201389E+0,-1.168957E+0
4.236111E+0,-1.166054E+0
4.270833E+0,-1.163150E+0
4.305556E+0,-1.160247E+0
4.340278E+0,-1.157344E+0
4.375000E+0,-1.154441E+0
4.409722E+0,-1.151537E+0
4.444444E+0,-1.148634E+0
4.479167E+0,-1.145731E+0
4.513889E+0,-1.142828E+0
4.548611E+0,-1.139925E+0
4.583333E+0,-1.137021E+0
4.618056E+0,-1.134118E+0
4.652778E+0,-1.131215E+0
4.687500E+0,-1.128312E+0
4.722222E+0,-1.125408E+0
4.756944E+0,-1.122505E+0
4.791667E+0,-1.119602E+0
4.826389E+0,-1.116699E+0
4.861111E+0,-1.113796E+0
4.895833E+0,-1.110892E+0
4.930556E+0,-1.107989E+0
4.965278E+0,-1.105086E+0
5.000000E+0,-1.102183E+0
5.034722E+0,-1.099280E+0
5.069444E+0,-1.096376E+0
5.104167E+0,-1.093473E+0
5.138889E+0,-1.090570E+0
5.173611E+0,-1.087667E+0
5.208333E+0,-1.084763E+0
5.243056E+0,-1.081860E+0
5.277778E+0,-1.078957E+0
5.312500E+0,-1.076054E+0
5.347222E+0,-1.073151E+0
5.381944E+0,-1.070247E+0
5.416667E+0,-1.067344E+0
5.451389E+0,-1.064441E+0
5.486111E+0,-1.061538E+0
5.520833E+0,-1.058635E+0
5.555556E+0,-1.055731E+0
5.590278E+0,-1.052828E+0
5.625000E+0,-1.049925E+0
5.659722E+0,-1.047022E+0
5.694444E+0,-1.044118E+0
5.729167E+0,-1.041215E+0
5.763889E+0,-1.038312E+0
5.798611E+0,-1.035409E+0
5.833333E+0,-1.032506E+0
5.868056E+0,-1.029602E+0
5.902778E+0,-1.026699E+0
5.937500E+0,-1.023796E+0
5.972222E+0,-1.020893E+0
6.006944E+0,-1.017990E+0
6.041667E+0,-1.015086E+0
6.076389E+0,-1.012183E+0
6.111111E+0,-1.009280E+0
6.145833E+0,-1.006377E+0
6.180556E+0,-1.003473E+0
6.215278E+0,-1.000570E+0
6.250000E+0,-9.976670E-1
6.284722E+0,-9.947638E-1
6.319444E+0,-9.918606E-1
6.354167E+0,-9.889574E-1
6.388889E+0,-9.860542E-1
6.423611E+0,-9.831510E-1
6.458333E+0,-9.802477E-1
6.493056E+0,-9.773445E-1
6.527778E+0,-9.744413E-1
6.562500E+0,-9.715381E-1
6.597222E+0,-9.686349E-1
6.631944E+0,-9.657317E-1
6.666667E+0,-9.628284E-1
6.701389E+0,-9.599252E-1
6.736111E+0,-9.570220E-1
6.770833E+0,-9.541188E-1
6.805556E+0,-9.512156E-1
6.840278E+0,-9.483124E-1
6.875000E+0,-9.454092E-1
6.909722E+0,-9.425059E-1
6.944444E+0,-9.396027E-1
6.979167E+0,-9.366995E-1
7.013889E+0,-9.337963E-1
7.048611E+0,-9.308931E-1
7.083333E+0,-9.279899E-1
7.118056E+0,-9.250867E-1
7.152778E+0,-9.221834E-1
7.187500E+0,-9.192802E-1
7.222222E+0,-9.163770E-1
7.256944E+0,-9.134738E-1
7.291667E+0,-9.105706E-1
7.326389E+0,-9.076674E-1
7.361111E+0,-9.047642E-1
7.395833E+0,-9.018609E-1
7.430556E+0,-8.989577E-1
7.465278E+0,-8.960545E-1
7.500000E+0,-8.931513E-1
7.534722E+0,-8.902481E-1
7.569444E+0,-8.873449E-1
7.604167E+0,-8.844416E-1
7.638889E+0,-8.815384E-1
7.673611E+0,-8.786352E-1
7.708333E+0,-8.757320E-1
7.743056E+0,-8.728288E-1
7.777778E+0,-8.699256E-1
7.812500E+0,-8.670224E-1
7.847222E+0,-8.641191E-1
7.881944E+0,-8.612159E-1
7.916667E+0,-8.583127E-1
7.951389E+0,-8.554095E-1
7.986111E+0,-8.525063E-1
8.020833E+0,-8.496031E-1
8.055556E+0,-8.466998E-1
8.090278E+0,-8.437966E-1
8.125000E+0,-8.408934E-1
8.159722E+0,-8.379902E-1
8.194444E+0,-8.350870E-1
8.229167E+0,-8.321838E-1
8.263889E+0,-8.292806E-1
8.298611E+0,-8.263773E-1
8.333333E+0,-8.234741E-1
8.368056E+0,-8.205709E-1
8.402778E+0,-8.176677E-1
8.437500E+0,-8.147645E-1
8.472222E+0,-8.118613E-1
8.506944E+0,-8.089581E-1
8.541667E+0,-8.060548E-1
8.576389E+0,-8.031516E-1
8.611111E+0,-8.002484E-1
8.645833E+0,-7.973452E-1
8.680556E+0,-7.944420E-1
8.715278E+0,-7.915388E-1
8.750000E+0,-7.886356E-1
8.784722E+0,-7.857323E-1
8.819444E+0,-7.828291E-1
8.854167E+0,-7.799259E-1
8.888889E+0,-7.770227E-1
8.923611E+0,-7.741195E-1
8.958333E+0,-7.712163E-1
8.993056E+0,-7.683130E-1
9.027778E+0,-7.654098E-1
9.062500E+0,-7.625066E-1
9.097222E+0,-7.596034E-1
9.131944E+0,-7.567002E-1
9.166667E+0,-7.537970E-1
9.201389E+0,-7.508938E-1
9.236111E+0,-7.479905E-1
9.270833E+0,-7.450873E-1
9.305556E+0,-7.421841E-1
9.340278E+0,-7.392809E-1
9.375000E+0,-7.363777E-1
9.409722E+0,-7.334745E-1
9.444444E+0,-7.305713E-1
9.479167E+0,-7.276680E-1
9.513889E+0,-7.247648E-1
9.548611E+0,-7.218616E-1
9.583333E+0,-7.189584E-1
9.618056E+0,-7.160552E-1
9.652778E+0,-7.131520E-1
9.687500E+0,-7.102487E-1
9.722222E+0,-7.073455E-1
9.756944E+0,-7.044423E-1
9.791667E+0,-7.015391E-1
9.826389E+0,-6.986359E-1
9.861111E+0,-6.957327E-1
9.895833E+0,-6.928295E-1
9.930556E+0,-6.899262E-1
9.965278E+0,-6.870230E-1
1.000000E+1,-6.841198E-1
1.003472E+1,-6.812166E-1
1.006944E+1,-6.783134E-1
1.010417E+1,-6.754101E-1
1.013889E+1,-6.725069E-1
1.017361E+1,-6.696037E-1
1.020833E+1,-6.667005E-1
1.024306E+1,-6.637973E-1
1.027778E+1,-6.608941E-1
1.031250E+1,-6.579909E-1
1.034722E+1,-6.550877E-1
1.038194E+1,-6.521845E-1
1.041667E+1,-6.492812E-1
1.045139E+1,-6.463780E-1
1.048611E+1,-6.434748E-1
1.052083E+1,-6.405716E-1
1.055556E+1,-6.376683E-1
1.059028E+1,-6.347651E-1
1.062500E+1,-6.318619E-1
1.065972E+1,-6.289587E-1
1.069444E+1,-6.260555E-1
1.072917E+1,-6.231523E-1
1.076389E+1,-6.202491E-1
1.079861E+1,-6.173459E-1
1.083333E+1,-6.144427E-1
1.086806E+1,-6.115394E-1
1.090278E+1,-6.086362E-1
1.093750E+1,-6.057330E-1
1.097222E+1,-6.028298E-1
1.100694E+1,-5.999266E-1
1.104167E+1,-5.970233E-1
1.107639E+1,-5.941201E-1
1.111111E+1,-5.912169E-1
1.114583E+1,-5.883137E-1
1.118056E+1,-5.854105E-1
1.121528E+1,-5.825073E-1
1.125000E+1,-5.796041E-1
1.128472E+1,-5.767009E-1
1.131944E+1,-5.737977E-1
1.135417E+1,-5.708944E-1
1.138889E+1,-5.679912E-1
1.142361E+1,-5.650880E-1
1.145833E+1,-5.621848E-1
1.149306E+1,-5.592815E-1
1.152778E+1,-5.563783E-1
1.156250E+1,-5.534751E-1
1.159722E+1,-5.505719E-1
1.163194E+1,-5.476687E-1
1.166667E+1,-5.447655E-1
1.170139E+1,-5.418623E-1
1.173611E+1,-5.389591E-1
1.177083E+1,-5.360559E-1
1.180556E+1,-5.331526E-1
1.184028E+1,-5.302494E-1
1.187500E+1,-5.273462E-1
1.190972E+1,-5.244430E-1
1.194444E+1,-5.215398E-1
1.197917E+1,-5.186365E-1
1.201389E+1,-5.157333E-1
1.204861E+1,-5.128301E-1
1.208333E+1,-5.099269E-1
1.211806E+1,-5.070237E-1
1.215278E+1,-5.041205E-1
1.218750E+1,-5.012173E-1
1.222222E+1,-4.983141E-1
1.225694E+1,-4.954109E-1
1.229167E+1,-4.925076E-1
1.232639E+1,-4.896044E-1
1.236111E+1,-4.867012E-1
1.239583E+1,-4.837980E-1
1.243056E+1,-4.808947E-1
1.246528E+1,-4.779915E-1
1.250000E+1,-4.750883E-1
1.253472E+1,-4.721851E-1
1.256944E+1,-4.692819E-1
1.260417E+1,-4.663787E-1
1.263889E+1,-4.634755E-1
1.267361E+1,-4.605723E-1
1.270833E+1,-4.576691E-1
1.274306E+1,-4.547658E-1
1.277778E+1,-4.518626E-1
1.281250E+1,-4.489594E-1
1.284722E+1,-4.460562E-1
1.288194E+1,-4.431530E-1
1.291667E+1,-4.402497E-1
1.295139E+1,-4.373465E-1
1.298611E+1,-4.344433E-1
1.302083E+1,-4.315401E-1
1.305556E+1,-4.286369E-1
1.309028E+1,-4.257337E-1
1.312500E+1,-4.228305E-1
1.315972E+1,-4.199273E-1
1.319444E+1,-4.170241E-1
1.322917E+1,-4.141208E-1
1.326389E+1,-4.112176E-1
1.329861E+1,-4.083144E-1
1.333333E+1,-4.054112E-1
1.336806E+1,-4.025079E-1
1.340278E+1,-3.996047E-1
1.343750E+1,-3.967015E-1
1.347222E+1,-3.937983E-1
1.350694E+1,-3.908951E-1
1.354167E+1,-3.879919E-1
1.357639E+1,-3.850887E-1
1.361111E+1,-3.821855E-1
1.364583E+1,-3.792823E-1
1.368056E+1,-3.763790E-1
1.371528E+1,-3.734758E-1
1.375000E+1,-3.705726E-1
1.378472E+1,-3.676694E-1
1.381944E+1,-3.647662E-1
1.385417E+1,-3.618629E-1
1.388889E+1,-3.589597E-1
1.392361E+1,-3.560565E-1
1.395833E+1,-3.531533E-1
1.399306E+1,-3.502500E-1
1.402778E+1,-3.473469E-1
1.406250E+1,-3.444437E-1
1.409722E+1,-3.415405E-1
1.413194E+1,-3.386373E-1
1.416667E+1,-3.357340E-1
1.420139E+1,-3.328308E-1
1.423611E+1,-3.299276E-1
1.427083E+1,-3.270244E-1
1.430556E+1,-3.241211E-1
1.434028E+1,-3.212179E-1
1.437500E+1,-3.183147E-1
1.440972E+1,-3.154115E-1
1.444444E+1,-3.125083E-1
1.447917E+1,-3.096050E-1
1.451389E+1,-3.067019E-1
1.454861E+1,-3.037987E-1
1.458333E+1,-3.008955E-1
1.461806E+1,-2.979922E-1
1.465278E+1,-2.950890E-1
1.468750E+1,-2.921858E-1
1.472222E+1,-2.892826E-1
1.475694E+1,-2.863794E-1
1.479167E+1,-2.834761E-1
1.482639E+1,-2.805729E-1
1.486111E+1,-2.776697E-1
1.489583E+1,-2.747665E-1
1.493056E+1,-2.718632E-1
1.496528E+1,-2.689600E-1
1.500000E+1,-2.660569E-1
1.503472E+1,-2.631537E-1
1.506944E+1,-2.602505E-1
1.510417E+1,-2.573472E-1
1.513889E+1,-2.544440E-1
1.517361E+1,-2.515408E-1
1.520833E+1,-2.486376E-1
1.524306E+1,-2.457343E-1
1.527778E+1,-2.428311E-1
1.531250E+1,-2.399279E-1
1.534722E+1,-2.370247E-1
1.538194E+1,-2.341215E-1
1.541667E+1,-2.312182E-1
1.545139E+1,-2.283150E-1
1.548611E+1,-2.254119E-1
1.552083E+1,-2.225087E-1
1.555556E+1,-2.196054E-1
1.559028E+1,-2.167022E-1
1.562500E+1,-2.137990E-1
1.565972E+1,-2.108958E-1
1.569444E+1,-2.079926E-1
1.572917E+1,-2.050893E-1
1.576389E+1,-2.021861E-1
1.579861E+1,-1.992829E-1
1.583333E+1,-1.963797E-1
1.586806E+1,-1.934764E-1
1.590278E+1,-1.905732E-1
1.593750E+1,-1.876700E-1
1.597222E+1,-1.847668E-1
1.600694E+1,-1.818637E-1
1.604167E+1,-1.789604E-1
1.607639E+1,-1.760572E-1
1.611111E+1,-1.731540E-1
1.614583E+1,-1.702508E-1
1.618056E+1,-1.673475E-1
1.621528E+1,-1.644443E-1
1.625000E+1,-1.615411E-1
1.628472E+1,-1.586379E-1
1.631944E+1,-1.557347E-1
1.635417E+1,-1.528314E-1
1.638889E+1,-1.499282E-1
1.642361E+1,-1.470250E-1
1.645833E+1,-1.441218E-1
1.649306E+1,-1.412186E-1
1.652778E+1,-1.383154E-1
1.656250E+1,-1.354122E-1
1.659722E+1,-1.325090E-1
1.663194E+1,-1.296058E-1
1.666667E+1,-1.267025E-1
1.670139E+1,-1.237993E-1
1.673611E+1,-1.208961E-1
1.677083E+1,-1.179929E-1
1.680556E+1,-1.150896E-1
1.684028E+1,-1.121864E-1
1.687500E+1,-1.092832E-1
1.690972E+1,-1.063800E-1
1.694444E+1,-1.034768E-1
1.697917E+1,-1.005736E-1
1.701389E+1,-9.767037E-2
1.704861E+1,-9.476718E-2
1.708333E+1,-9.186398E-2
1.711806E+1,-8.896070E-2
1.715278E+1,-8.605750E-2
1.718750E+1,-8.315431E-2
1.722222E+1,-8.025111E-2
1.725694E+1,-7.734791E-2
1.729167E+1,-7.444463E-2
1.732639E+1,-7.154144E-2
1.736111E+1,-6.863824E-2
1.739583E+1,-6.573504E-2
1.743056E+1,-6.283176E-2
1.746528E+1,-5.992857E-2
1.750000E+1,-5.702537E-2
1.753472E+1,-5.412217E-2
1.756944E+1,-5.121898E-2
1.760417E+1,-4.831570E-2
1.763889E+1,-4.541250E-2
1.767361E+1,-4.250931E-2
1.770833E+1,-3.960611E-2
1.774306E+1,-3.670283E-2
1.777778E+1,-3.379963E-2
1.781250E+1,-3.089644E-2
1.784722E+1,-2.799324E-2
1.788194E+1,-2.509004E-2
1.791667E+1,-2.218676E-2
1.795139E+1,-1.928357E-2
1.798611E+1,-1.638037E-2
1.802083E+1,-1.347717E-2
1.805556E+1,-1.057389E-2
1.809028E+1,-7.670698E-3
1.812500E+1,-4.767501E-3
1.815972E+1,-1.864305E-3
1.819444E+1,1.038891E-3
1.822917E+1,3.942171E-3
1.826389E+1,6.845368E-3
1.829861E+1,9.748564E-3
1.833333E+1,1.265176E-2
1.836806E+1,1.555504E-2
1.840278E+1,1.845824E-2
1.843750E+1,2.136143E-2
1.847222E+1,2.426463E-2
1.850694E+1,2.716783E-2
1.854167E+1,3.007111E-2
1.857639E+1,3.297430E-2
1.861111E+1,3.587750E-2
1.864583E+1,3.878070E-2
1.868056E+1,4.168398E-2
1.871528E+1,4.458717E-2
1.875000E+1,4.749037E-2
1.878472E+1,5.039356E-2
1.881944E+1,5.329676E-2
1.885417E+1,5.620004E-2
1.888889E+1,5.910324E-2
1.892361E+1,6.200643E-2
1.895833E+1,6.490963E-2
1.899306E+1,6.781291E-2
1.902778E+1,7.071611E-2
1.906250E+1,7.361930E-2
1.909722E+1,7.652250E-2
1.913194E+1,7.942570E-2
1.916667E+1,8.232898E-2
1.920139E+1,8.523217E-2
1.923611E+1,8.813537E-2
1.927083E+1,9.103857E-2
1.930556E+1,9.394185E-2
1.934028E+1,9.684504E-2
1.937500E+1,9.974824E-2
1.940972E+1,1.026514E-1
1.944444E+1,1.055546E-1
1.947917E+1,1.084579E-1
1.951389E+1,1.113611E-1
1.954861E+1,1.142643E-1
1.958333E+1,1.171675E-1
1.961806E+1,1.200708E-1
1.965278E+1,1.229740E-1
1.968750E+1,1.258772E-1
1.972222E+1,1.287804E-1
1.975694E+1,1.316836E-1
1.979167E+1,1.345868E-1
1.982639E+1,1.374900E-1
1.986111E+1,1.403932E-1
1.989583E+1,1.432964E-1
1.993056E+1,1.461997E-1
1.996528E+1,1.491029E-1
2.000000E+1,1.520061E-1
2.003472E+1,1.549093E-1
2.006944E+1,1.578125E-1
2.010417E+1,1.607158E-1
2.013889E+1,1.636190E-1
2.017361E+1,1.665222E-1
2.020833E+1,1.694254E-1
2.024306E+1,1.723287E-1
2.027778E+1,1.752318E-1
2.031250E+1,1.781350E-1
2.034722E+1,1.810382E-1
2.038194E+1,1.839414E-1
2.041667E+1,1.868447E-1
2.045139E+1,1.897479E-1
2.048611E+1,1.926511E-1
2.052083E+1,1.955543E-1
2.055556E+1,1.984576E-1
2.059028E+1,2.013608E-1
2.062500E+1,2.042640E-1
2.065972E+1,2.071672E-1
2.069444E+1,2.100704E-1
2.072917E+1,2.129737E-1
2.076389E+1,2.158768E-1
2.079861E+1,2.187800E-1
2.083333E+1,2.216832E-1
2.086806E+1,2.245865E-1
2.090278E+1,2.274897E-1
2.093750E+1,2.303929E-1
2.097222E+1,2.332961E-1
2.100694E+1,2.361993E-1
2.104167E+1,2.391026E-1
2.107639E+1,2.420058E-1
2.111111E+1,2.449090E-1
2.114583E+1,2.478122E-1
2.118056E+1,2.507155E-1
2.121528E+1,2.536187E-1
2.125000E+1,2.565218E-1
2.128472E+1,2.594250E-1
2.131944E+1,2.623282E-1
2.135417E+1,2.652315E-1
2.138889E+1,2.681347E-1
2.142361E+1,2.710379E-1
2.145833E+1,2.739411E-1
2.149306E+1,2.768444E-1
2.152778E+1,2.797476E-1
2.156250E+1,2.826508E-1
2.159722E+1,2.855540E-1
2.163194E+1,2.884572E-1
2.166667E+1,2.913605E-1
2.170139E+1,2.942637E-1
2.173611E+1,2.971668E-1
2.177083E+1,3.000700E-1
2.180556E+1,3.029733E-1
2.184028E+1,3.058765E-1
2.187500E+1,3.087797E-1
2.190972E+1,3.116829E-1
2.194444E+1,3.145861E-1
2.197917E+1,3.174894E-1
2.201389E+1,3.203926E-1
2.204861E+1,3.232958E-1
2.208333E+1,3.261990E-1
2.211806E+1,3.291023E-1
2.215278E+1,3.320055E-1
2.218750E+1,3.349087E-1
2.222222E+1,3.378118E-1
2.225694E+1,3.407150E-1
2.229167E+1,3.436183E-1
2.232639E+1,3.465215E-1
2.236111E+1,3.494247E-1
2.239583E+1,3.523279E-1
2.243056E+1,3.552312E-1
2.246528E+1,3.581344E-1
2.250000E+1,3.610376E-1
2.253472E+1,3.639408E-1
2.256944E+1,3.668440E-1
2.260417E+1,3.697473E-1
2.263889E+1,3.726505E-1
2.267361E+1,3.755537E-1
2.270833E+1,3.784569E-1
2.274306E+1,3.813601E-1
2.277778E+1,3.842633E-1
2.281250E+1,3.871665E-1
2.284722E+1,3.900697E-1
2.288194E+1,3.929729E-1
2.291667E+1,3.958762E-1
2.295139E+1,3.987794E-1
2.298611E+1,4.016826E-1
2.302083E+1,4.045858E-1
2.305556E+1,4.074891E-1
2.309028E+1,4.103923E-1
2.312500E+1,4.132955E-1
2.315972E+1,4.161987E-1
2.319444E+1,4.191019E-1
2.322917E+1,4.220051E-1
2.326389E+1,4.249083E-1
2.329861E+1,4.278115E-1
2.333333E+1,4.307147E-1
2.336806E+1,4.336180E-1
2.340278E+1,4.365212E-1
2.343750E+1,4.394244E-1
2.347222E+1,4.423276E-1
2.350694E+1,4.452308E-1
2.354167E+1,4.481341E-1
2.357639E+1,4.510373E-1
2.361111E+1,4.539405E-1
2.364583E+1,4.568437E-1
2.368056E+1,4.597469E-1
2.371528E+1,4.626501E-1
2.375000E+1,4.655533E-1
2.378472E+1,4.684565E-1
2.381944E+1,4.713597E-1
2.385417E+1,4.742630E-1
2.388889E+1,4.771662E-1
2.392361E+1,4.800694E-1
2.395833E+1,4.829726E-1
2.399306E+1,4.858759E-1
2.402778E+1,4.887791E-1
2.406250E+1,4.916823E-1
2.409722E+1,4.945855E-1
2.413194E+1,4.974887E-1
2.416667E+1,5.003919E-1
2.420139E+1,5.032951E-1
2.423611E+1,5.061983E-1
2.427083E+1,5.091015E-1
2.430556E+1,5.120048E-1
2.434028E+1,5.149080E-1
2.437500E+1,5.178112E-1
2.440972E+1,5.207144E-1
2.444444E+1,5.236176E-1
2.447917E+1,5.265209E-1
2.451389E+1,5.294241E-1
2.454861E+1,5.323273E-1
2.458333E+1,5.352305E-1
2.461806E+1,5.381337E-1
2.465278E+1,5.410369E-1
2.468750E+1,5.439401E-1
2.472222E+1,5.468433E-1
2.475694E+1,5.497465E-1
2.479167E+1,5.526498E-1
2.482639E+1,5.555530E-1
2.486111E+1,5.584562E-1
2.489583E+1,5.613594E-1
2.493056E+1,5.642627E-1
2.496528E+1,5.671659E-1
2.500000E+1,5.700691E-1
2.503472E+1,5.729723E-1
2.506944E+1,5.758755E-1
2.510417E+1,5.787787E-1
2.513889E+1,5.816819E-1
2.517361E+1,5.845851E-1
2.520833E+1,5.874883E-1
2.524306E+1,5.903916E-1
2.527778E+1,5.932948E-1
2.531250E+1,5.961980E-1
2.534722E+1,5.991012E-1
2.538194E+1,6.020044E-1
2.541667E+1,6.049077E-1
2.545139E+1,6.078109E-1
2.548611E+1,6.107141E-1
2.552083E+1,6.136173E-1
2.555556E+1,6.165205E-1
2.559028E+1,6.194237E-1
2.562500E+1,6.223269E-1
2.565972E+1,6.252301E-1
2.569444E+1,6.281333E-1
2.572917E+1,6.310366E-1
2.576389E+1,6.339398E-1
2.579861E+1,6.368430E-1
2.583333E+1,6.397462E-1
2.586806E+1,6.426495E-1
2.590278E+1,6.455527E-1
2.593750E+1,6.484559E-1
2.597222E+1,6.513591E-1
2.600694E+1,6.542623E-1
2.604167E+1,6.571655E-1
2.607639E+1,6.600687E-1
2.611111E+1,6.629719E-1
2.614583E+1,6.658751E-1
2.618056E+1,6.687784E-1
2.621528E+1,6.716816E-1
2.625000E+1,6.745848E-1
2.628472E+1,6.774880E-1
2.631944E+1,6.803912E-1
2.635417E+1,6.832945E-1
2.638889E+1,6.861977E-1
2.642361E+1,6.891009E-1
2.645833E+1,6.920041E-1
2.649306E+1,6.949074E-1
2.652778E+1,6.978105E-1
2.656250E+1,7.007137E-1
2.659722E+1,7.036169E-1
2.663194E+1,7.065201E-1
2.666667E+1,7.094234E-1
2.670139E+1,7.123266E-1
2.673611E+1,7.152298E-1
2.677083E+1,7.181330E-1
2.680556E+1,7.210363E-1
2.684028E+1,7.239395E-1
2.687500E+1,7.268427E-1
2.690972E+1,7.297459E-1
2.694444E+1,7.326491E-1
2.697917E+1,7.355524E-1
2.701389E+1,7.384555E-1
2.704861E+1,7.413587E-1
2.708333E+1,7.442619E-1
2.711806E+1,7.471652E-1
2.715278E+1,7.500684E-1
2.718750E+1,7.529716E-1
2.722222E+1,7.558748E-1
2.725694E+1,7.587780E-1
2.729167E+1,7.616813E-1
2.732639E+1,7.645845E-1
2.736111E+1,7.674877E-1
2.739583E+1,7.703909E-1
2.743056E+1,7.732942E-1
2.746528E+1,7.761974E-1
2.750000E+1,7.791005E-1
2.753472E+1,7.820037E-1
2.756944E+1,7.849069E-1
2.760417E+1,7.878102E-1
2.763889E+1,7.907134E-1
2.767361E+1,7.936166E-1
2.770833E+1,7.965198E-1
2.774306E+1,7.994231E-1
2.777778E+1,8.023263E-1
2.781250E+1,8.052295E-1
2.784722E+1,8.081327E-1
2.788194E+1,8.110359E-1
2.791667E+1,8.139392E-1
2.795139E+1,8.168424E-1
2.798611E+1,8.197455E-1
2.802083E+1,8.226487E-1
2.805556E+1,8.255520E-1
2.809028E+1,8.284552E-1
2.812500E+1,8.313584E-1
2.815972E+1,8.342616E-1
2.819444E+1,8.369381E-1
2.822917E+1,8.390948E-1
2.826389E+1,8.412515E-1
2.829861E+1,8.434082E-1
2.833333E+1,8.455648E-1
2.836806E+1,8.477215E-1
2.840278E+1,8.498782E-1
2.843750E+1,8.520349E-1
2.847222E+1,8.541915E-1
2.850694E+1,8.563482E-1
2.854167E+1,8.585049E-1
2.857639E+1,8.606616E-1
2.861111E+1,8.628182E-1
2.864583E+1,8.649749E-1
2.868056E+1,8.671316E-1
2.871528E+1,8.692883E-1
2.875000E+1,8.714450E-1
2.878472E+1,8.736016E-1
2.881944E+1,8.757583E-1
2.885417E+1,8.779150E-1
2.888889E+1,8.800717E-1
2.892361E+1,8.822283E-1
2.895833E+1,8.843850E-1
2.899306E+1,8.865417E-1
2.902778E+1,8.886984E-1
2.906250E+1,8.908550E-1
2.909722E+1,8.930117E-1
2.913194E+1,8.951684E-1
2.916667E+1,8.973251E-1
2.920139E+1,8.994817E-1
2.923611E+1,9.016384E-1
2.927083E+1,9.037951E-1
2.930556E+1,9.059518E-1
2.934028E+1,9.081085E-1
2.937500E+1,9.102651E-1
2.940972E+1,9.124218E-1
2.944444E+1,9.145784E-1
2.947917E+1,9.167352E-1
2.951389E+1,9.188918E-1
2.954861E+1,9.210485E-1
2.958333E+1,9.232052E-1
2.961806E+1,9.253619E-1
2.965278E+1,9.275185E-1
2.968750E+1,9.296752E-1
2.972222E+1,9.318319E-1
2.975694E+1,9.339885E-1
2.979167E+1,9.361453E-1
2.982639E+1,9.383019E-1
2.986111E+1,9.404586E-1
2.989583E+1,9.426152E-1
2.993056E+1,9.447720E-1
2.996528E+1,9.469286E-1
3.000000E+1,9.490853E-1
3.003472E+1,9.512420E-1
3.006944E+1,9.533986E-1
3.010417E+1,9.555553E-1
3.013889E+1,9.577120E-1
3.017361E+1,9.598687E-1
3.020833E+1,9.620253E-1
3.024306E+1,9.641820E-1
3.027778E+1,9.663387E-1
3.031250E+1,9.684954E-1
3.034722E+1,9.706520E-1
3.038194E+1,9.728087E-1
3.041667E+1,9.749654E-1
3.045139E+1,9.771221E-1
3.048611E+1,9.792787E-1
3.052083E+1,9.814354E-1
3.055556E+1,9.835921E-1
3.059028E+1,9.857488E-1
3.062500E+1,9.879055E-1
3.065972E+1,9.900621E-1
3.069444E+1,9.922188E-1
3.072917E+1,9.943755E-1
3.076389E+1,9.965322E-1
3.079861E+1,9.986888E-1
3.083333E+1,1.000845E+0
3.086806E+1,1.003002E+0
3.090278E+1,1.005159E+0
3.093750E+1,1.007316E+0
3.097222E+1,1.009472E+0
3.100694E+1,1.011629E+0
3.104167E+1,1.013786E+0
3.107639E+1,1.015942E+0
3.111111E+1,1.018099E+0
3.114583E+1,1.020256E+0
3.118056E+1,1.022412E+0
3.121528E+1,1.024569E+0
3.125000E+1,1.026726E+0
3.128472E+1,1.028882E+0
3.131944E+1,1.031039E+0
3.135417E+1,1.033196E+0
3.138889E+1,1.035352E+0
3.142361E+1,1.037509E+0
3.145833E+1,1.039666E+0
3.149306E+1,1.041822E+0
3.152778E+1,1.043979E+0
3.156250E+1,1.046136E+0
3.159722E+1,1.048292E+0
3.163194E+1,1.050449E+0
3.166667E+1,1.052606E+0
3.170139E+1,1.054762E+0
3.173611E+1,1.056919E+0
3.177083E+1,1.059076E+0
3.180556E+1,1.061232E+0
3.184028E+1,1.063389E+0
3.187500E+1,1.065546E+0
3.190972E+1,1.067702E+0
3.194444E+1,1.069859E+0
3.197917E+1,1.072016E+0
3.201389E+1,1.074173E+0
3.204861E+1,1.076329E+0
3.208333E+1,1.078486E+0
3.211806E+1,1.080643E+0
3.215278E+1,1.082799E+0
3.218750E+1,1.084956E+0
3.222222E+1,1.087113E+0
3.225694E+1,1.089269E+0
3.229167E+1,1.091426E+0
3.232639E+1,1.093583E+0
3.236111E+1,1.095739E+0
3.239583E+1,1.097896E+0
3.243056E+1,1.100053E+0
3.246528E+1,1.102209E+0
3.250000E+1,1.104366E+0
3.253472E+1,1.105917E+0
3.256944E+1,1.107349E+0
3.260417E+1,1.108781E+0
3.263889E+1,1.110213E+0
3.267361E+1,1.111645E+0
3.270833E+1,1.113078E+0
3.274306E+1,1.114510E+0
3.277778E+1,1.115942E+0
3.281250E+1,1.117374E+0
3.284722E+1,1.118806E+0
3.288194E+1,1.120238E+0
3.291667E+1,1.121670E+0
3.295139E+1,1.123102E+0
3.298611E+1,1.124534E+0
3.302083E+1,1.125966E+0
3.305556E+1,1.127399E+0
3.309028E+1,1.128831E+0
3.312500E+1,1.130263E+0
3.315972E+1,1.131695E+0
3.319444E+1,1.133127E+0
3.322917E+1,1.134559E+0
3.326389E+1,1.135991E+0
3.329861E+1,1.137423E+0
3.333333E+1,1.138855E+0
3.336806E+1,1.140288E+0
3.340278E+1,1.141720E+0
3.343750E+1,1.143152E+0
3.347222E+1,1.144584E+0
3.350694E+1,1.146016E+0
3.354167E+1,1.147448E+0
3.357639E+1,1.148880E+0
3.361111E+1,1.150312E+0
3.364583E+1,1.151744E+0
3.368056E+1,1.153176E+0
3.371528E+1,1.154609E+0
3.375000E+1,1.156041E+0
3.378472E+1,1.157473E+0
3.381944E+1,1.158905E+0
3.385417E+1,1.160337E+0
3.388889E+1,1.161769E+0
3.392361E+1,1.163201E+0
3.395833E+1,1.164633E+0
3.399306E+1,1.166065E+0
3.402778E+1,1.167498E+0
3.406250E+1,1.168930E+0
3.409722E+1,1.170362E+0
3.413194E+1,1.171794E+0
3.416667E+1,1.173226E+0
3.420139E+1,1.174658E+0
3.423611E+1,1.176090E+0
3.427083E+1,1.177522E+0
3.430556E+1,1.178954E+0
3.434028E+1,1.180386E+0
3.437500E+1,1.181819E+0
3.440972E+1,1.183251E+0
3.444444E+1,1.184683E+0
3.447917E+1,1.186115E+0
3.451389E+1,1.187547E+0
3.454861E+1,1.188979E+0
3.458333E+1,1.190411E+0
3.461806E+1,1.191843E+0
3.465278E+1,1.193275E+0
3.468750E+1,1.194708E+0
3.472222E+1,1.196140E+0
3.475694E+1,1.197572E+0
3.479167E+1,1.199004E+0
3.482639E+1,1.200436E+0
3.486111E+1,1.201868E+0
3.489583E+1,1.203300E+0
3.493056E+1,1.204732E+0
3.496528E+1,1.206164E+0
3.500000E+1,1.207596E+0
3.503472E+1,1.209029E+0
3.506944E+1,1.210461E+0
3.510417E+1,1.211893E+0
3.513889E+1,1.213325E+0
3.517361E+1,1.214757E+0
3.520833E+1,1.216189E+0
3.524306E+1,1.217621E+0
3.527778E+1,1.219053E+0
3.531250E+1,1.220485E+0
3.534722E+1,1.221917E+0
3.538194E+1,1.223350E+0
3.541667E+1,1.224782E+0
3.545139E+1,1.226214E+0
3.548611E+1,1.227646E+0
3.552083E+1,1.229078E+0
3.555556E+1,1.230510E+0
3.559028E+1,1.231942E+0
3.562500E+1,1.233374E+0
3.565972E+1,1.234806E+0
3.569444E+1,1.236239E+0
3.572917E+1,1.237671E+0
3.576389E+1,1.239103E+0
3.579861E+1,1.240535E+0
3.583333E+1,1.241967E+0
3.586806E+1,1.243399E+0
3.590278E+1,1.244831E+0
3.593750E+1,1.246263E+0
3.597222E+1,1.247695E+0
3.600694E+1,1.249127E+0
3.604167E+1,1.250560E+0
3.607639E+1,1.251992E+0
3.611111E+1,1.253424E+0
3.614583E+1,1.254856E+0
3.618056E+1,1.256288E+0
3.621528E+1,1.257720E+0
3.625000E+1,1.259152E+0
3.628472E+1,1.260584E+0
3.631944E+1,1.262016E+0
3.635417E+1,1.263449E+0
3.638889E+1,1.264881E+0
3.642361E+1,1.266313E+0
3.645833E+1,1.267745E+0
3.649306E+1,1.269177E+0
3.652778E+1,1.270609E+0
3.656250E+1,1.272041E+0
3.659722E+1,1.273473E+0
3.663194E+1,1.274905E+0
3.666667E+1,1.276337E+0
3.670139E+1,1.277770E+0
3.673611E+1,1.279202E+0
3.677083E+1,1.280634E+0
3.680556E+1,1.282066E+0
3.684028E+1,1.283498E+0
3.687500E+1,1.284930E+0
3.690972E+1,1.286362E+0
3.694444E+1,1.287794E+0
3.697917E+1,1.289226E+0
3.701389E+1,1.290530E+0
3.704861E+1,1.290097E+0
3.708333E+1,1.289664E+0
3.711806E+1,1.289231E+0
3.715278E+1,1.288797E+0
3.718750E+1,1.288364E+0
3.722222E+1,1.287931E+0
3.725694E+1,1.287498E+0
3.729167E+1,1.287065E+0
3.732639E+1,1.286632E+0
3.736111E+1,1.286198E+0
3.739583E+1,1.285765E+0
3.743056E+1,1.285332E+0
3.746528E+1,1.284899E+0
3.750000E+1,1.284466E+0
3.753472E+1,1.284033E+0
3.756944E+1,1.283599E+0
3.760417E+1,1.283166E+0
3.763889E+1,1.282733E+0
3.767361E+1,1.282300E+0
3.770833E+1,1.281867E+0
3.774306E+1,1.281434E+0
3.777778E+1,1.281000E+0
3.781250E+1,1.280567E+0
3.784722E+1,1.280134E+0
3.788194E+1,1.279701E+0
3.791667E+1,1.279268E+0
3.795139E+1,1.278834E+0
3.798611E+1,1.278401E+0
3.802083E+1,1.277968E+0
3.805556E+1,1.277535E+0
3.809028E+1,1.277102E+0
3.812500E+1,1.276669E+0
3.815972E+1,1.276235E+0
3.819444E+1,1.275802E+0
3.822917E+1,1.275369E+0
3.826389E+1,1.274936E+0
3.829861E+1,1.274503E+0
3.833333E+1,1.274070E+0
3.836806E+1,1.273636E+0
3.840278E+1,1.273203E+0
3.843750E+1,1.272770E+0
3.847222E+1,1.272337E+0
3.850694E+1,1.271904E+0
3.854167E+1,1.271471E+0
3.857639E+1,1.271037E+0
3.861111E+1,1.270604E+0
3.864583E+1,1.270171E+0
3.868056E+1,1.269738E+0
3.871528E+1,1.269305E+0
3.875000E+1,1.268871E+0
3.878472E+1,1.268438E+0
3.881944E+1,1.268005E+0
3.885417E+1,1.267572E+0
3.888889E+1,1.267139E+0
3.892361E+1,1.266706E+0
3.895833E+1,1.266272E+0
3.899306E+1,1.265839E+0
3.902778E+1,1.265406E+0
3.906250E+1,1.264973E+0
3.909722E+1,1.264540E+0
3.913194E+1,1.264107E+0
3.916667E+1,1.263673E+0
3.920139E+1,1.263240E+0
3.923611E+1,1.262807E+0
3.927083E+1,1.262374E+0
3.930556E+1,1.261941E+0
3.934028E+1,1.261508E+0
3.937500E+1,1.261074E+0
3.940972E+1,1.260641E+0
3.944444E+1,1.260208E+0
3.947917E+1,1.259775E+0
3.951389E+1,1.259342E+0
3.954861E+1,1.258908E+0
3.958333E+1,1.258475E+0
3.961806E+1,1.258042E+0
3.965278E+1,1.257609E+0
3.968750E+1,1.257176E+0
3.972222E+1,1.256743E+0
3.975694E+1,1.256309E+0
3.979167E+1,1.255876E+0
3.982639E+1,1.255443E+0
3.986111E+1,1.255010E+0
3.989583E+1,1.254577E+0
3.993056E+1,1.254144E+0
3.996528E+1,1.253710E+0
4.000000E+1,1.253277E+0
4.003472E+1,1.252844E+0
4.006944E+1,1.252411E+0
4.010417E+1,1.251978E+0
4.013889E+1,1.251545E+0
4.017361E+1,1.251111E+0
4.020833E+1,1.250678E+0
4.024306E+1,1.250245E+0
4.027778E+1,1.249812E+0
4.031250E+1,1.249379E+0
4.034722E+1,1.248945E+0
4.038194E+1,1.248512E+0
4.041667E+1,1.248079E+0
4.045139E+1,1.247646E+0
4.048611E+1,1.247213E+0
4.052083E+1,1.246780E+0
4.055556E+1,1.246346E+0
4.059028E+1,1.245913E+0
4.062500E+1,1.245480E+0
4.065972E+1,1.245047E+0
4.069444E+1,1.244614E+0
4.072917E+1,1.244181E+0
4.076389E+1,1.243747E+0
4.079861E+1,1.243314E+0
4.083333E+1,1.242881E+0
4.086806E+1,1.242448E+0
4.090278E+1,1.242015E+0
4.093750E+1,1.241582E+0
4.097222E+1,1.241148E+0
4.100694E+1,1.240715E+0
4.104167E+1,1.240282E+0
4.107639E+1,1.239849E+0
4.111111E+1,1.239416E+0
4.114583E+1,1.238982E+0
4.118056E+1,1.237970E+0
4.121528E+1,1.236892E+0
4.125000E+1,1.235814E+0
4.128472E+1,1.234736E+0
4.131944E+1,1.233657E+0
4.135417E+1,1.232579E+0
4.138889E+1,1.231501E+0
4.142361E+1,1.230422E+0
4.145833E+1,1.229344E+0
4.149306E+1,1.228266E+0
4.152778E+1,1.227187E+0
4.156250E+1,1.226109E+0
4.159722E+1,1.225031E+0
4.163194E+1,1.223952E+0
4.166667E+1,1.222874E+0
4.170139E+1,1.221796E+0
4.173611E+1,1.220718E+0
4.177083E+1,1.219639E+0
4.180556E+1,1.218561E+0
4.184028E+1,1.217483E+0
4.187500E+1,1.216404E+0
4.190972E+1,1.215326E+0
4.194444E+1,1.214248E+0
4.197917E+1,1.213169E+0
4.201389E+1,1.212091E+0
4.204861E+1,1.211013E+0
4.208333E+1,1.209934E+0
4.211806E+1,1.208856E+0
4.215278E+1,1.207778E+0
4.218750E+1,1.206699E+0
4.222222E+1,1.205621E+0
4.225694E+1,1.204543E+0
4.229167E+1,1.203465E+0
4.232639E+1,1.202386E+0
4.236111E+1,1.201308E+0
4.239583E+1,1.200230E+0
4.243056E+1,1.199151E+0
4.246528E+1,1.198073E+0
4.250000E+1,1.196995E+0
4.253472E+1,1.195916E+0
4.256944E+1,1.194838E+0
4.260417E+1,1.193760E+0
4.263889E+1,1.192681E+0
4.267361E+1,1.191603E+0
4.270833E+1,1.190525E+0
4.274306E+1,1.189446E+0
4.277778E+1,1.188368E+0
4.281250E+1,1.187290E+0
4.284722E+1,1.186212E+0
4.288194E+1,1.185133E+0
4.291667E+1,1.184055E+0
4.295139E+1,1.182977E+0
4.298611E+1,1.181898E+0
4.302083E+1,1.180820E+0
4.305556E+1,1.179742E+0
4.309028E+1,1.178663E+0
4.312500E+1,1.177585E+0
4.315972E+1,1.176507E+0
4.319444E+1,1.175428E+0
4.322917E+1,1.174350E+0
4.326389E+1,1.173272E+0
4.329861E+1,1.172194E+0
4.333333E+1,1.171115E+0
4.336806E+1,1.170037E+0
4.340278E+1,1.168959E+0
4.343750E+1,1.167880E+0
4.347222E+1,1.166802E+0
4.350694E+1,1.165724E+0
4.354167E+1,1.164645E+0
4.357639E+1,1.163567E+0
4.361111E+1,1.162489E+0
4.364583E+1,1.161410E+0
4.368056E+1,1.160332E+0
4.371528E+1,1.159254E+0
4.375000E+1,1.158176E+0
4.378472E+1,1.157097E+0
4.381944E+1,1.156019E+0
4.385417E+1,1.154941E+0
4.388889E+1,1.153862E+0
4.392361E+1,1.152784E+0
4.395833E+1,1.151706E+0
4.399306E+1,1.150627E+0
4.402778E+1,1.149549E+0
4.406250E+1,1.148471E+0
4.409722E+1,1.147392E+0
4.413194E+1,1.146314E+0
4.416667E+1,1.145236E+0
4.420139E+1,1.144157E+0
4.423611E+1,1.143079E+0
4.427083E+1,1.142001E+0
4.430556E+1,1.140923E+0
4.434028E+1,1.139844E+0
4.437500E+1,1.138766E+0
4.440972E+1,1.137688E+0
4.444444E+1,1.136609E+0
4.447917E+1,1.135531E+0
4.451389E+1,1.134453E+0
4.454861E+1,1.133374E+0
4.458333E+1,1.132296E+0
4.461806E+1,1.131218E+0
4.465278E+1,1.130139E+0
4.468750E+1,1.129061E+0
4.472222E+1,1.127983E+0
4.475694E+1,1.126905E+0
4.479167E+1,1.125826E+0
4.482639E+1,1.124748E+0
4.486111E+1,1.123670E+0
4.489583E+1,1.122591E+0
4.493056E+1,1.121513E+0
4.496528E+1,1.120435E+0
4.500000E+1,1.119356E+0
4.503472E+1,1.118278E+0
4.506944E+1,1.117200E+0
4.510417E+1,1.116121E+0
4.513889E+1,1.115043E+0
4.517361E+1,1.113965E+0
4.520833E+1,1.112887E+0
4.524306E+1,1.111808E+0
4.527778E+1,1.110730E+0
4.531250E+1,1.109652E+0
4.534722E+1,1.108573E+0
4.538194E+1,1.107495E+0
4.541667E+1,1.106417E+0
4.545139E+1,1.105338E+0
4.548611E+1,1.104443E+0
4.552083E+1,1.103793E+0
4.555556E+1,1.103143E+0
4.559028E+1,1.102494E+0
4.562500E+1,1.101844E+0
4.565972E+1,1.101194E+0
4.569444E+1,1.100544E+0
4.572917E+1,1.099895E+0
4.576389E+1,1.099245E+0
4.579861E+1,1.098595E+0
4.583333E+1,1.097945E+0
4.586806E+1,1.097295E+0
4.590278E+1,1.096646E+0
4.593750E+1,1.095996E+0
4.597222E+1,1.095346E+0
4.600694E+1,1.094696E+0
4.604167E+1,1.094047E+0
4.607639E+1,1.093397E+0
4.611111E+1,1.092747E+0
4.614583E+1,1.092097E+0
4.618056E+1,1.091448E+0
4.621528E+1,1.090798E+0
4.625000E+1,1.090148E+0
4.628472E+1,1.089498E+0
4.631944E+1,1.088849E+0
4.635417E+1,1.088199E+0
4.638889E+1,1.087549E+0
4.642361E+1,1.086899E+0
4.645833E+1,1.086250E+0
4.649306E+1,1.085600E+0
4.652778E+1,1.084950E+0
4.656250E+1,1.084300E+0
4.659722E+1,1.083650E+0
4.663194E+1,1.083001E+0
4.666667E+1,1.082351E+0
4.670139E+1,1.081701E+0
4.673611E+1,1.081051E+0
4.677083E+1,1.080402E+0
4.680556E+1,1.079752E+0
4.684028E+1,1.079102E+0
4.687500E+1,1.078452E+0
4.690972E+1,1.077803E+0
4.694444E+1,1.077153E+0
4.697917E+1,1.076503E+0
4.701389E+1,1.075853E+0
4.704861E+1,1.075204E+0
4.708333E+1,1.074554E+0
4.711806E+1,1.073904E+0
4.715278E+1,1.073254E+0
4.718750E+1,1.072605E+0
4.722222E+1,1.071955E+0
4.725694E+1,1.071305E+0
4.729167E+1,1.070655E+0
4.732639E+1,1.070005E+0
4.736111E+1,1.069356E+0
4.739583E+1,1.068706E+0
4.743056E+1,1.068056E+0
4.746528E+1,1.067406E+0
4.750000E+1,1.066757E+0
4.753472E+1,1.066107E+0
4.756944E+1,1.065457E+0
4.760417E+1,1.064807E+0
4.763889E+1,1.064158E+0
4.767361E+1,1.063508E+0
4.770833E+1,1.062858E+0
4.774306E+1,1.062208E+0
4.777778E+1,1.061559E+0
4.781250E+1,1.060909E+0
4.784722E+1,1.060259E+0
4.788194E+1,1.059609E+0
4.791667E+1,1.058960E+0
4.795139E+1,1.058310E+0
4.798611E+1,1.057660E+0
4.802083E+1,1.057010E+0
4.805556E+1,1.056360E+0
4.809028E+1,1.055711E+0
4.812500E+1,1.055061E+0
4.815972E+1,1.054411E+0
4.819444E+1,1.053761E+0
4.822917E+1,1.053112E+0
4.826389E+1,1.052462E+0
4.829861E+1,1.051812E+0
4.833333E+1,1.051162E+0
4.836806E+1,1.050513E+0
4.840278E+1,1.049863E+0
4.843750E+1,1.049213E+0
4.847222E+1,1.048563E+0
4.850694E+1,1.047914E+0
4.854167E+1,1.047264E+0
4.857639E+1,1.046614E+0
4.861111E+1,1.045964E+0
4.864583E+1,1.045315E+0
4.868056E+1,1.044665E+0
4.871528E+1,1.044015E+0
4.875000E+1,1.043365E+0
4.878472E+1,1.042716E+0
4.881944E+1,1.042066E+0
4.885417E+1,1.041416E+0
4.888889E+1,1.040766E+0
4.892361E+1,1.040116E+0
4.895833E+1,1.039467E+0
4.899306E+1,1.038817E+0
4.902778E+1,1.038167E+0
4.906250E+1,1.037517E+0
4.909722E+1,1.036868E+0
4.913194E+1,1.036218E+0
4.916667E+1,1.035568E+0
4.920139E+1,1.034918E+0
4.923611E+1,1.034269E+0
4.927083E+1,1.033619E+0
4.930556E+1,1.032969E+0
4.934028E+1,1.032319E+0
4.937500E+1,1.031670E+0
4.940972E+1,1.031020E+0
4.944444E+1,1.030370E+0
4.947917E+1,1.029720E+0
4.951389E+1,1.029071E+0
4.954861E+1,1.028421E+0
4.958333E+1,1.027771E+0
4.961806E+1,1.027121E+0
4.965278E+1,1.026471E+0
4.968750E+1,1.025822E+0
4.972222E+1,1.025172E+0
4.975694E+1,1.024522E+0
4.979167E+1,1.023872E+0
4.982639E+1,1.023223E+0
4.986111E+1,1.022573E+0
4.989583E+1,1.022050E+0
4.993056E+1,1.021812E+0
4.996528E+1,1.021573E+0
5.000000E+1,1.021334E+0
5.003472E+1,1.021095E+0
5.006944E+1,1.020857E+0
5.010417E+1,1.020618E+0
5.013889E+1,1.020379E+0
5.017361E+1,1.020141E+0
5.020833E+1,1.019902E+0
5.024306E+1,1.019663E+0
5.027778E+1,1.019425E+0
5.031250E+1,1.019186E+0
5.034722E+1,1.018947E+0
5.038194E+1,1.018709E+0
5.041667E+1,1.018470E+0
5.045139E+1,1.018231E+0
5.048611E+1,1.017992E+0
5.052083E+1,1.017754E+0
5.055556E+1,1.017515E+0
5.059028E+1,1.017276E+0
5.062500E+1,1.017038E+0
5.065972E+1,1.016799E+0
5.069444E+1,1.016560E+0
5.072917E+1,1.016322E+0
5.076389E+1,1.016083E+0
5.079861E+1,1.015844E+0
5.083333E+1,1.015606E+0
5.086806E+1,1.015367E+0
5.090278E+1,1.015128E+0
5.093750E+1,1.014889E+0
5.097222E+1,1.014651E+0
5.100694E+1,1.014412E+0
5.104167E+1,1.014173E+0
5.107639E+1,1.013935E+0
5.111111E+1,1.013696E+0
5.114583E+1,1.013457E+0
5.118056E+1,1.013219E+0
5.121528E+1,1.012980E+0
5.125000E+1,1.012741E+0
5.128472E+1,1.012503E+0
5.131944E+1,1.012264E+0
5.135417E+1,1.012025E+0
5.138889E+1,1.011786E+0
5.142361E+1,1.011548E+0
5.145833E+1,1.011309E+0
5.149306E+1,1.011070E+0
5.152778E+1,1.010832E+0
5.156250E+1,1.010593E+0
5.159722E+1,1.010354E+0
5.163194E+1,1.010116E+0
5.166667E+1,1.009877E+0
5.170139E+1,1.009638E+0
5.173611E+1,1.009400E+0
5.177083E+1,1.009161E+0
5.180556E+1,1.008922E+0
5.184028E+1,1.008683E+0
5.187500E+1,1.008445E+0
5.190972E+1,1.008206E+0
5.194444E+1,1.007967E+0
5.197917E+1,1.007729E+0
5.201389E+1,1.007490E+0
5.204861E+1,1.007251E+0
5.208333E+1,1.007013E+0
5.211806E+1,1.006774E+0
5.215278E+1,1.006535E+0
5.218750E+1,1.006297E+0
5.222222E+1,1.006058E+0
5.225694E+1,1.005819E+0
5.229167E+1,1.005581E+0
5.232639E+1,1.005342E+0
5.236111E+1,1.005103E+0
5.239583E+1,1.004864E+0
5.243056E+1,1.004626E+0
5.246528E+1,1.004387E+0
5.250000E+1,1.004148E+0
5.253472E+1,1.003910E+0
5.256944E+1,1.003671E+0
5.260417E+1,1.003432E+0
5.263889E+1,1.003194E+0
5.267361E+1,1.002955E+0
5.270833E+1,1.002716E+0
5.274306E+1,1.002478E+0
5.277778E+1,1.002239E+0
5.281250E+1,1.002000E+0
5.284722E+1,1.001761E+0
5.288194E+1,1.001523E+0
5.291667E+1,1.001284E+0
5.295139E+1,1.001045E+0
5.298611E+1,1.000807E+0
5.302083E+1,1.000568E+0
5.305556E+1,1.000329E+0
5.309028E+1,1.000091E+0
5.312500E+1,9.998519E-1
5.315972E+1,9.996132E-1
5.319444E+1,9.993745E-1
5.322917E+1,9.991358E-1
5.326389E+1,9.988971E-1
5.329861E+1,9.986585E-1
5.333333E+1,9.984198E-1
5.336806E+1,9.981811E-1
5.340278E+1,9.979424E-1
5.343750E+1,9.977037E-1
5.347222E+1,9.974650E-1
5.350694E+1,9.972263E-1
5.354167E+1,9.969876E-1
5.357639E+1,9.967489E-1
5.361111E+1,9.965102E-1
5.364583E+1,9.962715E-1
5.368056E+1,9.960328E-1
5.371528E+1,9.957942E-1
5.375000E+1,9.955555E-1
5.378472E+1,9.953168E-1
5.381944E+1,9.950781E-1
5.385417E+1,9.948394E-1
5.388889E+1,9.946007E-1
5.392361E+1,9.943620E-1
5.395833E+1,9.941233E-1
5.399306E+1,9.938846E-1
5.402778E+1,9.936459E-1
5.406250E+1,9.934072E-1
5.409722E+1,9.931685E-1
5.413194E+1,9.929299E-1
5.416667E+1,9.926912E-1
5.420139E+1,9.924525E-1
5.423611E+1,9.922138E-1
5.427083E+1,9.919751E-1
5.430556E+1,9.917364E-1
5.434028E+1,9.914977E-1
5.437500E+1,9.912590E-1
5.440972E+1,9.913865E-1
5.444444E+1,9.918196E-1
5.447917E+1,9.922528E-1
5.451389E+1,9.926860E-1
5.454861E+1,9.931192E-1
5.458333E+1,9.935524E-1
5.461806E+1,9.939855E-1
5.465278E+1,9.944187E-1
5.468750E+1,9.948519E-1
5.472222E+1,9.952851E-1
5.475694E+1,9.957182E-1
5.479167E+1,9.961514E-1
5.482639E+1,9.965846E-1
5.486111E+1,9.970178E-1
5.489583E+1,9.974510E-1
5.493056E+1,9.978842E-1
5.496528E+1,9.983173E-1
5.500000E+1,9.987505E-1
5.503472E+1,9.991837E-1
5.506944E+1,9.996169E-1
5.510417E+1,1.000050E+0
5.513889E+1,1.000483E+0
5.517361E+1,1.000916E+0
5.520833E+1,1.001350E+0
5.524306E+1,1.001783E+0
5.527778E+1,1.002216E+0
5.531250E+1,1.002649E+0
5.534722E+1,1.003082E+0
5.538194E+1,1.003515E+0
5.541667E+1,1.003949E+0
5.545139E+1,1.004382E+0
5.548611E+1,1.004815E+0
5.552083E+1,1.005248E+0
5.555556E+1,1.005681E+0
5.559028E+1,1.006115E+0
5.562500E+1,1.006548E+0
5.565972E+1,1.006981E+0
5.569444E+1,1.007414E+0
5.572917E+1,1.007847E+0
5.576389E+1,1.008280E+0
5.579861E+1,1.008714E+0
5.583333E+1,1.009147E+0
5.586806E+1,1.009580E+0
5.590278E+1,1.010013E+0
5.593750E+1,1.010446E+0
5.597222E+1,1.010880E+0
5.600694E+1,1.011313E+0
5.604167E+1,1.011746E+0
5.607639E+1,1.012179E+0
5.611111E+1,1.012612E+0
5.614583E+1,1.013045E+0
5.618056E+1,1.013479E+0
5.621528E+1,1.013912E+0
5.625000E+1,1.014345E+0
5.628472E+1,1.014778E+0
5.631944E+1,1.015211E+0
5.635417E+1,1.015644E+0
5.638889E+1,1.016078E+0
5.642361E+1,1.016511E+0
5.645833E+1,1.016944E+0
5.649306E+1,1.017377E+0
5.652778E+1,1.017810E+0
5.656250E+1,1.018244E+0
5.659722E+1,1.018677E+0
5.663194E+1,1.019110E+0
5.666667E+1,1.019543E+0
5.670139E+1,1.019976E+0
5.673611E+1,1.020409E+0
5.677083E+1,1.020843E+0
5.680556E+1,1.021276E+0
5.684028E+1,1.021709E+0
5.687500E+1,1.022142E+0
5.690972E+1,1.022575E+0
5.694444E+1,1.023009E+0
5.697917E+1,1.023442E+0
5.701389E+1,1.023875E+0
5.704861E+1,1.024308E+0
5.708333E+1,1.024741E+0
5.711806E+1,1.025174E+0
5.715278E+1,1.025608E+0
5.718750E+1,1.026041E+0
5.722222E+1,1.026474E+0
5.725694E+1,1.026907E+0
5.729167E+1,1.027340E+0
5.732639E+1,1.027774E+0
5.736111E+1,1.028207E+0
5.739583E+1,1.028640E+0
5.743056E+1,1.029073E+0
5.746528E+1,1.029506E+0
5.750000E+1,1.029939E+0
5.753472E+1,1.030373E+0
5.756944E+1,1.030806E+0
5.760417E+1,1.031239E+0
5.763889E+1,1.031672E+0
5.767361E+1,1.032105E+0
5.770833E+1,1.032538E+0
5.774306E+1,1.032972E+0
5.777778E+1,1.033405E+0
5.781250E+1,1.033838E+0
5.784722E+1,1.034271E+0
5.788194E+1,1.034704E+0
5.791667E+1,1.035138E+0
5.795139E+1,1.035571E+0
5.798611E+1,1.036004E+0
5.802083E+1,1.036437E+0
5.805556E+1,1.036870E+0
5.809028E+1,1.037303E+0
5.812500E+1,1.037737E+0
5.815972E+1,1.038170E+0
5.819444E+1,1.038603E+0
5.822917E+1,1.039036E+0
5.826389E+1,1.039469E+0
5.829861E+1,1.039903E+0
5.833333E+1,1.040336E+0
5.836806E+1,1.040769E+0
5.840278E+1,1.041202E+0
5.843750E+1,1.041635E+0
5.847222E+1,1.042068E+0
5.850694E+1,1.042502E+0
5.854167E+1,1.042682E+0
5.857639E+1,1.042438E+0
5.861111E+1,1.042195E+0
5.864583E+1,1.041951E+0
5.868056E+1,1.041707E+0
5.871528E+1,1.041464E+0
5.875000E+1,1.041220E+0
5.878472E+1,1.040976E+0
5.881944E+1,1.040733E+0
5.885417E+1,1.040489E+0
5.888889E+1,1.040245E+0
5.892361E+1,1.040002E+0
5.895833E+1,1.039758E+0
5.899306E+1,1.039514E+0
5.902778E+1,1.039271E+0
5.906250E+1,1.039027E+0
5.909722E+1,1.038783E+0
5.913194E+1,1.038540E+0
5.916667E+1,1.038296E+0
5.920139E+1,1.038052E+0
5.923611E+1,1.037809E+0
5.927083E+1,1.037565E+0
5.930556E+1,1.037321E+0
5.934028E+1,1.037078E+0
5.937500E+1,1.036834E+0
5.940972E+1,1.036590E+0
5.944444E+1,1.036347E+0
5.947917E+1,1.036103E+0
5.951389E+1,1.035859E+0
5.954861E+1,1.035616E+0
5.958333E+1,1.035372E+0
5.961806E+1,1.035128E+0
5.965278E+1,1.034885E+0
5.968750E+1,1.034641E+0
5.972222E+1,1.034397E+0
5.975694E+1,1.034154E+0
5.979167E+1,1.033910E+0
5.982639E+1,1.033666E+0
5.986111E+1,1.033423E+0
5.989583E+1,1.033179E+0
5.993056E+1,1.032935E+0
5.996528E+1,1.032692E+0
6.000000E+1,1.032448E+0
6.003472E+1,1.032204E+0
6.006944E+1,1.031961E+0
6.010417E+1,1.031717E+0
6.013889E+1,1.031473E+0
6.017361E+1,1.031230E+0
6.020833E+1,1.030986E+0
6.024306E+1,1.030742E+0
6.027778E+1,1.030499E+0
6.031250E+1,1.030255E+0
6.034722E+1,1.030011E+0
6.038194E+1,1.029768E+0
6.041667E+1,1.029524E+0
6.045139E+1,1.029280E+0
6.048611E+1,1.029037E+0
6.052083E+1,1.028793E+0
6.055556E+1,1.028549E+0
6.059028E+1,1.028306E+0
6.062500E+1,1.028062E+0
6.065972E+1,1.027818E+0
6.069444E+1,1.027575E+0
6.072917E+1,1.027331E+0
6.076389E+1,1.027087E+0
6.079861E+1,1.026844E+0
6.083333E+1,1.026600E+0
6.086806E+1,1.026356E+0
6.090278E+1,1.026113E+0
6.093750E+1,1.025869E+0
6.097222E+1,1.025625E+0
6.100694E+1,1.025382E+0
6.104167E+1,1.025138E+0
6.107639E+1,1.024895E+0
6.111111E+1,1.024651E+0
6.114583E+1,1.024407E+0
6.118056E+1,1.024164E+0
6.121528E+1,1.023920E+0
6.125000E+1,1.023676E+0
6.128472E+1,1.023433E+0
6.131944E+1,1.023189E+0
6.135417E+1,1.022945E+0
6.138889E+1,1.022702E+0
6.142361E+1,1.022458E+0
6.145833E+1,1.022214E+0
6.149306E+1,1.021971E+0
6.152778E+1,1.021727E+0
6.156250E+1,1.021483E+0
6.159722E+1,1.021240E+0
6.163194E+1,1.020996E+0
6.166667E+1,1.020752E+0
6.170139E+1,1.020509E+0
6.173611E+1,1.020265E+0
6.177083E+1,1.020021E+0
6.180556E+1,1.019778E+0
6.184028E+1,1.019534E+0
6.187500E+1,1.019290E+0
6.190972E+1,1.019047E+0
6.194444E+1,1.018803E+0
6.197917E+1,1.018559E+0
6.201389E+1,1.018316E+0
6.204861E+1,1.018072E+0
6.208333E+1,1.017828E+0
6.211806E+1,1.017585E+0
6.215278E+1,1.017341E+0
6.218750E+1,1.017097E+0
6.222222E+1,1.016854E+0
6.225694E+1,1.016610E+0
6.229167E+1,1.016366E+0
6.232639E+1,1.016123E+0
6.236111E+1,1.015879E+0
6.239583E+1,1.015635E+0
6.243056E+1,1.015392E+0
6.246528E+1,1.015148E+0
6.250000E+1,1.014904E+0
6.253472E+1,1.014661E+0
6.256944E+1,1.014417E+0
6.260417E+1,1.014173E+0
6.263889E+1,1.013930E+0
6.267361E+1,1.013686E+0
6.270833E+1,1.013442E+0
6.274306E+1,1.013199E+0
6.277778E+1,1.012955E+0
6.281250E+1,1.012711E+0
6.284722E+1,1.012468E+0
6.288194E+1,1.012224E+0
6.291667E+1,1.011980E+0
6.295139E+1,1.012038E+0
6.298611E+1,1.012970E+0
6.302083E+1,1.013902E+0
6.305556E+1,1.014834E+0
6.309028E+1,1.015767E+0
6.312500E+1,1.016699E+0
6.315972E+1,1.017631E+0
6.319444E+1,1.018564E+0
6.322917E+1,1.019496E+0
6.326389E+1,1.020428E+0
6.329861E+1,1.021360E+0
6.333333E+1,1.022293E+0
6.336806E+1,1.023225E+0
6.340278E+1,1.024157E+0
6.343750E+1,1.025089E+0
6.347222E+1,1.026022E+0
6.350694E+1,1.026954E+0
6.354167E+1,1.027886E+0
6.357639E+1,1.028818E+0
6.361111E+1,1.029751E+0
6.364583E+1,1.030683E+0
6.368056E+1,1.031615E+0
6.371528E+1,1.032548E+0
6.375000E+1,1.033480E+0
6.378472E+1,1.034412E+0
6.381944E+1,1.035344E+0
6.385417E+1,1.036277E+0
6.388889E+1,1.037209E+0
6.392361E+1,1.038141E+0
6.395833E+1,1.039073E+0
6.399306E+1,1.040006E+0
6.402778E+1,1.040938E+0
6.406250E+1,1.041870E+0
6.409722E+1,1.042803E+0
6.413194E+1,1.043735E+0
6.416667E+1,1.044667E+0
6.420139E+1,1.045599E+0
6.423611E+1,1.046532E+0
6.427083E+1,1.047464E+0
6.430556E+1,1.048396E+0
6.434028E+1,1.049328E+0
6.437500E+1,1.050261E+0
6.440972E+1,1.051193E+0
6.444444E+1,1.052125E+0
6.447917E+1,1.053057E+0
6.451389E+1,1.053990E+0
6.454861E+1,1.054922E+0
6.458333E+1,1.055854E+0
6.461806E+1,1.056787E+0
6.465278E+1,1.057719E+0
6.468750E+1,1.058651E+0
6.472222E+1,1.059583E+0
6.475694E+1,1.060516E+0
6.479167E+1,1.061448E+0
6.482639E+1,1.062380E+0
6.486111E+1,1.063312E+0
6.489583E+1,1.064245E+0
6.493056E+1,1.065177E+0
6.496528E+1,1.066109E+0
6.500000E+1,1.067042E+0
6.503472E+1,1.067974E+0
6.506944E+1,1.068906E+0
6.510417E+1,1.069838E+0
6.513889E+1,1.070771E+0
6.517361E+1,1.071703E+0
6.520833E+1,1.072635E+0
6.524306E+1,1.073567E+0
6.527778E+1,1.074500E+0
6.531250E+1,1.075432E+0
6.534722E+1,1.076364E+0
6.538194E+1,1.077296E+0
6.541667E+1,1.078229E+0
6.545139E+1,1.079161E+0
6.548611E+1,1.080093E+0
6.552083E+1,1.081026E+0
6.555556E+1,1.081958E+0
6.559028E+1,1.082890E+0
6.562500E+1,1.083822E+0
6.565972E+1,1.084755E+0
6.569444E+1,1.085687E+0
6.572917E+1,1.086619E+0
6.576389E+1,1.087551E+0
6.579861E+1,1.088484E+0
6.583333E+1,1.089416E+0
6.586806E+1,1.090348E+0
6.590278E+1,1.091280E+0
6.593750E+1,1.092213E+0
6.597222E+1,1.093145E+0
6.600694E+1,1.094077E+0
6.604167E+1,1.095010E+0
6.607639E+1,1.095942E+0
6.611111E+1,1.096874E+0
6.614583E+1,1.097806E+0
6.618056E+1,1.098739E+0
6.621528E+1,1.099671E+0
6.625000E+1,1.100603E+0
6.628472E+1,1.101535E+0
6.631944E+1,1.102468E+0
6.635417E+1,1.103400E+0
6.638889E+1,1.104332E+0
6.642361E+1,1.105265E+0
6.645833E+1,1.106197E+0
6.649306E+1,1.107129E+0
6.652778E+1,1.108061E+0
6.656250E+1,1.108994E+0
6.659722E+1,1.109926E+0
6.663194E+1,1.110858E+0
6.666667E+1,1.111790E+0
6.670139E+1,1.112723E+0
6.673611E+1,1.113655E+0
6.677083E+1,1.114587E+0
6.680556E+1,1.115519E+0
6.684028E+1,1.116452E+0
6.687500E+1,1.117384E+0
6.690972E+1,1.118316E+0
6.694444E+1,1.119249E+0
6.697917E+1,1.120181E+0
6.701389E+1,1.121113E+0
6.704861E+1,1.122045E+0
6.708333E+1,1.122978E+0
6.711806E+1,1.123910E+0
6.715278E+1,1.124842E+0
6.718750E+1,1.126047E+0
6.722222E+1,1.127607E+0
6.725694E+1,1.129166E+0
6.729167E+1,1.130725E+0
6.732639E+1,1.132285E+0
6.736111E+1,1.133844E+0
6.739583E+1,1.135404E+0
6.743056E+1,1.136963E+0
6.746528E+1,1.138523E+0
6.750000E+1,1.140082E+0
6.753472E+1,1.141641E+0
6.756944E+1,1.143201E+0
6.760417E+1,1.144760E+0
6.763889E+1,1.146320E+0
6.767361E+1,1.147879E+0
6.770833E+1,1.149438E+0
6.774306E+1,1.150998E+0
6.777778E+1,1.152557E+0
6.781250E+1,1.154117E+0
6.784722E+1,1.155676E+0
6.788194E+1,1.157236E+0
6.791667E+1,1.158795E+0
6.795139E+1,1.160354E+0
6.798611E+1,1.161914E+0
6.802083E+1,1.163473E+0
6.805556E+1,1.165033E+0
6.809028E+1,1.166592E+0
6.812500E+1,1.168152E+0
6.815972E+1,1.169711E+0
6.819444E+1,1.171270E+0
6.822917E+1,1.172830E+0
6.826389E+1,1.174389E+0
6.829861E+1,1.175949E+0
6.833333E+1,1.177508E+0
6.836806E+1,1.179068E+0
6.840278E+1,1.180627E+0
6.843750E+1,1.182186E+0
6.847222E+1,1.183746E+0
6.850694E+1,1.185305E+0
6.854167E+1,1.186865E+0
6.857639E+1,1.188424E+0
6.861111E+1,1.189983E+0
6.864583E+1,1.191543E+0
6.868056E+1,1.193102E+0
6.871528E+1,1.194662E+0
6.875000E+1,1.196221E+0
6.878472E+1,1.197781E+0
6.881944E+1,1.199340E+0
6.885417E+1,1.200899E+0
6.888889E+1,1.202459E+0
6.892361E+1,1.204018E+0
6.895833E+1,1.205578E+0
6.899306E+1,1.207137E+0
6.902778E+1,1.208697E+0
6.906250E+1,1.210256E+0
6.909722E+1,1.211815E+0
6.913194E+1,1.213375E+0
6.916667E+1,1.214934E+0
6.920139E+1,1.216494E+0
6.923611E+1,1.218053E+0
6.927083E+1,1.219612E+0
6.930556E+1,1.221172E+0
6.934028E+1,1.222731E+0
6.937500E+1,1.224291E+0
6.940972E+1,1.225850E+0
6.944444E+1,1.227410E+0
6.947917E+1,1.228969E+0
6.951389E+1,1.230528E+0
6.954861E+1,1.232088E+0
6.958333E+1,1.233647E+0
6.961806E+1,1.235207E+0
6.965278E+1,1.236766E+0
6.968750E+1,1.238326E+0
6.972222E+1,1.239885E+0
6.975694E+1,1.241444E+0
6.979167E+1,1.243004E+0
6.982639E+1,1.244563E+0
6.986111E+1,1.246123E+0
6.989583E+1,1.247682E+0
6.993056E+1,1.249242E+0
6.996528E+1,1.250801E+0
7.000000E+1,1.252360E+0
7.003472E+1,1.253920E+0
7.006944E+1,1.255479E+0
7.010417E+1,1.257039E+0
7.013889E+1,1.258598E+0
7.017361E+1,1.260157E+0
7.020833E+1,1.261717E+0
7.024306E+1,1.263276E+0
7.027778E+1,1.264836E+0
7.031250E+1,1.266395E+0
7.034722E+1,1.267955E+0
7.038194E+1,1.269514E+0
7.041667E+1,1.271073E+0
7.045139E+1,1.272633E+0
7.048611E+1,1.274192E+0
7.052083E+1,1.275752E+0
7.055556E+1,1.277311E+0
7.059028E+1,1.278871E+0
7.062500E+1,1.280430E+0
7.065972E+1,1.281989E+0
7.069444E+1,1.283549E+0
7.072917E+1,1.285108E+0
7.076389E+1,1.286668E+0
7.079861E+1,1.288227E+0
7.083333E+1,1.289787E+0
7.086806E+1,1.291346E+0
7.090278E+1,1.292905E+0
7.093750E+1,1.294465E+0
7.097222E+1,1.296024E+0
7.100694E+1,1.297584E+0
7.104167E+1,1.299143E+0
7.107639E+1,1.300702E+0
7.111111E+1,1.302262E+0
7.114583E+1,1.303821E+0
7.118056E+1,1.305381E+0
7.121528E+1,1.306940E+0
7.125000E+1,1.308500E+0
7.128472E+1,1.310059E+0
7.131944E+1,1.311618E+0
7.135417E+1,1.313178E+0
7.138889E+1,1.314737E+0
7.142361E+1,1.316297E+0
7.145833E+1,1.317856E+0
7.149306E+1,1.319416E+0
7.152778E+1,1.320975E+0
7.156250E+1,1.322534E+0
7.159722E+1,1.324094E+0
7.163194E+1,1.325653E+0
7.166667E+1,1.327213E+0
7.170139E+1,1.328772E+0
7.173611E+1,1.330332E+0
7.177083E+1,1.331856E+0
7.180556E+1,1.331770E+0
7.184028E+1,1.331683E+0
7.187500E+1,1.331596E+0
7.190972E+1,1.331510E+0
7.194444E+1,1.331423E+0
7.197917E+1,1.331336E+0
7.201389E+1,1.331250E+0
7.204861E+1,1.331163E+0
7.208333E+1,1.331076E+0
7.211806E+1,1.330990E+0
7.215278E+1,1.330903E+0
7.218750E+1,1.330817E+0
7.222222E+1,1.330730E+0
7.225694E+1,1.330643E+0
7.229167E+1,1.330557E+0
7.232639E+1,1.330470E+0
7.236111E+1,1.330383E+0
7.239583E+1,1.330297E+0
7.243056E+1,1.330210E+0
7.246528E+1,1.330124E+0
7.250000E+1,1.330037E+0
7.253472E+1,1.329950E+0
7.256944E+1,1.329864E+0
7.260417E+1,1.329777E+0
7.263889E+1,1.329690E+0
7.267361E+1,1.329604E+0
7.270833E+1,1.329517E+0
7.274306E+1,1.329430E+0
7.277778E+1,1.329344E+0
7.281250E+1,1.329257E+0
7.284722E+1,1.329171E+0
7.288194E+1,1.329084E+0
7.291667E+1,1.328997E+0
7.295139E+1,1.328911E+0
7.298611E+1,1.328824E+0
7.302083E+1,1.328737E+0
7.305556E+1,1.328651E+0
7.309028E+1,1.328564E+0
7.312500E+1,1.328478E+0
7.315972E+1,1.328391E+0
7.319444E+1,1.328304E+0
7.322917E+1,1.328218E+0
7.326389E+1,1.328131E+0
7.329861E+1,1.328044E+0
7.333333E+1,1.327958E+0
7.336806E+1,1.327871E+0
7.340278E+1,1.327784E+0
7.343750E+1,1.327698E+0
7.347222E+1,1.327611E+0
7.350694E+1,1.327525E+0
7.354167E+1,1.327438E+0
7.357639E+1,1.327351E+0
7.361111E+1,1.327265E+0
7.364583E+1,1.327178E+0
7.368056E+1,1.327091E+0
7.371528E+1,1.327005E+0
7.375000E+1,1.326918E+0
7.378472E+1,1.326832E+0
7.381944E+1,1.326745E+0
7.385417E+1,1.326658E+0
7.388889E+1,1.326572E+0
7.392361E+1,1.326485E+0
7.395833E+1,1.326398E+0
7.399306E+1,1.326312E+0
7.402778E+1,1.326225E+0
7.406250E+1,1.326138E+0
7.409722E+1,1.326052E+0
7.413194E+1,1.325965E+0
7.416667E+1,1.325879E+0
7.420139E+1,1.325792E+0
7.423611E+1,1.325705E+0
7.427083E+1,1.325619E+0
7.430556E+1,1.325532E+0
7.434028E+1,1.325445E+0
7.437500E+1,1.325359E+0
7.440972E+1,1.325272E+0
7.444444E+1,1.325186E+0
7.447917E+1,1.325099E+0
7.451389E+1,1.325012E+0
7.454861E+1,1.324926E+0
7.458333E+1,1.324839E+0
7.461806E+1,1.324752E+0
7.465278E+1,1.324666E+0
7.468750E+1,1.324579E+0
7.472222E+1,1.324492E+0
7.475694E+1,1.324406E+0
7.479167E+1,1.324319E+0
7.482639E+1,1.324233E+0
7.486111E+1,1.324146E+0
7.489583E+1,1.324059E+0
7.493056E+1,1.323973E+0
7.496528E+1,1.323886E+0
7.500000E+1,1.323799E+0
7.503472E+1,1.323713E+0
7.506944E+1,1.323626E+0
7.510417E+1,1.323540E+0
7.513889E+1,1.323453E+0
7.517361E+1,1.323366E+0
7.520833E+1,1.323280E+0
7.524306E+1,1.323193E+0
7.527778E+1,1.323106E+0
7.531250E+1,1.323020E+0
7.534722E+1,1.322933E+0
7.538194E+1,1.322847E+0
7.541667E+1,1.322760E+0
7.545139E+1,1.322673E+0
7.548611E+1,1.322587E+0
7.552083E+1,1.322500E+0
7.555556E+1,1.322413E+0
7.559028E+1,1.322327E+0
7.562500E+1,1.322240E+0
7.565972E+1,1.322153E+0
7.569444E+1,1.322067E+0
7.572917E+1,1.321980E+0
7.576389E+1,1.321894E+0
7.579861E+1,1.321807E+0
7.583333E+1,1.321720E+0
7.586806E+1,1.321634E+0
7.590278E+1,1.321547E+0
7.593750E+1,1.320430E+0
7.597222E+1,1.319130E+0
7.600694E+1,1.317831E+0
7.604167E+1,1.316531E+0
7.607639E+1,1.315232E+0
7.611111E+1,1.313932E+0
7.614583E+1,1.312633E+0
7.618056E+1,1.311333E+0
7.621528E+1,1.310034E+0
7.625000E+1,1.308734E+0
7.628472E+1,1.307435E+0
7.631944E+1,1.306135E+0
7.635417E+1,1.304836E+0
7.638889E+1,1.303536E+0
7.642361E+1,1.302237E+0
7.645833E+1,1.300937E+0
7.649306E+1,1.299638E+0
7.652778E+1,1.298338E+0
7.656250E+1,1.297039E+0
7.659722E+1,1.295739E+0
7.663194E+1,1.294439E+0
7.666667E+1,1.293140E+0
7.670139E+1,1.291840E+0
7.673611E+1,1.290541E+0
7.677083E+1,1.289241E+0
7.680556E+1,1.287942E+0
7.684028E+1,1.286642E+0
7.687500E+1,1.285343E+0
7.690972E+1,1.284043E+0
7.694444E+1,1.282744E+0
7.697917E+1,1.281444E+0
7.701389E+1,1.280145E+0
7.704861E+1,1.278845E+0
7.708333E+1,1.277546E+0
7.711806E+1,1.276246E+0
7.715278E+1,1.274947E+0
7.718750E+1,1.273647E+0
7.722222E+1,1.272348E+0
7.725694E+1,1.271048E+0
7.729167E+1,1.269749E+0
7.732639E+1,1.268449E+0
7.736111E+1,1.267149E+0
7.739583E+1,1.265850E+0
7.743056E+1,1.264550E+0
7.746528E+1,1.263251E+0
7.750000E+1,1.261951E+0
7.753472E+1,1.260652E+0
7.756944E+1,1.259352E+0
7.760417E+1,1.258053E+0
7.763889E+1,1.256753E+0
7.767361E+1,1.255454E+0
7.770833E+1,1.254154E+0
7.774306E+1,1.252855E+0
7.777778E+1,1.251555E+0
7.781250E+1,1.250256E+0
7.784722E+1,1.248956E+0
7.788194E+1,1.247657E+0
7.791667E+1,1.246357E+0
7.795139E+1,1.245058E+0
7.798611E+1,1.243758E+0
7.802083E+1,1.242459E+0
7.805556E+1,1.241159E+0
7.809028E+1,1.239860E+0
7.812500E+1,1.238560E+0
7.815972E+1,1.237260E+0
7.819444E+1,1.235961E+0
7.822917E+1,1.234661E+0
7.826389E+1,1.233362E+0
7.829861E+1,1.232062E+0
7.833333E+1,1.230763E+0
7.836806E+1,1.229463E+0
7.840278E+1,1.228164E+0
7.843750E+1,1.226864E+0
7.847222E+1,1.225565E+0
7.850694E+1,1.224265E+0
7.854167E+1,1.222966E+0
7.857639E+1,1.221666E+0
7.861111E+1,1.220367E+0
7.864583E+1,1.219067E+0
7.868056E+1,1.217768E+0
7.871528E+1,1.216468E+0
7.875000E+1,1.215169E+0
7.878472E+1,1.213869E+0
7.881944E+1,1.212570E+0
7.885417E+1,1.211270E+0
7.888889E+1,1.209970E+0
7.892361E+1,1.208671E+0
7.895833E+1,1.207371E+0
7.899306E+1,1.206072E+0
7.902778E+1,1.204772E+0
7.906250E+1,1.203473E+0
7.909722E+1,1.202173E+0
7.913194E+1,1.200874E+0
7.916667E+1,1.199574E+0
7.920139E+1,1.198275E+0
7.923611E+1,1.196975E+0
7.927083E+1,1.195676E+0
7.930556E+1,1.194376E+0
7.934028E+1,1.193077E+0
7.937500E+1,1.191777E+0
7.940972E+1,1.190478E+0
7.944444E+1,1.189178E+0
7.947917E+1,1.187879E+0
7.951389E+1,1.186579E+0
7.954861E+1,1.185280E+0
7.958333E+1,1.183980E+0
7.961806E+1,1.182681E+0
7.965278E+1,1.181381E+0
7.968750E+1,1.180081E+0
7.972222E+1,1.178782E+0
7.975694E+1,1.177482E+0
7.979167E+1,1.176183E+0
7.982639E+1,1.174883E+0
7.986111E+1,1.173584E+0
7.989583E+1,1.172284E+0
7.993056E+1,1.170985E+0
7.996528E+1,1.169685E+0
8.000000E+1,1.168386E+0
8.003472E+1,1.167086E+0
8.006944E+1,1.165787E+0
8.010417E+1,1.164487E+0
8.013889E+1,1.163188E+0
8.017361E+1,1.161888E+0
8.020833E+1,1.160589E+0
8.024306E+1,1.159289E+0
8.027778E+1,1.157990E+0
8.031250E+1,1.156690E+0
8.034722E+1,1.154886E+0
8.038194E+1,1.152897E+0
8.041667E+1,1.150908E+0
8.045139E+1,1.148919E+0
8.048611E+1,1.146930E+0
8.052083E+1,1.144941E+0
8.055556E+1,1.142951E+0
8.059028E+1,1.140962E+0
8.062500E+1,1.138973E+0
8.065972E+1,1.136984E+0
8.069444E+1,1.134995E+0
8.072917E+1,1.133006E+0
8.076389E+1,1.131017E+0
8.079861E+1,1.129028E+0
8.083333E+1,1.127039E+0
8.086806E+1,1.125050E+0
8.090278E+1,1.123061E+0
8.093750E+1,1.121072E+0
8.097222E+1,1.119083E+0
8.100694E+1,1.117094E+0
8.104167E+1,1.115105E+0
8.107639E+1,1.113116E+0
8.111111E+1,1.111127E+0
8.114583E+1,1.109138E+0
8.118056E+1,1.107149E+0
8.121528E+1,1.105160E+0
8.125000E+1,1.103171E+0
8.128472E+1,1.101182E+0
8.131944E+1,1.099193E+0
8.135417E+1,1.097204E+0
8.138889E+1,1.095214E+0
8.142361E+1,1.093225E+0
8.145833E+1,1.091236E+0
8.149306E+1,1.089247E+0
8.152778E+1,1.087258E+0
8.156250E+1,1.085269E+0
8.159722E+1,1.083280E+0
8.163194E+1,1.081291E+0
8.166667E+1,1.079302E+0
8.170139E+1,1.077313E+0
8.173611E+1,1.075324E+0
8.177083E+1,1.073335E+0
8.180556E+1,1.071346E+0
8.184028E+1,1.069357E+0
8.187500E+1,1.067368E+0
8.190972E+1,1.065379E+0
8.194444E+1,1.063390E+0
8.197917E+1,1.061401E+0
8.201389E+1,1.059412E+0
8.204861E+1,1.057423E+0
8.208333E+1,1.055434E+0
8.211806E+1,1.053445E+0
8.215278E+1,1.051456E+0
8.218750E+1,1.049467E+0
8.222222E+1,1.047478E+0
8.225694E+1,1.045489E+0
8.229167E+1,1.043499E+0
8.232639E+1,1.041510E+0
8.236111E+1,1.039521E+0
8.239583E+1,1.037532E+0
8.243056E+1,1.035543E+0
8.246528E+1,1.033554E+0
8.250000E+1,1.031565E+0
8.253472E+1,1.029576E+0
8.256944E+1,1.027587E+0
8.260417E+1,1.025598E+0
8.263889E+1,1.023609E+0
8.267361E+1,1.021620E+0
8.270833E+1,1.019631E+0
8.274306E+1,1.017642E+0
8.277778E+1,1.015653E+0
8.281250E+1,1.013664E+0
8.284722E+1,1.011675E+0
8.288194E+1,1.009686E+0
8.291667E+1,1.007697E+0
8.295139E+1,1.005708E+0
8.298611E+1,1.003719E+0
8.302083E+1,1.001730E+0
8.305556E+1,9.997405E-1
8.309028E+1,9.977515E-1
8.312500E+1,9.957625E-1
8.315972E+1,9.937734E-1
8.319444E+1,9.917844E-1
8.322917E+1,9.897953E-1
8.326389E+1,9.878063E-1
8.329861E+1,9.858173E-1
8.333333E+1,9.838282E-1
8.336806E+1,9.818392E-1
8.340278E+1,9.798501E-1
8.343750E+1,9.778611E-1
8.347222E+1,9.758721E-1
8.350694E+1,9.738830E-1
8.354167E+1,9.718940E-1
8.357639E+1,9.699049E-1
8.361111E+1,9.679159E-1
8.364583E+1,9.659269E-1
8.368056E+1,9.639378E-1
8.371528E+1,9.619488E-1
8.375000E+1,9.599597E-1
8.378472E+1,9.579707E-1
8.381944E+1,9.559817E-1
8.385417E+1,9.539926E-1
8.388889E+1,9.520036E-1
8.392361E+1,9.500145E-1
8.395833E+1,9.480255E-1
8.399306E+1,9.460364E-1
8.402778E+1,9.440474E-1
8.406250E+1,9.420584E-1
8.409722E+1,9.400693E-1
8.413194E+1,9.380803E-1
8.416667E+1,9.360912E-1
8.420139E+1,9.341022E-1
8.423611E+1,9.321132E-1
8.427083E+1,9.301241E-1
8.430556E+1,9.281351E-1
8.434028E+1,9.261460E-1
8.437500E+1,9.241570E-1
8.440972E+1,9.221680E-1
8.444444E+1,9.201789E-1
8.447917E+1,9.181899E-1
8.451389E+1,9.162008E-1
8.454861E+1,9.142118E-1
8.458333E+1,9.122228E-1
8.461806E+1,9.102337E-1
8.465278E+1,9.082447E-1
8.468750E+1,9.062556E-1
8.472222E+1,9.042666E-1
8.475694E+1,9.022776E-1
8.479167E+1,9.002885E-1
8.482639E+1,8.982995E-1
8.486111E+1,8.987432E-1
8.489583E+1,8.992748E-1
8.493056E+1,8.998064E-1
8.496528E+1,9.003380E-1
8.500000E+1,9.008697E-1
8.503472E+1,9.014013E-1
8.506944E+1,9.019329E-1
8.510417E+1,9.024645E-1
8.513889E+1,9.029961E-1
8.517361E+1,9.035278E-1
8.520833E+1,9.040594E-1
8.524306E+1,9.045910E-1
8.527778E+1,9.051226E-1
8.531250E+1,9.056542E-1
8.534722E+1,9.061859E-1
8.538194E+1,9.067175E-1
8.541667E+1,9.072491E-1
8.545139E+1,9.077807E-1
8.548611E+1,9.083123E-1
8.552083E+1,9.088439E-1
8.555556E+1,9.093756E-1
8.559028E+1,9.099072E-1
8.562500E+1,9.104388E-1
8.565972E+1,9.109704E-1
8.569444E+1,9.115020E-1
8.572917E+1,9.120337E-1
8.576389E+1,9.125653E-1
8.579861E+1,9.130969E-1
8.583333E+1,9.136285E-1
8.586806E+1,9.141602E-1
8.590278E+1,9.146918E-1
8.593750E+1,9.152234E-1
8.597222E+1,9.157550E-1
8.600694E+1,9.162866E-1
8.604167E+1,9.168183E-1
8.607639E+1,9.173499E-1
8.611111E+1,9.178815E-1
8.614583E+1,9.184131E-1
8.618056E+1,9.189447E-1
8.621528E+1,9.194764E-1
8.625000E+1,9.200080E-1
8.628472E+1,9.205396E-1
8.631944E+1,9.210712E-1
8.635417E+1,9.216028E-1
8.638889E+1,9.221345E-1
8.642361E+1,9.226661E-1
8.645833E+1,9.231977E-1
8.649306E+1,9.237293E-1
8.652778E+1,9.242609E-1
8.656250E+1,9.247926E-1
8.659722E+1,9.253242E-1
8.663194E+1,9.258558E-1
8.666667E+1,9.263874E-1
8.670139E+1,9.269190E-1
8.673611E+1,9.274506E-1
8.677083E+1,9.279823E-1
8.680556E+1,9.285139E-1
8.684028E+1,9.290455E-1
8.687500E+1,9.295771E-1
8.690972E+1,9.301087E-1
8.694444E+1,9.306404E-1
8.697917E+1,9.311720E-1
8.701389E+1,9.317036E-1
8.704861E+1,9.322352E-1
8.708333E+1,9.327668E-1
8.711806E+1,9.332985E-1
8.715278E+1,9.338301E-1
8.718750E+1,9.343617E-1
8.722222E+1,9.348933E-1
8.725694E+1,9.354249E-1
8.729167E+1,9.359566E-1
8.732639E+1,9.364882E-1
8.736111E+1,9.370198E-1
8.739583E+1,9.375514E-1
8.743056E+1,9.380831E-1
8.746528E+1,9.386147E-1
8.750000E+1,9.391463E-1
8.753472E+1,9.396779E-1
8.756944E+1,9.402095E-1
8.760417E+1,9.407412E-1
8.763889E+1,9.412728E-1
8.767361E+1,9.418044E-1
8.770833E+1,9.423360E-1
8.774306E+1,9.428676E-1
8.777778E+1,9.433993E-1
8.781250E+1,9.439309E-1
8.784722E+1,9.444625E-1
8.788194E+1,9.449941E-1
8.791667E+1,9.455257E-1
8.795139E+1,9.460573E-1
8.798611E+1,9.465890E-1
8.802083E+1,9.471206E-1
8.805556E+1,9.476522E-1
8.809028E+1,9.481838E-1
8.812500E+1,9.487154E-1
8.815972E+1,9.492471E-1
8.819444E+1,9.497787E-1
8.822917E+1,9.503103E-1
8.826389E+1,9.508419E-1
8.829861E+1,9.513735E-1
8.833333E+1,9.519052E-1
8.836806E+1,9.524368E-1
8.840278E+1,9.529684E-1
8.843750E+1,9.535000E-1
8.847222E+1,9.540316E-1
8.850694E+1,9.545633E-1
8.854167E+1,9.550949E-1
8.857639E+1,9.556265E-1
8.861111E+1,9.561581E-1
8.864583E+1,9.566897E-1
8.868056E+1,9.572214E-1
8.871528E+1,9.577530E-1
8.875000E+1,9.582846E-1
8.878472E+1,9.588162E-1
8.881944E+1,9.593478E-1
8.885417E+1,9.598795E-1
8.888889E+1,9.601770E-1
8.892361E+1,9.601770E-1
8.895833E+1,9.601770E-1
8.899306E+1,9.601770E-1
8.902778E+1,9.601770E-1
8.906250E+1,9.601770E-1
8.909722E+1,9.601770E-1
8.913194E+1,9.601770E-1
8.916667E+1,9.601770E-1
8.920139E+1,9.601770E-1
8.923611E+1,9.601770E-1
8.927083E+1,9.601770E-1
8.930556E+1,9.601770E-1
8.934028E+1,9.601770E-1
8.937500E+1,9.601770E-1
8.940972E+1,9.601770E-1
8.944444E+1,9.601770E-1
8.947917E+1,9.601770E-1
8.951389E+1,9.601770E-1
8.954861E+1,9.601770E-1
8.958333E+1,9.601770E-1
8.961806E+1,9.601770E-1
8.965278E+1,9.601770E-1
8.968750E+1,9.601770E-1
8.972222E+1,9.601770E-1
8.975694E+1,9.601770E-1
8.979167E+1,9.601770E-1
8.982639E+1,9.601770E-1
8.986111E+1,9.601770E-1
8.989583E+1,9.601770E-1
8.993056E+1,9.601770E-1
8.996528E+1,9.601770E-1
9.000000E+1,9.601770E-1
9.003472E+1,9.601770E-1
9.006944E+1,9.601770E-1
9.010417E+1,9.601770E-1
9.013889E+1,9.601770E-1
9.017361E+1,9.601770E-1
9.020833E+1,9.601770E-1
9.024306E+1,9.601770E-1
9.027778E+1,9.601770E-1
9.031250E+1,9.601770E-1
9.034722E+1,9.601770E-1
9.038194E+1,9.601770E-1
9.041667E+1,9.601770E-1
9.045139E+1,9.601770E-1
9.048611E+1,9.601770E-1
9.052083E+1,9.601770E-1
9.055556E+1,9.601770E-1
9.059028E+1,9.601770E-1
9.062500E+1,9.601770E-1
9.065972E+1,9.601770E-1
9.069444E+1,9.601770E-1
9.072917E+1,9.601770E-1
9.076389E+1,9.601770E-1
9.079861E+1,9.601770E-1
9.083333E+1,9.601770E-1
9.086806E+1,9.601770E-1
9.090278E+1,9.601770E-1
9.093750E+1,9.601770E-1
9.097222E+1,9.601770E-1
9.100694E+1,9.601770E-1
9.104167E+1,9.601770E-1
9.107639E+1,9.601770E-1
9.111111E+1,9.601770E-1
9.114583E+1,9.601770E-1
9.118056E+1,9.601770E-1
9.121528E+1,9.601770E-1
9.125000E+1,9.601770E-1
9.128472E+1,9.601770E-1
9.131944E+1,9.601770E-1
9.135417E+1,9.601770E-1
9.138889E+1,9.601770E-1
9.142361E+1,9.601770E-1
9.145833E+1,9.601770E-1
9.149306E+1,9.601770E-1
9.152778E+1,9.601770E-1
9.156250E+1,9.601770E-1
9.159722E+1,9.601770E-1
9.163194E+1,9.601770E-1
9.166667E+1,9.601770E-1
9.170139E+1,9.601770E-1
9.173611E+1,9.601770E-1
9.177083E+1,9.601770E-1
9.180556E+1,9.601770E-1
9.184028E+1,9.601770E-1
9.187500E+1,9.601770E-1
9.190972E+1,9.601770E-1
9.194444E+1,9.601770E-1
9.197917E+1,9.601770E-1
9.201389E+1,9.601770E-1
9.204861E+1,9.601770E-1
9.208333E+1,9.601770E-1
9.211806E+1,9.601770E-1
9.215278E+1,9.601770E-1
9.218750E+1,9.601770E-1
9.222222E+1,9.601770E-1
9.225694E+1,9.601770E-1
9.229167E+1,9.601770E-1
9.232639E+1,9.601770E-1
9.236111E+1,9.601770E-1
9.239583E+1,9.601770E-1
9.243056E+1,9.601770E-1
9.246528E+1,9.601770E-1
9.250000E+1,9.601770E-1
9.253472E+1,9.601770E-1
9.256944E+1,9.601770E-1
9.260417E+1,9.601770E-1
9.263889E+1,9.601770E-1
9.267361E+1,9.601770E-1
9.270833E+1,9.601770E-1
9.274306E+1,9.601770E-1
9.277778E+1,9.601770E-1
9.281250E+1,9.601770E-1
9.284722E+1,9.601770E-1
9.288194E+1,9.601770E-1
9.291667E+1,9.601770E-1
9.295139E+1,9.601770E-1
9.298611E+1,9.601770E-1
9.302083E+1,9.601770E-1
9.305556E+1,9.601770E-1
9.309028E+1,9.601770E-1
9.312500E+1,9.601770E-1
9.315972E+1,9.601770E-1
9.319444E+1,9.601770E-1
9.322917E+1,9.601770E-1
9.326389E+1,9.601770E-1
9.329861E+1,9.601770E-1
9.333333E+1,9.601770E-1
9.336806E+1,9.601770E-1
9.340278E+1,9.586539E-1
9.343750E+1,9.564014E-1
9.347222E+1,9.541489E-1
9.350694E+1,9.518964E-1
9.354167E+1,9.496438E-1
9.357639E+1,9.473913E-1
9.361111E+1,9.451388E-1
9.364583E+1,9.428863E-1
9.368056E+1,9.406337E-1
9.371528E+1,9.383812E-1
9.375000E+1,9.361287E-1
9.378472E+1,9.338762E-1
9.381944E+1,9.316237E-1
9.385417E+1,9.293711E-1
9.388889E+1,9.271186E-1
9.392361E+1,9.248661E-1
9.395833E+1,9.226136E-1
9.399306E+1,9.203610E-1
9.402778E+1,9.181085E-1
9.406250E+1,9.158560E-1
9.409722E+1,9.136035E-1
9.413194E+1,9.113510E-1
9.416667E+1,9.090984E-1
9.420139E+1,9.068459E-1
9.423611E+1,9.045934E-1
9.427083E+1,9.023409E-1
9.430556E+1,9.000883E-1
9.434028E+1,8.978358E-1
9.437500E+1,8.955833E-1
9.440972E+1,8.933308E-1
9.444444E+1,8.910783E-1
9.447917E+1,8.888257E-1
9.451389E+1,8.865732E-1
9.454861E+1,8.843207E-1
9.458333E+1,8.820682E-1
9.461806E+1,8.798156E-1
9.465278E+1,8.775631E-1
9.468750E+1,8.753106E-1
9.472222E+1,8.730581E-1
9.475694E+1,8.708056E-1
9.479167E+1,8.685530E-1
9.482639E+1,8.663005E-1
9.486111E+1,8.640480E-1
9.489583E+1,8.617955E-1
9.493056E+1,8.595429E-1
9.496528E+1,8.572904E-1
9.500000E+1,8.550379E-1
9.503472E+1,8.527854E-1
9.506944E+1,8.505329E-1
9.510417E+1,8.482803E-1
9.513889E+1,8.460278E-1
9.517361E+1,8.437753E-1
9.520833E+1,8.415228E-1
9.524306E+1,8.392702E-1
9.527778E+1,8.370177E-1
9.531250E+1,8.347652E-1
9.534722E+1,8.325127E-1
9.538194E+1,8.302601E-1
9.541667E+1,8.280076E-1
9.545139E+1,8.257551E-1
9.548611E+1,8.235026E-1
9.552083E+1,8.212500E-1
9.555556E+1,8.189975E-1
9.559028E+1,8.167450E-1
9.562500E+1,8.144925E-1
9.565972E+1,8.122399E-1
9.569444E+1,8.099874E-1
9.572917E+1,8.077349E-1
9.576389E+1,8.054824E-1
9.579861E+1,8.032298E-1
9.583333E+1,8.009773E-1
9.586806E+1,7.987248E-1
9.590278E+1,7.964723E-1
9.593750E+1,7.942197E-1
9.597222E+1,7.919672E-1
9.600694E+1,7.897147E-1
9.604167E+1,7.874622E-1
9.607639E+1,7.852096E-1
9.611111E+1,7.829571E-1
9.614583E+1,7.807046E-1
9.618056E+1,7.784521E-1
9.621528E+1,7.761995E-1
9.625000E+1,7.739470E-1
9.628472E+1,7.716945E-1
9.631944E+1,7.694420E-1
9.635417E+1,7.671895E-1
9.638889E+1,7.649369E-1
9.642361E+1,7.626844E-1
9.645833E+1,7.604319E-1
9.649306E+1,7.581794E-1
9.652778E+1,7.559268E-1
9.656250E+1,7.536743E-1
9.659722E+1,7.514218E-1
9.663194E+1,7.491693E-1
9.666667E+1,7.469167E-1
9.670139E+1,7.446642E-1
9.673611E+1,7.424117E-1
9.677083E+1,7.401592E-1
9.680556E+1,7.379066E-1
9.684028E+1,7.356541E-1
9.687500E+1,7.334016E-1
9.690972E+1,7.311491E-1
9.694444E+1,7.288966E-1
9.697917E+1,7.266440E-1
9.701389E+1,7.243915E-1
9.704861E+1,7.221390E-1
9.708333E+1,7.198865E-1
9.711806E+1,7.176339E-1
9.715278E+1,7.153814E-1
9.718750E+1,7.131289E-1
9.722222E+1,7.108764E-1
9.725694E+1,7.086239E-1
9.729167E+1,7.063713E-1
9.732639E+1,7.041188E-1
9.736111E+1,7.018663E-1
9.739583E+1,6.996138E-1
9.743056E+1,6.973612E-1
9.746528E+1,6.951087E-1
9.750000E+1,6.928562E-1
9.753472E+1,6.906037E-1
9.756944E+1,6.883512E-1
9.760417E+1,6.860986E-1
9.763889E+1,6.838461E-1
9.767361E+1,6.815936E-1
9.770833E+1,6.793411E-1
9.774306E+1,6.770885E-1
9.777778E+1,6.748360E-1
9.781250E+1,6.725835E-1
9.784722E+1,6.703310E-1
9.788194E+1,6.680785E-1
9.791667E+1,6.658259E-1
9.795139E+1,6.635734E-1
9.798611E+1,6.613209E-1
9.802083E+1,6.590684E-1
9.805556E+1,6.568158E-1
9.809028E+1,6.545633E-1
9.812500E+1,6.523108E-1
9.815972E+1,6.500583E-1
9.819444E+1,6.478058E-1
9.822917E+1,6.455532E-1
9.826389E+1,6.433007E-1
9.829861E+1,6.410482E-1
9.833333E+1,6.387957E-1
9.836806E+1,6.365431E-1
9.840278E+1,6.342906E-1
9.843750E+1,6.320381E-1
9.847222E+1,6.297856E-1
9.850694E+1,6.275331E-1
9.854167E+1,6.252805E-1
9.857639E+1,6.230280E-1
9.861111E+1,6.207755E-1
9.864583E+1,6.185230E-1
9.868056E+1,6.162704E-1
9.871528E+1,6.140179E-1
9.875000E+1,6.117654E-1
9.878472E+1,6.095129E-1
9.881944E+1,6.072604E-1
9.885417E+1,6.050078E-1
9.888889E+1,6.027553E-1
9.892361E+1,6.005028E-1
9.895833E+1,5.982503E-1
9.899306E+1,5.959977E-1
9.902778E+1,5.937452E-1
9.906250E+1,5.914927E-1
9.909722E+1,5.892402E-1
9.913194E+1,5.869877E-1
9.916667E+1,5.847351E-1
9.920139E+1,5.824826E-1
9.923611E+1,5.802301E-1
9.927083E+1,5.779776E-1
9.930556E+1,5.757250E-1
9.934028E+1,5.734725E-1
9.937500E+1,5.712200E-1
9.940972E+1,5.689675E-1
9.944444E+1,5.667149E-1
9.947917E+1,5.644624E-1
9.951389E+1,5.622099E-1
9.954861E+1,5.599574E-1
9.958333E+1,5.577048E-1
9.961806E+1,5.554523E-1
9.965278E+1,5.531998E-1
9.968750E+1,5.509473E-1
9.972222E+1,5.486947E-1
9.975694E+1,5.464422E-1
9.979167E+1,5.441897E-1
9.982639E+1,5.419372E-1
9.986111E+1,5.396846E-1
9.989583E+1,5.374321E-1
9.993056E+1,5.351796E-1
9.996528E+1,5.329271E-1
